   1.0000000000000002E-003   2.5755851987816802E-008   5.7028253498427370E-008   9.8366887526970428E-008   1.4685969970248884E-007   1.9907904114542568E-007   2.5176738858521013E-007   3.0239291005555421E-007   3.4935238620362578E-007   3.9187259228894756E-007
   1.0948889651276870E-003   3.6758259416297361E-008   8.1392282608060702E-008   1.4040457477676879E-007   2.0963844418875738E-007   2.8419525047808010E-007   3.5942001526813889E-007   4.3169667943626152E-007   4.9873670170389235E-007   5.5943705804068316E-007
   1.1987818459583783E-003   5.2436203543071954E-008   1.1611076052713116E-007   2.0031172228044737E-007   2.9910868059463244E-007   4.0550485594175384E-007   5.1285214404338200E-007   6.1598865910437612E-007   7.1164913265796336E-007   7.9826072194444637E-007
   1.3125330147352270E-003   7.4762362312269477E-008   1.6555263009206884E-007   2.8562933631845847E-007   4.2653600887751092E-007   5.7828536360171451E-007   7.3138862403092456E-007   8.7848145731281139E-007   1.0149074546489254E-006   1.1384248936754344E-006
   1.4370779141993756E-003   1.0653097520065132E-007   2.3590644253265191E-007   4.0703950935033398E-007   6.0787902794180352E-007   8.2417898866939287E-007   1.0424054570745276E-006   1.2520587110294101E-006   1.4465025320894419E-006   1.6225436366319559E-006
   1.5734407502856105E-003   1.5170112744035896E-007   3.3594069277302477E-007   5.7967805587138795E-007   8.6575065982356885E-007   1.1738527681268003E-006   1.4846948453188854E-006   1.7833172177851276E-006   2.0602682637129584E-006   2.3110019894722695E-006
   1.7227429147699432E-003   2.1586475978864806E-007   4.7804041131845259E-007   8.2492409247908954E-007   1.2320921420551936E-006   1.6706252747396448E-006   2.1130530037991159E-006   2.5380778693826645E-006   2.9322484560675925E-006   3.2890976013965652E-006
   1.8862122071335180E-003   3.0691766907035018E-007   6.7969337036550352E-007   1.1729658882260212E-006   1.7520069960008435E-006   2.3756666581947968E-006   3.0048582757130588E-006   3.6092873700712050E-006   4.1698258002844598E-006   4.6772805582285762E-006
   2.0651929314796274E-003   4.3598053017432910E-007   9.6553007274938057E-007   1.6663228245753694E-006   2.4890236889252520E-006   3.3751364720703980E-006   4.2691005863556680E-006   5.1278645280371768E-006   5.9242527340010893E-006   6.6452090086689553E-006
   2.2611569515367451E-003   6.1869785980275299E-007   1.3702008671314310E-006   2.3648126941081308E-006   3.5325180805828463E-006   4.7902509263043091E-006   6.0591166962127295E-006   7.2779979870157311E-006   8.4083250620426042E-006   9.4315732503049655E-006
   2.4757157946593421E-003   8.7701463447167206E-007   1.9423110469853882E-006   3.3523456479225317E-006   5.0078654300681177E-006   6.7910523537597779E-006   8.5900088137110431E-006   1.0318069602901989E-005   1.1920554834302074E-005   1.3371209739470576E-005
   2.7106339043648361E-003   1.2416495256279962E-006   2.7498989363116557E-006   4.7463822106543825E-006   7.0905733711392374E-006   9.6155782595996399E-006   1.2162893760801386E-005   1.4609782626268366E-005   1.6878822085174694E-005   1.8932847012266224E-005
   2.9678431503900389E-003   1.7555340929399376E-006   3.8880535514619174E-006   6.7110854408455173E-006   1.0025935146641653E-005   1.3596517761888553E-005   1.7198623740930769E-005   2.0658666982110104E-005   2.3867170157007950E-005   2.6771593825227135E-005
   3.2494587155918438E-003   2.4784003881288057E-006   5.4890759554195945E-006   9.4748649038944989E-006   1.4155245514244827E-005   1.9196769105948457E-005   2.4282766760722476E-005   2.9168109060540020E-005   3.3698224996319619E-005   3.7798951067945887E-005
   3.5577964903394962E-003   3.4931944365051243E-006   7.7366849104155955E-006   1.3354903508735691E-005   1.9952451347853587E-005   2.7059150093482601E-005   3.4228490155120151E-005   4.1114885622910571E-005   4.7500456444656264E-005   5.3280685960813465E-005
   3.8953921174427275E-003   4.9146538539122883E-006   1.0885016043736902E-005   1.8789960653014330E-005   2.8073169459255629E-005   3.8072882047583794E-005   4.8160661427690829E-005   5.7850181510314235E-005   6.6834877482844365E-005   7.4967721560091397E-005
   4.2650218442334201E-003   6.9009585694847354E-006   1.5284427898804275E-005   2.6384927972055396E-005   3.9421266227316425E-005   5.3463892378350088E-005   6.7630077176910114E-005   8.1236792556045484E-005   9.3853541686108536E-005   1.0527390193969249E-004
   4.6697253532797080E-003   9.6691968647157794E-006   2.1415758827838030E-005   3.6969975881566418E-005   5.5237239493380117E-005   7.4914685677115992E-005   9.4765090971889261E-005   1.1383124311437436E-004   1.3150991822506792E-004   1.4751193185331087E-004
   5.1128307594829414E-003   1.3516019938497665E-005   2.9936076354868743E-005   5.1679542346948124E-005   7.7216249111202871E-005   1.0472442319353871E-004   1.3247409482273798E-004   1.5912697230882950E-004   1.8383979708307927E-004   2.0620840082550372E-004
   5.5979819791232878E-003   1.8844365625324394E-005   4.1737869457793892E-005   7.2054530582991142E-005   1.0766082452279125E-004   1.4601602543753121E-004   1.8470746550133555E-004   2.2186891883427205E-004   2.5632464032007945E-004   2.8751123572693331E-004
   6.1291686959257363E-003   2.6199027873123386E-005   5.8027833858699000E-005   1.0017833369256969E-004   1.4968411299644258E-004   2.0301180624312525E-004   2.5680616845299823E-004   3.0847214435262904E-004   3.5637505684944391E-004   3.9973180589533751E-004
   6.7107591705751436E-003   3.6310951924674492E-005   8.0424983880379079E-005   1.3884622288394495E-004   2.0746296734302892E-004   2.8137666955291112E-004   3.5593576410486769E-004   4.2754294474602202E-004   4.9393255394819004E-004   5.5401954452296968E-004
   7.3475361634921530E-003   5.0153686290230793E-005   1.1108569020313595E-004   1.9178121681715334E-004   2.8656046345939455E-004   3.8865541333789214E-004   4.9163934742773674E-004   5.9054265473222959E-004   6.8223592154078997E-004   7.6522097225958192E-004
   8.0447362662841772E-003   6.9012517081295895E-005   1.5285680639433335E-004   2.6389843198751107E-004   3.9432081331815694E-004   5.3480811423171025E-004   6.7651436340369214E-004   8.1259996050330005E-004   9.3875880942978170E-004   1.0529302966895472E-003
   8.8080929653170624E-003   9.4565755460577694E-005   2.0945570978141164E-004   3.6161587321183913E-004   5.4033358550900450E-004   7.3283932371701781E-004   9.2700775919049799E-004   1.1134648651729196E-003   1.2863103191970045E-003   1.4427221120429175E-003
   9.6438837915444661E-003   1.2897986450707293E-004   2.8568098855168367E-004   4.9321808804105277E-004   7.3697677320265498E-004   9.9953388566786255E-004   1.2643454532124221E-003   1.5186231753963535E-003   1.7543199898144906E-003   1.9675896891065427E-003
   1.0558981944335792E-002   1.7500598709648633E-004   3.8762619364038234E-004   6.6922497066363102E-004   9.9996720886416320E-004   1.3562020426400941E-003   1.7154724585150278E-003   2.0604222483654607E-003   2.3801338668371602E-003   2.6693934824675823E-003
   1.1560912813835747E-002   2.3607765440014384E-004   5.2289634356477159E-004   9.0276555105786290E-004   1.3489186764535223E-003   1.8294350746417866E-003   2.3140060733369849E-003   2.7792117064750809E-003   3.2103266455390344E-003   3.6003260256524299E-003
   1.2657915866672035E-002   3.1637630677982528E-004   7.0075309294693317E-004   1.2098283874674915E-003   1.8077149866802165E-003   2.4516086226676103E-003   3.1008676230107860E-003   3.7240947746668774E-003   4.3015598413222418E-003   4.8238628431103783E-003
   1.3859012403933871E-002   4.2084406291701261E-004   9.3214269322308013E-004   1.6093085626014950E-003   2.4045769529995233E-003   3.2609670899342086E-003   4.1243786756448280E-003   4.9530289917696776E-003   5.7206795197374287E-003   6.4148506846343767E-003
   1.5174079748634946E-002   5.5509493106106430E-004   1.2294993966016860E-003   2.1226675829068057E-003   3.1715515124907437E-003   4.3009243290373401E-003   5.4393648356287853E-003   6.5317324496236987E-003   7.5434303500015428E-003   8.4580389560904752E-003
   1.6613932472747905E-002   7.2514761565983452E-004   1.6061529797046583E-003   2.7729077527052855E-003   4.1429723209571610E-003   5.6179622872363170E-003   7.1044757296304228E-003   8.5304342033249384E-003   9.8506637569224908E-003   1.1043783853231933E-002
   1.8190411331788243E-002   9.3692229910995032E-004   2.0752124623270351E-003   3.5826394256355909E-003   5.3525593812012735E-003   7.2576748074837990E-003   9.1771460623279854E-003   1.1017775588616772E-002   1.2721237056954618E-002   1.4260022676246232E-002
   1.9916480638308576E-002   1.1954334229791355E-003   2.6477744705540739E-003   4.5709772727522465E-003   6.8287598021445116E-003   9.2584121407814132E-003   1.1705503835671805E-002   1.4051024221773277E-002   1.6220631696936851E-002   1.8179426350329497E-002
   2.1806334875063296E-002   1.5036223064509506E-003   3.3303317569175258E-003   5.7490507290462508E-003   8.5880096601086333E-003   1.1642095168440605E-002   1.4716686887676559E-002   1.7661964006028888E-002   2.0384570058140667E-002   2.2840940945394080E-002
   2.3875515424585839E-002   1.8609879358922534E-003   4.1217354564772359E-003   7.1147463781641206E-003   1.0626854515160270E-002   1.4403495080884364E-002   1.8203242205840797E-002   2.1840519012967397E-002   2.5200064424823358E-002   2.8228511090098531E-002
   2.6141038375114913E-002   2.2621824183409502E-003   5.0100893359434620E-003   8.6473582775505858E-003   1.2913981873198100E-002   1.7499475358130404E-002   2.2109596080941627E-002   2.6518617305010660E-002   3.0586928963258365E-002   3.4250530954555887E-002
   2.8621534453892730E-002   2.6963504876345240E-003   5.9713152194096151E-003   1.0305179994779824E-002   1.5386756461005490E-002   2.0844512197650142E-002   2.6326706568192467E-002   3.1564186447898782E-002   3.6391348681424851E-002   4.0733201272912745E-002
   3.1337402238589059E-002   3.1479180097653226E-003   6.9709603575412553E-003   1.2028772945811837E-002   1.7956386672156328E-002   2.4318158075526793E-002   3.0702151489392780E-002   3.6794096282635996E-002   4.2401798914723010E-002   4.7439443575688495E-002
   3.4310975906798831E-002   3.6005066703153881E-003   7.9729477493962683E-003   1.3756267926759894E-002   2.0531158824421140E-002   2.7797148121825606E-002   3.5081576411578393E-002   4.2024993990178956E-002   4.8408977807176776E-002   5.4137408213197687E-002
   3.7566708903115982E-002   4.0438741014767552E-003   8.9550200332098994E-003   1.5450204257482031E-002   2.3056873390285438E-002   3.1210771902497006E-002   3.9379469235393039E-002   4.7159207966354165E-002   5.4306025297172135E-002   6.0713863357600727E-002
   4.1131375034185735E-002   4.4845020140184466E-003   9.9322011895367716E-003   1.7138055728560912E-002   2.5577426585478007E-002   3.4623065319019986E-002   4.3683134312084745E-002   5.2309569961480666E-002   6.0232524815214079E-002   6.7335333950875695E-002
   4.5034288645458394E-002   4.9690949632787531E-003   1.1008532528546581E-002   1.9000780636019565E-002   2.8365632903105630E-002   3.8407849402003078E-002   4.8470771080386985E-002   5.8057148453826410E-002   6.6867321752137610E-002   7.4771101148656635E-002
   4.9307545690287481E-002   5.5900445028057950E-003   1.2388732139437331E-002   2.1391851564940566E-002   3.1949567799226024E-002   4.3281183798541581E-002   5.4648061327856108E-002   6.5489670281846699E-002   7.5466571088438059E-002   8.4429051110636269E-002
   5.3986287673825017E-002   6.4830124670019959E-003   1.4372066355093369E-002   2.4824804501399143E-002   3.7090559511848142E-002   5.0266441323373774E-002   6.3497364973477313E-002   7.6132625105182594E-002   8.7775499391854708E-002   9.8247847947866909E-002
   5.9108990642279875E-002   7.8377035731094346E-003   1.7374257045885286E-002   3.0006463849131866E-002   4.4824685117939161E-002   6.0738739605317733E-002   7.6718893949927272E-002   9.1981536875513095E-002  0.10604772468572579       0.11870119067087224     
   6.4717781594067936E-002   9.8472907276467257E-003   2.1813915475693980E-002   3.7637570418451581E-002   5.6159974417962409E-002   7.6008566096187141E-002   9.5898257370426218E-002  0.11485748941076403       0.13229770500966956       0.14795886680787201     
   7.0858784914888756E-002   1.2558282989597304E-002   2.7782934994712155E-002   4.7851808279426894E-002   7.1255385068975524E-002   9.6236589718750626E-002  0.12117236328786930       0.14485164166323722       0.16655679384533190       0.18598696900885725     
   7.7582501685667909E-002   1.5659430947215121E-002   3.4591943148722049E-002   5.9463899252996964E-002   8.8359023145324858E-002  0.11908474943755711       0.14963723026399406       0.17854161456357737       0.20494744247650998       0.22852030389143918     
   8.4944224982638025E-002   1.8338887571172986E-002   4.0479769301964792E-002   6.9530122212442702E-002  0.10325873354789707       0.13911605929835971       0.17475739342689017       0.20845990357606589       0.23924210472982860       0.26672608649876262     
   9.3004494584813954E-002   1.9648987071756545E-002   4.3431857012776062E-002   7.4780337373075656E-002  0.11143574602792392       0.15070742235185114       0.19001687509044962       0.22742168733142165       0.26178455270355405       0.29263100296291389     
  0.10182959482819059        1.9492272013494762E-002   4.3306963674815555E-002   7.5142833265679096E-002  0.11304907185868780       0.15439248463572400       0.19643064173731506       0.23698502625599480       0.27469123016606883       0.30889012905968422     
  0.11149209970080924        1.9373078134009829E-002   4.3381107519317008E-002   7.6129521285895396E-002  0.11602781981690895       0.16043779573699349       0.20637250154714687       0.25133561033595109       0.29365658151775476       0.33243124170438815     
  0.12207146966133181        2.1745100786150041E-002   4.8841106731947879E-002   8.6125594196579433E-002  0.13190112725430148       0.18311074628847454       0.23631087744100304       0.28861159380713342       0.33803635951174876       0.38347692493609731     
  0.13365470508911154        2.8244203526462043E-002   6.2970967874538764E-002  0.11006820961023148       0.16687679218829712       0.22938962706906571       0.29354988070446025       0.35611500905534477       0.41492810218494319       0.46881854063666500     
  0.14633706173946351        3.6191028034463779E-002   8.0023369146662193E-002  0.13848676972342866       0.20766717970085591       0.28259836593494775       0.35869513284424931       0.43242492922798859       0.50148757407079048       0.56466528876337774     
  0.16022283408774773        3.8904868296881064E-002   8.6472715915815151E-002  0.15069684821404108       0.22757222772926239       0.31188069422986053       0.39856576712676989       0.48347759141284780       0.56374403462893730       0.63772145070769781     
  0.17542621300415920        3.6327601363693306E-002   8.2755288847084899E-002  0.14841992518237329       0.23042136485332027       0.32367470063031273       0.42230416152159211       0.52092103116995225       0.61550547404653999       0.70357713929226162     
  0.19207222481239303        3.9148137651938572E-002   9.0225253198468455E-002  0.16371955669911178       0.25685877523067024       0.36416726890880635       0.47883386357923180       0.59437700168863861       0.70585330300965021       0.81014148849070400     
  0.21029775945461360        5.1112379724193198E-002  0.11534710001427070       0.20447299119202419       0.31442192389562701       0.43921323925827682       0.57177147986847976       0.70531385475595587       0.83452338065111453       0.95590810320472896     
  0.23025269621793309        5.6571222186615235E-002  0.12817401256616762       0.22820769188460058       0.35287002690716651       0.49599777604972467       0.64969031255264120       0.80597717145698833       0.95836864249814113        1.1024454731039892     
  0.25210113627991265        5.4000111492438246E-002  0.12722692969584470       0.23533727165427737       0.37596128659914058       0.54206574388438222       0.72350676905352040       0.90988223572313254        1.0927613274923385        1.2664237862372123     
  0.27602275220902728        6.4605970739263330E-002  0.15016005358032311       0.27452806616223191       0.43556921977665830       0.62652670309208869       0.83680580622437950        1.0547657537605737        1.2704466772730769        1.4767652544270993     
  0.30221426551783803        7.2691077820524780E-002  0.16893986036450803       0.30946513355032818       0.49321558261740184       0.71379939901245448       0.95961632401845076        1.2170073090639268        1.4738110088187886        1.7211185184445410     
  0.33089106441964966        7.3499561759473114E-002  0.17721446971671218       0.33506236729925593       0.54700665138300997       0.80553015413869200        1.0966070535256300        1.4036874179429111        1.7119357696775226        2.0103453355618131     
  0.36228897509242902        8.6419883327282537E-002  0.20466739169763934       0.38305255064118199       0.62435985494657753       0.92313625443757474        1.2645572761382302        1.6290698853798791        1.9983239239605612        2.3583557586908155     
  0.39666620101612027        8.9296560882777196E-002  0.21915622071109653       0.42168641204071627       0.70118843889082383        1.0520257863910012        1.4571881475714552        1.8934334877699968        2.3384415725539487        2.7749081938494733     
  0.43430544633167090       0.10086954346129981       0.24640000053711669       0.47502245459275716       0.79584883820351193        1.2058453831993308        1.6861644765455601        2.2087817911090926        2.7460897281076164        3.2763995367670313     
  0.47551624068340170       0.10699852898606345       0.26901531432278791       0.52948121072200194       0.90134388707566293        1.3837927922070237        1.9558961215936470        2.5841369117439399        3.2346552270182141        3.8804946355053627     
  0.52063748466325777       0.11790669418353432       0.29881786440548103       0.59434702716340770        1.0247054259196213        1.5931314096402431        2.2760750964198162        3.0329443272041678        3.8220327200741631        4.6098863416847795     
  0.57004023678963622       0.12767160589052795       0.33008533168795035       0.66697030766955256        1.1671143375968291        1.8391278274248199        2.6564895846223084        3.5699922415304117        4.5283857228393112        5.4903733770868879     
  0.62413076493974640       0.13815908687451367       0.36527741352912563       0.75014663260470293        1.3329711394226316        2.1296254182467287        3.1098339682175049        4.2136963140716031        5.3783691620365479        6.5531840094504714     
  0.68335388732923041       0.15012268856540920       0.40538097851990113       0.84573126225342621        1.5266717483324646        2.4733268390920995        3.6503903520527978        4.9847222887920974        6.3995487105552256        7.8331716844781054     
  0.74819663051388374       0.16368186060552611       0.45095749994085688       0.95574149809085718        1.7534387510228748        2.8804417756324332        4.2945943764224737        5.9064875216325072        7.6228291958678991        9.3691718191542126     
  0.81919223449536838       0.17824310752709127       0.50254054509402168        1.0825484179471936        2.0192983681012979        3.3625011690034765        5.0606237917924712        7.0044585278836369        9.0814343409688671        11.202674135183655     
  0.89692453786727211       0.19411678656694889       0.56122060519830652        1.2290216132896845        2.3312449105386399        3.9324500773140030        5.9682735001170615        8.3057172078989545        10.810128249090962        13.376704022441915     
  0.98203277906312625       0.21169715116942969       0.62819594974387505        1.3985306488740799        2.6973146628619662        4.6045179881556519        7.0384571285348096        9.8380065277365105        12.843781433762768        15.933924359892421     
   1.0752168531898927       0.23124450389279042       0.70485703170077363        1.5951265513765716        3.1266851278780727        5.3940188534433409        8.2925480023495464        11.628542251924847        15.215650491891781        18.914409903591608     
   1.1772430676769294       0.25304016079967756       0.79289931928517809        1.8236447908082891        3.6295817822436574        6.3168088884594376        9.7512456709597082        13.702263514555666        17.955052410359144        22.352795213830582     
   1.2889504440725368       0.27746898659031155       0.89437094341675716        2.0897464985060714        4.2170071730023926        7.3884481624761706        11.433085696013070        16.079740919430165        21.084766308494100        26.275244679379586     
   1.4112576178114535       0.30500555595294071        1.0117201969215024        2.3999113584236715        4.9003166455313396        8.6231523315237446        13.352787803757353        18.775070588833330        24.618628690634246        30.696843903420209     
   1.5451703926941469       0.33621418006747056        1.1478708648678471        2.7613962309016498        5.6906968790158459        10.032691302523444        15.519744029655113        21.794208264547756        28.559916038121386        35.620131219372794     
   1.6917900122028373       0.37177031707883718        1.3063132405717173        3.1821386474519682        6.5985693178810507        11.625365393306698        17.936910862085007        25.134120408166464        32.900970983575561        41.035279484527258     
   1.8523222156741213       0.41248695797325907        1.4912036870867897        3.6706020114415514        7.6329900118248597        13.405265184476402        20.600433271969322        28.783144549112944        37.624471441104745        46.922295833945107     
   2.0280871538024625       0.45934350035176552        1.7074598153115814        4.2355651998982280        8.8011445902760936        15.372040753554176        23.500289746657543        32.722822719054498        42.706510464568410        53.255264717605087     
   2.2205302450155360       0.51351863135974518        1.9608400946910023        4.8858826347835675        10.108079299719368        17.521414439599852        26.622174438873717        36.931306241765206        48.121401126752808        60.008321256354911     
   2.4312340619997870       0.57644757411232961        2.2580568713893650        5.6303686317129840        11.556988767392282        19.846838575818033        29.950961432172576        41.388537203761089        53.848228435924682        67.163166438368918     
   2.6619313461261318       0.64977994329277655        2.6065662928296507        6.4772212118260510        13.149200692130364        22.340980107244199        33.473850664744063        46.080710846389010        59.876090093377272        74.714554344158330     
   2.9145192568009906       0.73558772381377280        3.0150334397143306        7.4348965990128999        14.886748462159543        25.000768762470706        37.187682292770582        51.009221194348321        66.213926884627824        82.680363876053789     
   3.1910749729235515       0.83629409896669116        3.4929763685631285        8.5117200376108499        16.773215635339493        27.829757951909819        41.102222146661404        56.194116910554555        72.893448824384350        91.103565842582483     
   3.4938727747491285       0.95479103629329898        4.0509403770855368        9.7167372798792879        18.816433750767729        30.842356392996361        45.244999164693461        61.678741287117091        79.973049066981829        100.05539133165503     
   3.8254027466328799        1.0944920906311633        4.7005086268211373        11.060472033923229        21.030618736040370        34.066277892767374        49.662985164516215        67.530044427457398        87.536766019175431        109.63372034764605     
   4.1883912544574775        1.2594173197453056        5.4544584761519088        12.556018752214193        23.438184622630953        37.543368846524430        54.421482124519429        73.835352936482408        95.689796159063150        119.95900359011259     
   4.5858233661428098        1.4542708499963932        6.3269869738515014        14.220117376170426        26.070351222775709        41.327779371804787        59.599316641899158        80.695010516578122        104.55041855979866        131.16760166568409     
   5.0209673996144657        1.6845102001306478        7.3340389410018432        16.074001139038284        28.966145811886147        45.481517461317772        65.280916563020327        88.212100308868585        114.23980859168245        143.40313223523290     
   5.4974018001037450        1.9564450409184464        8.4938697915707539        18.143969868442120        32.170090082067794        50.068628571231315        71.547349618493300        96.482149059213256        124.87228130186961        156.80662076739137     
   6.0190445678066622        2.2773471396816558        9.8278030760927741        20.461441957790765        35.729088320746385        55.149535541258118        78.468798543977414        105.58578957302565        136.54767521617211        171.50561508164694     
   6.5901854779032725        2.6555620948895586        11.361153128099755        23.062498629736197        39.689730211151158        60.777756959513503        86.101854665864636        115.58765584195675        149.34806404668035        187.60498034165559     
   7.2155213579010242        3.1006653694088206        13.124408751683296        25.987494088568891        44.097863659050809        67.001628332198280        94.495167268382303        126.54432914359036        163.34245326125023        205.18587574011346     
   7.9001947124089602        3.6236583790571544        15.154645196610192        29.281451985667882        49.001809826879899        73.872300790903537        103.70407490333925        138.52116552543728        178.60210162038084        224.31936284610040     
   8.6498360129766851        4.2372687122699668        17.497341350710872        32.996382345105317        54.460153259957877        81.457930410113690        113.81154717411940        151.61530582289819        195.22655803714710        245.10017191952866     
   9.4706100007722398        4.9563427412773704        20.208648236842244        37.195923152098764        60.552791841933328        89.860671835339502        124.94864050462552        165.97806497495117        213.37522704042698        267.69740451873713     
   10.369266382873457        5.7983738090190098        23.358393367660319        41.962030353317225        67.392104728998120        99.230950237750051        137.30760098633681        181.83038412081163        233.29790758792132        292.39842584333718     
   11.353195339077612        6.7843458459182804        27.034486100701859        47.402945268282622        75.131102625553737        109.77452750560653        151.14484438463947        199.47158280531710        255.35261249657435        319.61119522819638     
   12.430488295695186        7.9396230891063073        31.348209903629531        53.659891319662059        83.965600224393526        121.74995692716551        166.77494073804553        219.28248560785931        279.99104366426263        349.82657358937877     
   13.610004466105526        9.2954611388355559        36.441888244200996        60.914712527153135        94.137691336023295        135.46764207718797        184.57268785234012        241.72690990820169        307.73297312908346        383.61615220473840     
   14.901443705277449        10.890660839678409        42.497702793538473        69.398242313909563        105.94634560400117        151.30063730178222        204.99350162383774        267.34701953996159        339.17931190074319        421.68349186070282     
   16.315426277379739        12.773889360138728        49.749344035801727        79.403178077983881        119.77031050958855        169.71840729738386        228.61640738847592        296.78783538125839        375.08289666374463        464.87815358771655     
   17.863580192457370        15.006667770183348        58.497527430246357        91.305117030867962        136.09893355550423        191.33401335376598        256.19143845411503        330.89473320405472        416.41026648785959        514.21016930960661     
   19.558636830395095        17.667184155420863        69.130428576543736        105.59313479071614        155.57025186973647        216.95251159601756        288.67770449926195        370.81355459019943        464.39564164161874        571.05059318558244     
   21.414535638539547        20.855136905224011        82.149585950909824        122.89992413341618        179.00995055889908        247.62118768362095        327.30844374509610        417.99622589465628        520.67627731268828        637.20109512090710     
   23.446538763970572        24.698432547043918        98.206455686581890        144.03889372105044        207.47395352162010        284.68230427317229        373.70497984806053        474.25542835226236        587.33104059214270        714.90604271864368     
   25.671356563109935        29.361565986014543        118.15403574332166        170.07481103329999        242.33752093198885        329.86010028905775        429.97070937656929        542.02900040762893        666.99946900026362        807.06607651997547     
   28.107285020807289        35.056542832027056        143.11414782353546        202.40998412333150        285.41141134957138        385.40762074017982        498.78547682300774        624.43016853482573        763.20851848386189        917.47273510913385     
   30.774356208980628        42.057443994006441        174.56129214225618        242.89450440494596        339.08974966765447        454.32529493881844        583.73927816991636        725.56043450976426        880.44692500520944        1051.0440572672278     
   33.694503022121602        50.719808897154053        214.42617584227918        293.96749526731566        406.55064101671491        540.58056871284828        689.51253197482811        850.74586437745450        1024.7065478118063        1214.0946234381806     
   36.891739544382439        61.507139016525656        265.23521576106270        358.79952767133290        491.92816216338434        649.32141226431793        822.35787833773566        1007.0661952767532        1203.8196823102980        1415.2289596426419     
   40.392358531509046        75.024155129749488        330.32881876011839        441.53463857825210        600.56558662524253        787.31274920399517        990.21903106127024        1203.9680558000887        1427.5370718044680        1665.6077575899512     
   44.225147631630513        92.059671399732395        414.14904802810884        547.71968572551918        739.59749675151556        963.56697040440292        1203.8795821918404        1453.5268377770067        1710.7805427472435        1978.0434442785681     
   48.421626123015102        113.64661260794306        522.54579350023585        684.72934823812454        918.66030559142200        1189.6049584907178        1477.7658200205892        1770.7774793376825        2069.8528444172280        2375.7684371756395     
   53.016304115627769        141.14309447936253        663.20270258590256        862.19194619072903        1150.2764748296645        1481.9635258967890        1829.7609043093896        2180.7012299739522        2526.7452733407226        2879.7107623379397     
   58.046966348054411        176.33263207069751        846.33809065722050        1092.7450822324395        1450.7351508738600        1860.6432728047705        2284.4631065586241        2706.3824813489023        3118.8018635704448        3522.1164409959397     
   63.554982913623071        221.55845249201403        1085.4878633652017        1393.6671042722173        1842.7099058567276        2352.1819109033722        2878.5363891319898        3386.7268565690306        3880.3304361434739        4354.4592679887583     
   69.585649471004459        279.91161252094349        1398.5476777953781        1787.2194979875783        2353.8392605356166        2995.3427068646110        3646.3918402131530        4276.4206395708770        4863.8481565516322        5430.6062703824728     
   76.188559737046049        355.46671930721328        1809.1740478936945        2303.0439191557311        3024.4674100236380        3838.2924443564857        4653.9978323892101        5433.5657086082074        6152.7865652743540        6814.8360778395163     
   83.418013325063441        453.59773536995345        2348.9335945364355        2980.3471804523529        3905.2325986490714        4937.1043426560173        5976.0958611457536        6941.8766624348245        7834.6812245485698        8638.0555436868872     
   91.333462282486295        581.40622546166765        3059.3333587919365        3873.0075422790874        5062.2183427960790        6391.6528940230555        7708.8359110902111        8933.3196489654238        10022.331628986207        11008.395279834647     
   100.00000000000004        748.27318094465318        3995.9934759739954        5046.3609368185344        6585.1073018445932        8298.6348062979359        9982.9230942411232        11540.399516446267        12918.788002186375        14112.703012340300     
