   1.0000000000000002E-003   1.2201647604509396E-008   2.7067050655824080E-008   4.6834203843674326E-008   7.0191521761734222E-008   9.5535875542277705E-008   1.2130765369595954E-007   1.4625897387292168E-007   1.6958802070304234E-007   1.9082251102869606E-007
   1.0948889651276870E-003   1.7427111331995570E-008   3.8654284403715386E-008   6.6879970505340569E-008   1.0023161462073142E-007   1.3642037340790825E-007   1.7321922631935774E-007   2.0884646123083198E-007   2.4215751761106787E-007   2.7247757970940541E-007
   1.1987818459583783E-003   2.4877842804676676E-008   5.5173887999144827E-008   9.5457646699055358E-008   1.4305606325026909E-007   1.9470365042936957E-007   2.4722209155077558E-007   2.9806844211111874E-007   3.4560894230276220E-007   3.8888048046328204E-007
   1.3125330147352270E-003   3.5494023041948649E-008   7.8709277107439055E-008   1.3616954694247922E-007   2.0406407569455320E-007   2.7773330855381727E-007   3.5264456189846467E-007   4.2517031047692164E-007   4.9298034502062403E-007   5.5470133005537755E-007
   1.4370779141993756E-003   5.0607627813639754E-008   1.1221184216997460E-007   1.9412128974184401E-007   2.9090379697881412E-007   3.9591781891182053E-007   5.0270109123809261E-007   6.0608394400536362E-007   7.0274516293036277E-007   7.9072525291730282E-007
   1.5734407502856105E-003   7.2105856811868101E-008   1.5986389224635814E-007   2.7654537607124032E-007   4.1441368526071043E-007   5.6400574117269317E-007   7.1611746678532877E-007   8.6338444840101217E-007   1.0010752931955474E-006   1.1264006866684166E-006
   1.7227429147699432E-003   1.0265519304043222E-007   2.2757388439119449E-007   3.9366104298521220E-007   5.8990173310854737E-007   8.0282783209546540E-007   1.0193407785738178E-006   1.2289563448423362E-006   1.4249412362208600E-006   1.6033265979044234E-006
   1.8862122071335180E-003   1.4602163302758845E-007   3.2368502709709451E-007   5.5989463634820598E-007   8.3898490718973085E-007   1.1418030104921093E-006   1.4497201750878946E-006   1.7478273815090803E-006   2.0265473765211721E-006   2.2802382028627650E-006
   2.0651929314796274E-003   2.0750984795178253E-007   4.5994992627353715E-007   7.9557064058527474E-007   1.1921101376363699E-006   1.6223604467559782E-006   2.0598501961008521E-006   2.4833979187276895E-006   2.8794006309189908E-006   3.2398421699585773E-006
   2.2611569515367451E-003   2.9458480182069497E-007   6.5290429970082665E-007   1.1292779789373941E-006   1.6921117289761130E-006   2.3027849408396669E-006   2.9237287851137775E-006   3.5248800231277592E-006   4.0869320847290418E-006   4.5985036990768886E-006
   2.4757157946593421E-003   4.1772609470715095E-007   9.2575622443644877E-007   1.6011519615430101E-006   2.3991075114946171E-006   3.2648791917192731E-006   4.1452001478273762E-006   4.9974566368840896E-006   5.7942780079644225E-006   6.5195345352916779E-006
   2.7106339043648361E-003   5.9161151333191973E-007   1.3110217451510986E-006   2.2673912882881956E-006   3.3972898555559821E-006   4.6231980892411064E-006   5.8696996154371705E-006   7.0764454083916487E-006   8.2046851429483907E-006   9.2315910311142394E-006
   2.9678431503900389E-003   8.3676186900077920E-007   1.8541273924406801E-006   3.2065471799908573E-006   4.8043257351511714E-006   6.5378420236437670E-006   8.3004584256309674E-006   1.0006842998591531E-005   1.1602202307396889E-005   1.3054264763744195E-005
   3.2494587155918438E-003   1.1817730393314054E-006   2.6183904888341636E-006   4.5280763321007427E-006   6.7841661147709269E-006   9.2318729592312658E-006   1.1720628291750860E-005   1.4129959746535668E-005   1.6382527004673021E-005   1.8432801735596514E-005
   3.5577964903394962E-003   1.6662993248320571E-006   3.6916199432256716E-006   6.3837351348223209E-006   9.5641185431978361E-006   1.3014558326950287E-005   1.6522811598633367E-005   1.9919071895503037E-005   2.3094308076509432E-005   2.5984295250626997E-005
   3.8953921174427275E-003   2.3451907784562710E-006   5.1952517360359721E-006   8.9834513266707030E-006   1.3458603029600051E-005   1.8313636352076677E-005   2.3249939842620003E-005   2.8028641663743837E-005   3.2496251809486980E-005   3.6562254281131605E-005
   4.2650218442334201E-003   3.2941294429142778E-006   7.2968183449049291E-006   1.2616801999652033E-005   1.8901309115830203E-005   2.5719172769513267E-005   3.2651007999209052E-005   3.9361387279432486E-005   4.5634863620189743E-005   5.1344473111629553E-005
   4.6697253532797080E-003   4.6174928176723654E-006   1.0227387831803133E-005   1.7683145066489037E-005   2.6490383974157586E-005   3.6044781853431582E-005   4.5758763490333643E-005   5.5162139978443988E-005   6.3953116305855493E-005   7.1954041658104818E-005
   5.1128307594829414E-003   6.4576838983145455E-006   1.4302125981793937E-005   2.4727274238046530E-005   3.7041659348356410E-005   5.0400418182057862E-005   6.3981848497592929E-005   7.7128886018411062E-005   8.9419552835732493E-005   1.0060506205939117E-004
   5.5979819791232878E-003   9.0087324321686694E-006   1.9950658551785601E-005   3.4491445882048425E-005   5.1666672048555088E-005   7.0297865823562987E-005   8.9239284335642288E-005   1.0757409571299169E-004   1.2471401072015913E-004   1.4031299172762317E-004
   6.1291686959257363E-003   1.2533597779904202E-005   2.7754631818475162E-005   4.7980966499050780E-005   7.1870761480838212E-005   9.7784766591359088E-005   1.2412967218901257E-004   1.4962980644331721E-004   1.7346706791852040E-004   1.9516108296028386E-004
   6.7107591705751436E-003   1.7386323428058016E-005   3.8497688254700825E-005   6.6549562403554936E-005   9.9680963587127862E-005   1.3561821742793444E-004   1.7215164085627253E-004   2.0751205876069997E-004   2.4056514222010392E-004   2.7064491232541514E-004
   7.3475361634921530E-003   2.4040333858345463E-005   5.3227463198151158E-005   9.2007920018511368E-005   1.3780854025761288E-004   1.8748577127553030E-004   2.3798373770924185E-004   2.8685983094576796E-004   3.3254559602756168E-004   3.7411683490145962E-004
   8.0447362662841772E-003   3.3124425003696973E-005   7.3335514661700574E-005   1.2676032497305361E-004   1.8985289001128094E-004   2.5828214343105770E-004   3.2783861733197780E-004   3.9515649331307097E-004   4.5807578155306593E-004   5.1532601401937743E-004
   8.8080929653170624E-003   4.5466727047931904E-005   1.0065365827632727E-004   1.7397129135249785E-004   2.6055125109653173E-004   3.5445078992637916E-004   4.4989087704018667E-004   5.4225106460113227E-004   6.2856921550818849E-004   7.0710531288910013E-004
   9.6438837915444661E-003   6.2145908044329557E-005   1.3756849728731061E-004   2.3776354841533714E-004   3.5607644056684568E-004   4.8438309399101746E-004   6.1478531821082755E-004   7.4096887600356921E-004   8.5888633845112368E-004   9.6616033384661938E-004
   1.0558981944335792E-002   8.4551858699621795E-005   1.8715583263118030E-004   3.2345127401682485E-004   4.8438209997847580E-004   6.5889403737661801E-004   8.3623844290036449E-004   1.0078263773510131E-003   1.1681557915454277E-003   1.3139981432252108E-003
   1.1560912813835747E-002   1.1445187330182512E-004   2.5332440938724961E-004   4.3778596721764262E-004   6.5557407537183163E-004   8.9171653637325264E-004   1.1316703095183140E-003   1.3638064716961272E-003   1.5806764020214778E-003   1.7779206586055426E-003
   1.2657915866672035E-002   1.5405609128850666E-004   3.4096348234058003E-004   5.8921312015779517E-004   8.8229065133558712E-004   1.2000352341434721E-003   1.5228610378893799E-003   1.8351178482800296E-003   2.1267859099919095E-003   2.3920058304821822E-003
   1.3859012403933871E-002   2.0607501247073672E-004   4.5607034843471884E-004   7.8809019188338361E-004   1.1800306900403889E-003   1.6049062374652299E-003   2.0365073624903588E-003   2.4538876201154868E-003   2.8436499144673740E-003   3.1979803412851967E-003
   1.5174079748634946E-002   2.7375898650436456E-004   6.0583400532639761E-004   1.0468312889073306E-003   1.5673711935701887E-003   2.1315554066498334E-003   2.7045499812082883E-003   3.2585253824613221E-003   3.7756869318540743E-003   4.2456867975930578E-003
   1.6613932472747905E-002   3.6089532010189353E-004   7.9862878195326680E-004   1.3798991470733186E-003   2.0659279446940257E-003   2.8093467465751532E-003   3.5641714954427394E-003   4.2937039416004810E-003   4.9745028240794032E-003   5.5929550149848555E-003
   1.8190411331788243E-002   4.7174219069027329E-004   1.0438753384152096E-003   1.8035575971257368E-003   2.7000125508889394E-003   3.6712564854070946E-003   4.6570669136330647E-003   5.6094378273130532E-003   6.4977870900122300E-003   7.3044011233560843E-003
   1.9916480638308576E-002   6.1089399169565804E-004   1.3517323758100023E-003   2.3353297775097395E-003   3.4958180276476996E-003   4.7527506121260001E-003   6.0280025337956277E-003   7.2593867520572963E-003   8.4073141752823034E-003   9.4489257069083985E-003
   2.1806334875063296E-002   7.8305196265344350E-004   1.7325942317573588E-003   2.9931451544151673E-003   4.4800812874488307E-003   6.0899875814990562E-003   7.7225757305407336E-003   9.2979831986155330E-003   1.0765502973629642E-002   1.2096118661020012E-002
   2.3875515424585839E-002   9.9275706424102909E-004   2.1964937555107550E-003   3.7943004255190302E-003   5.6785630301600613E-003   7.7178038771618411E-003   9.7844027102132053E-003   1.1777069312091168E-002   1.3631665440770624E-002   1.5311632848814653E-002
   2.6141038375114913E-002   1.2441511581071886E-003   2.7526078853530259E-003   4.7545861182589572E-003   7.1147787856991745E-003   9.6676842304729196E-003   1.2252951780391715E-002   1.4743335913943646E-002   1.7058647825838533E-002   1.9153782672769560E-002
   2.8621534453892730E-002   1.5410445912051015E-003   3.4093296644689217E-003   5.8884941128109517E-003   8.8102276416279733E-003   1.1968587745502511E-002   1.5164115696365856E-002   1.8239010698114930E-002   2.1094223382446056E-002   2.3674566694032451E-002
   3.1337402238589059E-002   1.8874910071054200E-003   4.1756820948908521E-003   7.2116254623562784E-003   1.0788151284019304E-002   1.4651606544160404E-002   1.8556648723794467E-002   2.2309539612921321E-002   2.5789504825801488E-002   2.8930327201585726E-002
   3.4310975906798831E-002   2.2895544769045060E-003   5.0651293873516740E-003   8.7472500421448916E-003   1.3083276462040232E-002   1.7763632112915533E-002   2.2489093632513592E-002   2.7024613244259948E-002   3.1224388751686784E-002   3.5009406902798759E-002
   3.7566708903115982E-002   2.7578598723607922E-003   6.1012625876297483E-003   1.0536280367980986E-002   1.5756852054769992E-002   2.1387569328166687E-002   2.7066284311574231E-002   3.2509397738685032E-002   3.7542349077224084E-002   4.2072366218264136E-002
   4.1131375034185735E-002   3.3091563972983480E-003   7.3212950951975220E-003   1.2643135410558835E-002   1.8905325720698720E-002   2.5654271545295228E-002   3.2453331107256872E-002   3.8962298267982788E-002   4.4973161412217237E-002   5.0377107646820803E-002
   4.5034288645458394E-002   3.9822603250587877E-003   8.8110611180131689E-003   1.5215883714092311E-002   2.2749540543240059E-002   3.0862258186024213E-002   3.9026491233216776E-002   4.6833426619631337E-002   5.4034973726300325E-002   6.0503676807054207E-002
   4.9307545690287481E-002   4.8309377820628776E-003   1.0689251973311100E-002   1.8458599633618074E-002   2.7592502626601918E-002   3.7419487812664708E-002   4.7297828065421967E-002   5.6733455256131750E-002   6.5428619012361050E-002   7.3232915046240923E-002
   5.3986287673825017E-002   5.9148989129354981E-003   1.3087262680356452E-002   2.2596297286115539E-002   3.3767049797305104E-002   4.5771684811224560E-002   5.7824036559709753E-002   6.9322611985322524E-002   7.9907490820466803E-002   8.9400290908843966E-002
   5.9108990642279875E-002   7.2912711675665867E-003   1.6130224684734407E-002   2.7841890373294164E-002   4.1585452880990477E-002   5.6334122812405463E-002   7.1119906103282407E-002   8.5207039193620174E-002   9.8158166465277100E-002  0.10976069631039913     
   6.4717781594067936E-002   8.9988380897427153E-003   1.9902257308455504E-002   3.4336552867656155E-002   5.1251845195840695E-002   6.9374559396178939E-002   8.7512751928177646E-002  0.10476575501270723       0.12060186003203534       0.13476949903997906     
   7.0858784914888756E-002   1.0947557044661797E-002   2.4205564709761519E-002   4.1743482377087103E-002   6.2273986638781864E-002   8.4243428816791310E-002  0.10620376407505559       0.12706377537302999       0.14618411842054335       0.16327152483794541     
   7.7582501685667909E-002   1.2934364571015790E-002   2.8599107057817836E-002   4.9324012287081317E-002   7.3593193640037538E-002   9.9571923746585175E-002  0.12554198060909830       0.15020565618641787       0.17280629393099753       0.19300532492455469     
   8.4944224982638025E-002   1.4738941231998147E-002   3.2612344500967012E-002   5.6310555052115747E-002   8.4145852141803354E-002  0.11403079880847268       0.14397599103270431       0.17246803216239479       0.19862256027191214       0.22204510145688652     
   9.3004494584813954E-002   1.6384207711661918E-002   3.6311343673122012E-002   6.2859334052334556E-002   9.4232458871337063E-002  0.12810097052030800       0.16218726443198622       0.19474494146078250       0.22474317284690856       0.25171139180616531     
  0.10182959482819059        1.8284327984620905E-002   4.0609043010454191E-002   7.0540203171101643E-002  0.10616401470639752       0.14483541060399077       0.18392653366827558       0.22142301930627067       0.25611767168471061       0.28743913932150417     
  0.11149209970080924        2.1191604668519080E-002   4.7128738048602778E-002   8.2054924986134328E-002  0.12377071973724663       0.16911772270498970       0.21500932141540016       0.25911155294538735       0.30001273219746083       0.33702842757320961     
  0.12207146966133181        2.5532132310430534E-002   5.6765724561405627E-002   9.8832736987222128E-002  0.14896109920483194       0.20324547754881972       0.25804398053566213       0.31065577951999629       0.35944489971744525       0.40361552471454798     
  0.13365470508911154        3.0381015043780480E-002   6.7549204655577372E-002  0.11763259954266475       0.17716189253980338       0.24144216183663217       0.30627156888198176       0.36853870209030665       0.42633405183235096       0.47871782628060477     
  0.14633706173946351        3.3890039264036290E-002   7.5659866832388192E-002  0.13243083915316103       0.20030946562776886       0.27405346728115587       0.34894557519142105       0.42135337625575048       0.48894419029919239       0.55050800145152157     
  0.16022283408774773        3.6423907375635445E-002   8.1994629694981336E-002  0.14489597153709816       0.22107227747777228       0.30489022229533830       0.39103290729706269       0.47515636657976396       0.55431502619678019       0.62688664246483483     
  0.17542621300415920        4.1063044878138381E-002   9.2943093767279564E-002  0.16507363682848905       0.25292122546545331       0.35023353187449285       0.45089397026796929       0.54973251833644021       0.64315322737775571       0.72912365454433437     
  0.19207222481239303        4.8441178377892920E-002  0.10966639185287355       0.19449243797362537       0.29754121203721562       0.41170267119661907       0.52994267267412298       0.64625711060260160       0.75643575843867217       0.85806274694008700     
  0.21029775945461360        5.4090716798727650E-002  0.12323219716567310       0.21977546252970451       0.33810563040253061       0.47037950696940056       0.60845462904235537       0.74516937972930963       0.87537531906164479       0.99603302464157062     
  0.23025269621793309        5.8321170941994148E-002  0.13453343345713242       0.24286737719513429       0.37798222116935759       0.53122403280134856       0.69296984322062816       0.85446060460976270        1.0092345908178408        1.1533816562207653     
  0.25210113627991265        6.6589241389634471E-002  0.15406739034906997       0.27887635766868646       0.43545199021836711       0.61411156366539443       0.80379096925525628       0.99421342765499587        1.1776401551299445        1.3492567422443509     
  0.27602275220902728        7.4313671310259732E-002  0.17312606709076034       0.31564950164897854       0.49647287895775583       0.70481551799741959       0.92783257958761256        1.1532739048902581        1.3717028209408830        1.5770920375120876     
  0.30221426551783803        8.1139658948916421E-002  0.19142149654211241       0.35353848902212620       0.56257530329876326       0.80639454454582937        1.0698148815629487        1.3380180307701881        1.5993863617331132        1.8463606546648796     
  0.33089106441964966        9.1140780827588627E-002  0.21622133583700839       0.40208135604165085       0.64434687131470314       0.92973580203409578        1.2407773571230742        1.5598513911197749        1.8727877180165824        2.1701051115907002     
  0.36228897509242902        9.9665489617277114E-002  0.23983603791045877       0.45244552354279260       0.73408745216106797        1.0698800395164487        1.4392279720013319        1.8208726487759541        2.1974227991240358        2.5570253029752306     
  0.39666620101612027       0.11057059800356968       0.26881737797285021       0.51282918199215610       0.84073782247256101        1.2363369782922278        1.6756326160139630        2.1330542605886929        2.5872460674074644        3.0233388906178029     
  0.43430544633167090       0.12125588332948989       0.29946072584209632       0.58009738365775410       0.96337902197741343        1.4314237202312106        1.9560053926549865        2.5062533384161156        3.0559476030404529        3.5865137919428993     
  0.47551624068340170       0.13354246680925791       0.33480121910725352       0.65833150135696239        1.1074603848090934        1.6627288146074568        2.2909079399979615        2.9546431480237541        3.6217112820476740        4.2689165561498417     
  0.52063748466325777       0.14663500926278841       0.37421387181111093       0.74832493143639267        1.2764812227608702        1.9374659135359622        2.6919786914516357        3.4947394245457750        4.3061812568267221        5.0974351567395413     
  0.57004023678963622       0.16091886196426938       0.41879966392754731       0.85275948261601575        1.4759221007724099        2.2651536959290421        3.1737577967327875        4.1467591701670958        5.1356272464793289        6.1045804099587082     
  0.62413076493974640       0.17660638880923363       0.46952195782763650       0.97455514216646455        1.7122250293108354        2.6572078492668845        3.7537195497632267        4.9349263190146209        6.1414373011964578        7.3291216832276822     
  0.68335388732923041       0.19383164784812490       0.52743498776150255        1.1172154421944913        1.9932014088139314        3.1273927613516479        4.4527517786596960        5.8879843750673091        7.3606467468735541        8.8166688083400384     
  0.74819663051388374       0.21279068906051612       0.59387405436400242        1.2850466095990516        2.3283069026154832        3.6921490410259339        5.2955071377370544        7.0395283735015468        8.8362534086517588        10.619960325589217     
  0.81919223449536838       0.23375676129780051       0.67049822438024576        1.4832921818783411        2.7288999182229050        4.3709184168243329        6.3107002544236117        8.4282042868948306        10.617286393101267        12.798838442128265     
  0.89692453786727211       0.25706236114164954       0.75931571303087186        1.7182879740652481        3.2084901358468669        5.1863723251301650        7.5311923618928267        10.097580604864765        12.758437936942041        15.419634582518212     
  0.98203277906312625       0.28308100626275146       0.86275319669325334        1.9976441878823301        3.7829666524902228        6.1645168137480697        8.9938153889917043        12.095593608983117        15.319121507934986        18.553897661634334     
   1.0752168531898927       0.31226313754005397       0.98375397218071992        2.3304366912604189        4.4707572667046964        7.3346041030846960        10.738856770078678        14.473536824558540        18.361973852648362        22.276449427527925     
   1.1772430676769294       0.34515775075734356        1.1258759329071477        2.7273871789713753        5.2928927237423604        8.7287959771801216        12.809151989726729        17.284557998539515        21.950809759028818        26.662872163364455     
   1.2889504440725368       0.38242715236139524        1.2933960926395167        3.2010108176762819        6.2729096134204276        10.381517893356918        15.248775765413512        20.581738574237850        26.148215790613019        31.786716920286239     
   1.4112576178114535       0.42486923182756026        1.4914285256823590        3.7657168590237418        7.4365622332880337        12.328498575498655        18.101411798974233        24.415993886782633        31.013165259697409        37.716951019311480     
   1.5451703926941469       0.47344717243333451        1.7260449950927303        4.4378301710128119        8.8113076985398973        14.605547176539876        21.408609214977666        28.834145066556104        36.599189757631692        44.516366071302087     
   1.6917900122028373       0.52932128727393934        2.0043880770382301        5.2354904183074966        10.425562538175384        17.247153027347281        25.208195665309034        33.877622155558832        42.953687602637615        52.241548468663503     
   1.8523222156741213       0.59388862319073599        2.3347704770437741        6.1784194808565323        12.307761176859138        20.285159836245061        29.533221011422029        39.582295624511971        50.118870065406838        60.944990023850586     
   2.0280871538024625       0.66882603446332856        2.7267436697852205        7.2875340545628067        14.485328378697943        23.747731532437712        34.411829322083690        45.979742624099913        58.134563409287118        70.679238723674814     
   2.2205302450155360       0.75613890306731746        3.1911224508351137        8.5844099336319726        16.983696427041401        27.658905854487564        39.868236583331310        53.099955206132066        67.042388353783551        81.502316128273861     
   2.4312340619997870       0.85830831715394551        3.7401961508894712        10.091132760532822        19.826308805360931        32.039945772262300        45.926059156208353        60.976415833196000        76.892020451984152        93.484626148740858     
   2.6619313461261318       0.97793957769787943        4.3865074126948791        11.827484309883204        23.030959856023248        36.905986024364168        52.605538024853644        69.643156396204660        87.737282432855167        106.70394157662909     
   2.9145192568009906        1.1184747675097144        5.1444287789259109        13.813720705329182        26.615259875814576        42.274964014717646        59.935093602450898        79.147499119529925        99.649080422802669        121.25824360270856     
   3.1910749729235515        1.2837757509631826        6.0286149227337624        16.067711462873863        30.593447219942604        48.164312765999995        67.946758131380065        89.542764611538090        112.70511351695129        137.25314804654371     
   3.4938727747491285        1.4783034664539456        7.0540350471082212        18.605330413250972        34.978441994886403        54.594001106912778        76.678316905867575        100.88849322112740        126.98882056006727        154.80055622509852     
   3.8254027466328799        1.7071446676059909        8.2355595863513607        21.440494994845057        39.782738138310158        61.587158668552647        86.172096624211974        113.24736829107984        142.58593358177956        174.01584955633234     
   4.1883912544574775        1.9760261636704759        9.5876782673214915        24.585468329860056        45.019304986119934        69.170254767022385        96.472746054005086        126.68209299857213        159.58274746463300        195.01742850443605     
   4.5858233661428098        2.2913154240710756        11.124177422698493        28.051248927434472        50.702139443528488        77.371992116305393        107.62476850047918        141.25422614718207        178.06639127184627        217.92752938506317     
   5.0209673996144657        2.6599607337692643        12.857973877711711        31.847850496895120        56.846175408071296        86.222014682234487        119.67049686055407        157.02396426326823        198.12517482316034        242.87052463573673     
   5.4974018001037450        3.0894396932646249        14.801009336146626        35.984606499342860        63.467151217472995        95.749096804014997        132.64964475347278        174.05139259574014        219.84798969356328        269.96927858592784     
   6.0190445678066622        3.5876756126722937        16.964362290621086        40.470231399495475        70.581414403881226        105.97992367746343        146.60023606925100        192.39722421690345        243.32220089049883        299.33912689555297     
   6.5901854779032725        4.1629124389087151        19.358283740143207        45.312896917311399        78.205229427669622        116.93818267381624        161.55972427017588        212.12103772469436        268.62756560328671        331.08071174107533     
   7.2155213579010242        4.8235967495820669        21.992163427010333        50.519944257468843        86.353978102070414        128.64485789552094        177.56563823444264        233.27757696831333        295.83017700500562        365.28078877394921     
   7.9001947124089602        5.5782692392576561        24.874665414792656        56.097988549233499        95.041652501721003        141.11951917281232        194.65442787890194        255.91165706943335        324.98569662214754        402.02923435544056     
   8.6498360129766851        6.4354441474674227        28.013572415840564        62.052841710949600        104.27989216848903        154.38163028973079        212.85844287011301        280.05677391464332        356.15223886069464        441.42715236771323     
   9.4706100007722398        7.4035467786929567        31.415619756371555        68.389597441135336        114.07779429160666        168.45109571110237        232.20187228158480        305.74395695293589        389.39554150027504        483.56569867375958     
   10.369266382873457        8.4907715339330689        35.086196240946521        75.112378085205478        124.44204404284925        183.34672106042254        252.69946176618004        333.01181761596115        424.77300480832264        528.50264559568325     
   11.353195339077612        9.7051796270380244        39.029318290469305        82.224648101478067        135.37871679686413        199.08414020274117        274.36588338669571        361.90047983765811        462.31625372930614        576.28611390019876     
   12.430488295695186        11.054419456284567        43.246970398894675        89.728044227801163        146.89320737581883        215.67103333230645        297.22236529097148        392.43093188623652        502.04939043763926        626.98516556188736     
   13.610004466105526        12.545901744227237        47.739345124054459        97.622557582034347        158.99150837160417        233.10892668505028        321.29153928767715        424.60868109891874        544.01431808849327        680.64806508932372     
   14.901443705277449        14.186583377398764        52.504367299170546        105.90537746737063        171.67804813882282        251.39925109498486        346.57801845086385        458.44909658366203        588.23232249047453        737.28852431613257     
   16.315426277379739        15.982909955904578        57.538128757500999        114.57077438118908        184.95322900753163        270.54846885228153        373.07057640448920        493.96595137924305        634.69846029328710        796.94452117795765     
   17.863580192457370        17.940886958767923        62.835739362819389        123.61247220968340        198.81224664818407        290.56060250249891        400.76949267766747        531.14431038358066        683.42622995512488        859.61531432283243     
   19.558636830395095        20.065803160258248        68.391809912832684        133.02578040654919        213.24714755102423        311.42540328865960        429.67532266667814        569.97456319522905        734.39754144127789        925.29980618395894     
   21.414535638539547        22.362092349740880        74.200154567814977        142.80974028626855        228.25589265049845        333.12892274121242        459.76291193365256        610.44412460619583        787.59688452601597        993.97961731560542     
   23.446538763970572        24.833265696219485        80.252964941053975        152.96522689539228        243.84760950624309        355.67923690377091        491.02868793230357        652.52613188768544        842.99305720702216        1065.6302508002632     
   25.671356563109935        27.481896832033648        86.540806154635774        163.49029736130507        260.02918173028132        379.08127726797562        523.47366092954258        696.22204009408688        900.57858969006872        1140.2141301747142     
   28.107285020807289        30.309210272569619        93.053824965734549        174.37771868753723        276.78875887307947        403.31721094972397        557.08254848342870        741.50912922692953        960.32015716686919        1217.7297461967448     
   30.774356208980628        33.315265308955027        99.784861699993684        185.61961771467290        294.10091316940145        428.36228198983696        591.83142362336037        788.38175701946739        1022.2346959374476        1298.1330841735269     
   33.694503022121602        36.498608919874599        106.72636143155293        197.21474340726434        311.96536379832747        454.19676920566616        627.67535287714668        836.75490989885600        1086.2016256278605        1381.4202191838676     
   36.891739544382439        39.856954351596990        113.86547945883143        209.16032795811341        330.39076720290302        480.79915833424445        664.57569263005905        886.62704276340105        1152.2712395676906        1467.4449381447857     
   40.392358531509046        43.387142725467925        121.19035134737281        221.44511045848418        349.36562800256706        508.20401695351785        702.56872980686649        937.89591111609889        1220.1768488357966        1556.2105536343172     
   44.225147631630513        47.083577542939224        128.70068499980101        234.06654154421605        368.83917715966203        536.30897535721613        741.56563900854837        990.69672564976304        1290.2725725862676        1647.5722203978808     
   48.421626123015102        50.937376401850038        136.39363460368870        247.04786689653409        388.84468799324321        565.16233406247738        781.59211468590286        1044.7520658545677        1361.9844488066112        1741.6929738461645     
   53.016304115627769        54.938761436788937        144.25256741911841        260.37448724873951        409.35203416502225        594.64039819661468        822.46290760654881        1100.2606370566214        1435.9307103380061        1838.1857640549067     
   58.046966348054411        59.080026387236813        152.26293874749666        274.02666588364747        430.41661721155435        624.98305450193845        864.47180469380999        1156.8615504715008        1511.0814705554144        1937.3503958826809     
   63.554982913623071        63.353657886105310        160.43133120482869        287.96987223408502        451.83908329374157        655.75750021231534        907.22441071414903        1215.1281806727834        1588.7816773758823        2038.5578087648114     
   69.585649471004459        67.747055082285570        168.77046992238763        302.25201654419556        473.81509339045533        687.39237182717568        951.01588952349357        1274.1125177074175        1667.3441558771169        2142.8748992804690     
   76.188559737046049        72.244791731781930        177.28077358931370        316.83052356727853        496.07565288748668        719.26569442656137        995.38869761240801        1334.8798575901046        1748.4857664555984        2248.4478346056076     
   83.418013325063441        76.834467751722158        185.92863482835222        331.78557699737320        519.03288548464684        752.20528712435157        1040.7871376993680        1395.8821389822922        1830.0845764410026        2357.6003993877116     
   91.333462282486295        81.506397138073027        194.73399601919203        346.92365481750699        542.07968535233681        785.21627501802811        1086.9236972350791        1459.2401970537474        1914.3705513344794        2466.9701951215120     
   100.00000000000004        86.247979234251162        203.67861356509832        362.46298515753386        565.87165888802667        819.28704775816027        1133.7690479895996        1522.2101789103795        1999.2906792260087        2581.0817568984326     
