   1.0000000000000002E-003   2.2903123516374698E-009   5.0732295451798280E-009   8.7605724103807172E-009   1.3093012551573668E-008   1.7760624291039414E-008   2.2469155888330016E-008   2.6991297773087635E-008   3.1184020339236235E-008   3.4978873383992488E-008
   1.0948889651276870E-003   3.3709863265607101E-009   7.4670084498612290E-009   1.2894200248693018E-008   1.9270867449740420E-008   2.6140845773472691E-008   3.3071042518475311E-008   3.9726895107398919E-008   4.5897888770586625E-008   5.1483278041873492E-008
   1.1987818459583783E-003   4.9592802943784276E-009   1.0985204028485901E-008   1.8969489687567934E-008   2.8350596535251469E-008   3.8457428579434694E-008   4.8652835428963189E-008   5.8444623646185124E-008   6.7523095939931143E-008   7.5740043741715900E-008
   1.3125330147352270E-003   7.2921533970135679E-009   1.6152697087785378E-008   2.7892809948032946E-008   4.1686790306707368E-008   5.6547850270885309E-008   7.1539121918495547E-008   8.5936887762090218E-008   9.9285775826936876E-008   1.1136786778397894E-007
   1.4370779141993756E-003   1.0716033600929823E-008   2.3736848148929754E-008   4.0989243612821474E-008   6.1259811180022106E-008   8.3098429018226179E-008   1.0512834508080457E-007   1.2628604682108214E-007   1.4590236708502592E-007   1.6365708330089843E-007
   1.5734407502856105E-003   1.5737385740310847E-008   3.4859507587525201E-008   6.0196003211865919E-008   8.9964852821926829E-008   1.2203641797639425E-007   1.5438882917084870E-007   1.8546025041263099E-007   2.1426798129368886E-007   2.4034177452527941E-007
   1.7227429147699432E-003   2.3094621171491162E-008   5.1156297449404921E-008   8.8337473615494017E-008   1.3202298523083253E-007   1.7908756234278862E-007   2.2656412005846881E-007   2.7216069976638368E-007   3.1443523615692030E-007   3.5269768726102152E-007
   1.8862122071335180E-003   3.3863837435924893E-008   7.5010826401846075E-008   1.2952964355336376E-007   1.9358556412906398E-007   2.6259593571273662E-007   3.3221011407848456E-007   3.9906744558898646E-007   4.6105350248790555E-007   5.1715655172777520E-007
   2.0651929314796274E-003   4.9609871480303734E-008   1.0988927249022738E-007   1.8975784207471946E-007   2.8359762905044341E-007   3.8469506104260134E-007   4.8667655902329661E-007   5.8461894407247043E-007   6.7542476946656490E-007   7.5761200871753781E-007
   2.2611569515367451E-003   7.2604868938110527E-008   1.6082450994435884E-007   2.7771268917143008E-007   4.1504717351052255E-007   5.6300240858834559E-007   7.1225061187121630E-007   8.5558683071908840E-007   9.8847816320264758E-007   1.1087558901031304E-006
   2.4757157946593421E-003   1.0614097009378766E-007   2.3510869549777752E-007   4.0598598088935138E-007   6.0675228350906434E-007   8.2304341117066997E-007   1.0412231899438251E-006   1.2507590625933986E-006   1.4450248464560911E-006   1.6208505336968096E-006
   2.7106339043648361E-003   1.5497688534234251E-007   3.4328240199768630E-007   5.9277859287262914E-007   8.8591339022528592E-007   1.2017131826291583E-006   1.5202679124054685E-006   1.8261995699526616E-006   2.1098340456532122E-006   2.3665435675772528E-006
   2.9678431503900389E-003   2.2597876569338899E-007   5.0055408128979528E-007   8.6435137158750219E-007   1.2917757438920922E-006   1.7522439510149393E-006   2.2167245593310799E-006   2.6627952922603771E-006   3.0763513084217744E-006   3.4506459899469802E-006
   3.2494587155918438E-003   3.2902437361325926E-007   7.2880267285403682E-007   1.2584828183038498E-006   1.8807962318154194E-006   2.5512126229294709E-006   3.2274628767282455E-006   3.8769021360527068E-006   4.4789962606806014E-006   5.0239245380215368E-006
   3.5577964903394962E-003   4.7827740155737279E-007   1.0593999726497900E-006   1.8293420177981016E-006   2.7339247434974449E-006   3.7084158612091038E-006   4.6913730046323097E-006   5.6353461842817908E-006   6.5104907892978669E-006   7.3025352743313379E-006
   3.8953921174427275E-003   6.9400041307087258E-007   1.5372258429527556E-006   2.6544208179385633E-006   3.9669621579468483E-006   5.3809171206952708E-006   6.8071320241961607E-006   8.1767607442123462E-006   9.4465049476924413E-006   1.0595663076307810E-005
   4.2650218442334201E-003   1.0050714486603423E-006   2.2262416723046883E-006   3.8441558650645260E-006   5.7449367325156716E-006   7.7925421689134302E-006   9.8578603106594095E-006   1.1841196243771800E-005   1.3679856937859008E-005   1.5343873968125780E-005
   4.6697253532797080E-003   1.4524867328438896E-006   3.2172474148177190E-006   5.5553196713432964E-006   8.3021106205349433E-006   1.1261007737129811E-005   1.4245429411528386E-005   1.7111318112859391E-005   1.9768094702044530E-005   2.2172471019065172E-005
   5.1128307594829414E-003   2.0942203140222846E-006   4.6386431500155532E-006   8.0095972500227135E-006   1.1969731703934909E-005   1.6235549824309264E-005   2.0538044479456606E-005   2.4669540914332498E-005   2.8499478644456578E-005   3.1965479940450957E-005
   5.5979819791232878E-003   3.0118625524099114E-006   6.6711289589131775E-006   1.1518959066317879E-005   1.7213935036701718E-005   2.3348308707485336E-005   2.9535216288560234E-005   3.5476035658000922E-005   4.0983062625179501E-005   4.5966648095440406E-005
   6.1291686959257363E-003   4.3196787187903880E-006   9.5677622924887771E-006   1.6520278127809647E-005   2.4687447374558625E-005   3.3484419559972566E-005   4.2356374910830793E-005   5.0875110607265619E-005   5.8771527944588549E-005   6.5917154129349081E-005
   6.7107591705751436E-003   6.1767718882210472E-006   1.3680886338593719E-005   2.3621800296593999E-005   3.5298986506429314E-005   4.7876076829275892E-005   6.0559776140894644E-005   7.2737939702904471E-005   8.4025966667612706E-005   9.4240327191588160E-005
   7.3475361634921530E-003   8.8032820388866643E-006   1.9497990463925666E-005   3.3665019938391281E-005   5.0305652261605520E-005   6.8227740653543551E-005   8.6300748259872192E-005   1.0365248328165889E-004   1.1973511843675603E-004   1.3428737643925693E-004
   8.0447362662841772E-003   1.2501653115033470E-005   2.7688783267893731E-005   4.7805888330442016E-005   7.1434160906780298E-005   9.6880397794592806E-005   1.2253925790294408E-004   1.4717255286611172E-004   1.7000283206434883E-004   1.9065954105434903E-004
   8.8080929653170624E-003   1.7684040639080655E-005   3.9165846770478749E-005   6.7619429057646390E-005   1.0103698571322599E-004   1.3702306446219630E-004   1.7330710780992615E-004   2.0813835791871362E-004   2.4041795374419081E-004   2.6962253871362326E-004
   9.6438837915444661E-003   2.4906574075063035E-005   5.5160443189428286E-005   9.5230451715503227E-005   1.4228738938294798E-004   1.9295688717606548E-004   2.4404148137546677E-004   2.9307653325647546E-004   3.3851581314423977E-004   3.7962353098992753E-004
   1.0558981944335792E-002   3.4912012145275386E-005   7.7316866385299823E-005   1.3347619008856023E-004   1.9942200530740964E-004   2.7042351643338558E-004   3.4199952207822890E-004   4.1069720203135954E-004   4.7435149791334036E-004   5.3193316419093619E-004
   1.1560912813835747E-002   4.8679678989326494E-005   1.0780285524645170E-004   1.8609653919787639E-004   2.7802444333580972E-004   3.7698882495035198E-004   4.7674256210219844E-004   5.7247430100494461E-004   6.6116890797864611E-004   7.4139463736463236E-004
   1.2657915866672035E-002   6.7481652831331040E-005   1.4943376743803137E-004   2.5794787225063941E-004   3.8534384818486047E-004   5.2247365293123281E-004   6.6067938836237238E-004   7.9329633059526750E-004   9.1615067240820585E-004   1.0272629868588496E-003
   1.3859012403933871E-002   9.2940966754707959E-005   2.0580109656068374E-004   3.5522413641960664E-004   5.3062399814485662E-004   7.1939841405975263E-004   9.0962654266022510E-004   1.0921370402329344E-003   1.2611905768345937E-003   1.4140691266303568E-003
   1.5174079748634946E-002   1.2708679799324079E-004   2.8139418598878917E-004   4.8566595873306687E-004   7.2541413918316951E-004   9.8340250807441693E-004   1.2433363009844384E-003   1.4926868454841994E-003   1.7236202111370193E-003   1.9324321698924922E-003
   1.6613932472747905E-002   1.7239262610565441E-004   3.8168409019275591E-004   6.5870418980136850E-004   9.8378160244754907E-004   1.3335302870103711E-003   1.6858556680741500E-003   2.0237811648707387E-003   2.3367009801132095E-003   2.6196086131529467E-003
   1.8190411331788243E-002   2.3178486018895207E-004   5.1314194125775094E-004   8.8549029500596026E-004   1.3223553686539276E-003   1.7922879402077192E-003   2.2655960020197918E-003   2.7194817739164424E-003   3.1397159926639705E-003   3.5195935485630939E-003
   1.9916480638308576E-002   3.0860621747939680E-004   6.8315712187269183E-004   1.1787539776572204E-003   1.7601120382072623E-003   2.3853520145985601E-003   3.0149634069020471E-003   3.6186323455764521E-003   4.1774564807116011E-003   4.6825448312212250E-003
   2.1806334875063296E-002   4.0653187247407076E-004   8.9985105090601032E-004   1.5524812507944291E-003   2.3178948608286571E-003   3.1409180079670978E-003   3.9695366319285217E-003   4.7638737600354765E-003   5.4990876546418535E-003   6.1635148104942960E-003
   2.3875515424585839E-002   5.2943443941608941E-004   1.1717781549636823E-003   2.0213990462159700E-003   3.0176460696842490E-003   4.0886636267275997E-003   5.1667619671137387E-003   6.2000842885192396E-003   7.1563554478722190E-003   8.0204480951439148E-003
   2.6141038375114913E-002   6.8128044298456801E-004   1.5076973151125393E-003   2.6005832420356034E-003   3.8818266140120145E-003   5.2589703672467807E-003   6.6449799623897734E-003   7.9732239261822522E-003   9.2022659126934532E-003   1.0312715132656379E-002
   2.8621534453892730E-002   8.6617668972588542E-004   1.9166760722981666E-003   3.3056428846290641E-003   4.9336995740844637E-003   6.6833200519535599E-003   8.4439425458570673E-003   1.0130973327062786E-002   1.1691842284537811E-002   1.3101980488047987E-002
   3.1337402238589059E-002   1.0888353898733541E-003   2.4091224039584427E-003   4.1545061252728933E-003   6.2000071723382058E-003   8.3979377604836928E-003   1.0609436416296983E-002   1.2728304492276641E-002   1.4688578866217330E-002   1.6459460233886513E-002
   3.4310975906798831E-002   1.3557979549334020E-003   2.9994954446023081E-003   5.1721021220273956E-003   7.7179706190557001E-003   1.0453291534610883E-002   1.3205307506713436E-002   1.5841933110685016E-002   1.8281147290847653E-002   2.0484670920704266E-002
   3.7566708903115982E-002   1.6769108856474718E-003   3.7095734505956717E-003   6.3960032676009890E-003   9.5437227964197142E-003   1.2925533455873803E-002   1.6327939944482096E-002   1.9587718855388504E-002   2.2603509185158237E-002   2.5328000935920334E-002
   4.1131375034185735E-002   2.0692979263038408E-003   4.5772424826202307E-003   7.8915842299464422E-003   1.1774939571319242E-002   1.5947169861716938E-002   2.0145026604566400E-002   2.4167209199276674E-002   2.7888662816752077E-002   3.1250974084693517E-002
   4.5034288645458394E-002   2.5655284309075476E-003   5.6745626391845319E-003   9.7831699984188506E-003   1.4597320925065480E-002   1.9770025152434360E-002   2.4975127814035190E-002   2.9963109580097898E-002   3.4578844835416074E-002   3.8749769307568391E-002
   4.9307545690287481E-002   3.2110160617772020E-003   7.1020163134129328E-003   1.2244134592806377E-002   1.8269854501445925E-002   2.4745347532749089E-002   3.1262629034055057E-002   3.7509348463131538E-002   4.3291103499883660E-002   4.8516764559799752E-002
   5.3986287673825017E-002   4.0595355871848350E-003   8.9786089243736253E-003   1.5479880834758245E-002   2.3099509897521343E-002   3.1289674378987255E-002   3.9534799938907558E-002   4.7439769769231602E-002   5.4758310060002299E-002   6.1374656681477908E-002
   5.9108990642279875E-002   5.1778469038550124E-003   1.1452120872997851E-002   1.9745577889524048E-002   2.9467822300773716E-002   3.9921012444295474E-002   5.0447723976836806E-002   6.0543486360447533E-002   6.9893297174085600E-002   7.8348586206360302E-002
   6.4717781594067936E-002   6.5855765321170849E-003   1.4566228422146679E-002   2.5117285875113676E-002   3.7489775254019884E-002   5.0797417639164316E-002   6.4204138948998804E-002   7.7067316162817437E-002   8.8984760594355686E-002   9.9765983193644034E-002
   7.0858784914888756E-002   8.2246815619719336E-003   1.8193064779454413E-002   3.1375924813616257E-002   4.6841110404585232E-002   6.3483777213278761E-002   8.0259684329512082E-002   9.6364362694287636E-002  0.11129276431366757       0.12480434062726997     
   7.7582501685667909E-002   9.9335869490304388E-003   2.1976121640139214E-002   3.7909125061019969E-002   5.6612469976735455E-002   7.6755206076431645E-002   9.7075782572014158E-002  0.11659899163781776       0.13470980365624413       0.15111292016909569     
   8.4944224982638025E-002   1.1561855803545299E-002   2.5583862543283105E-002   4.4148579953249271E-002   6.5962319464242233E-002   8.9481954719345891E-002  0.11323831714169609       0.13608975936362858       0.15731136711385624       0.17655096669322401     
   9.3004494584813954E-002   1.3154115492518426E-002   2.9116499067864787E-002   5.0271460446880009E-002   7.5163834808178356E-002  0.10204767028527982       0.12924955230914414       0.15545912247809382       0.17983628103671065       0.20196629979706990     
  0.10182959482819059        1.5147843368338758E-002   3.3543543763193510E-002   5.7955034347556389E-002   8.6731060671952048E-002  0.11787423900250821       0.14945294147239643       0.17993979512745092       0.20834420656258504       0.23416824989469984     
  0.11149209970080924        1.8292894888626742E-002   4.0526378794369891E-002   7.0071845168841809E-002  0.10496523658707534       0.14280764973046775       0.18125593658312805       0.21843904168617967       0.25313083983001861       0.28470597758141075     
  0.12207146966133181        2.2897129292961088E-002   5.0751064345161856E-002   8.7818569986554726E-002  0.13167634613737897       0.17933127406707433       0.22782938975279007       0.27479100613801549       0.31864462423040724       0.35858151885573075     
  0.13365470508911154        2.7877369547008167E-002   6.1830812447818927E-002  0.10710451795835535       0.16080443755687951       0.21929755774210571       0.27894808430569723       0.33679532176001498       0.39086757558071500       0.44014111372173137     
  0.14633706173946351        3.1502815586181364E-002   6.9950503936579700E-002  0.12138862646714441       0.18265624575284831       0.24967004419674180       0.31824764276657580       0.38492484161701418       0.44736454154811495       0.50433591388087284     
  0.16022283408774773        3.4696552767802598E-002   7.7167941545038379E-002  0.13426162113606643       0.20265968348542335       0.27788148007462721       0.35519122024138061       0.43058863813921527       0.50134094939632201       0.56599092028167641     
  0.17542621300415920        4.0957399759518190E-002   9.1244525491227135E-002  0.15915397343303375       0.24091070741317711       0.33117565064226273       0.42416939000916437       0.51497067496554916       0.60021962165904152       0.67813262436356958     
  0.19207222481239303        4.9957075853125366E-002  0.11149063847403430       0.19495668518713233       0.29585524592617929       0.40753020500317705       0.52267594471222278       0.63509098951641929       0.74058550403547319       0.83696717052791281     
  0.21029775945461360        5.6286563643104935E-002  0.12599436594799554       0.22126086534004499       0.33723866234831718       0.46621064390739686       0.59953059283809795       0.72987107691543118       0.85231744141234766       0.96431065415649986     
  0.23025269621793309        6.2476228377414324E-002  0.14041835926180704       0.24795310133035325       0.37992878758245963       0.52741282751295882       0.68027265163807182       0.82999097339712014       0.97089793310332240        1.1000347525112122     
  0.25210113627991265        7.4361469312541520E-002  0.16776134962818534       0.29756072407059031       0.45754812654060328       0.63654162859086838       0.82207177070139792        1.0038696324129641        1.1751592945811609        1.3323861971860953     
  0.27602275220902728        8.3956194385388178E-002  0.19047636280079050       0.34005284747660619       0.52559224322912279       0.73379090284060755       0.95009071941621737        1.1626482774708262        1.3635855701665054        1.5486494812518967     
  0.30221426551783803        9.4666399536315504E-002  0.21624440856140018       0.38883414352175522       0.60415025152311208       0.84650916462165859        1.0991701855570990        1.3485183350351664        1.5852747310412516        1.8045934666316261     
  0.33089106441964966       0.10928613929285343       0.25142646096202409       0.45502463497644147       0.70992938690894258       0.99761456683668326        1.2987422937868542        1.5973173877130042        1.8823156016159788        2.1465273384190837     
  0.36228897509242902       0.12230719766294923       0.28403606057109543       0.51822432399524498       0.81307021933205892        1.1477843930894387        1.5005877819174380        1.8529320896251380        2.1905805363071238        2.5056090895756267     
  0.39666620101612027       0.13977534479013939       0.32767916720949558       0.60205938656914804       0.94920594910442635        1.3459262329599631        1.7672979412884726        2.1901909581240853        2.5979786995137628        2.9800271837387537     
  0.43430544633167090       0.15736505296760736       0.37302057730089028       0.69088245781420643        1.0961786362241968        1.5639839515596266        2.0644532827081026        2.5707554985705863        3.0616725787795618        3.5238153358051862     
  0.47551624068340170       0.17803528925751480       0.42687172218883501       0.79699902082073093        1.2735587575977725        1.8291383514515742        2.4289295490008156        3.0396198397909910        3.6350042395744659        4.1981755307650896     
  0.52063748466325777       0.20131846881714471       0.48850458708266731       0.92013072850593480        1.4828077287056172        2.1455566296302435        2.8672815474823801        3.6069153633185569        4.3320184976473390        5.0212278065775973     
  0.57004023678963622       0.22716785673841330       0.55822903137575131        1.0622150363413454        1.7283766709452293        2.5219429577268921        3.3930476424020135        4.2916141166750377        5.1774477037118443        6.0235769535231451     
  0.62413076493974640       0.25650411082137636       0.63869760420219568        1.2297935257414319        2.0223017025771641        2.9765978550600907        4.0322310381576107        5.1279877556265481        6.2140490560096628        7.2564339221542280     
  0.68335388732923041       0.28963916251922317       0.73152935955205434        1.4273842206853360        2.3745520100934643        3.5262160514770464        4.8094417574312001        6.1493158062988931        7.4841679433062351        8.7713410546963129     
  0.74819663051388374       0.32716304621237718       0.83937198655788314        1.6624245898673027        2.7987251894452441        4.1928995333492383        5.7565959940961244        7.3981397144064696        9.0413966050130554        10.633090978757771     
  0.81919223449536838       0.36966142780511124       0.96545646023887599        1.9430749531202467        3.3107413872579574        5.0024083259004817        6.9107113017674022        8.9236336455548546        10.947584121259622        12.916457408200721     
  0.89692453786727211       0.41789535860871074        1.1133827310575759        2.2794666181208174        3.9299911775360248        5.9856055489754958        8.3155835934428044        10.783471644906573        13.274878060896988        15.708416948279943     
  0.98203277906312625       0.47287965668591792        1.2883839557421324        2.6840625408984047        4.6797954902781447        7.1789127519659788        10.022164048948719        13.044098589621772        16.105898655539001        19.108260222646901     
   1.0752168531898927       0.53592600450059558        1.4964668271805899        3.1718660731163131        5.5875704461150884        8.6242950195494164        12.088288152357860        15.780186509396737        19.532944760549771        23.226592647559368     
   1.1772430676769294       0.60880225599631899        1.7449271913740936        3.7606465970461080        6.6849304180270250        10.369087997287913        14.578158784914622        19.073768153926061        23.656804816270867        28.183865774228160     
   1.2889504440725368       0.69324805840527171        2.0425468814415155        4.4711473974083047        8.0076745068420472        12.465615895231020        17.561556786660862        23.013053472929702        28.585209824338644        34.108501925726657     
   1.4112576178114535       0.79202014713047786        2.3998717012722302        5.3273386528965041        9.5957569639556315        14.970772583535272        21.113040172433244        27.691278266241000        34.431356939759489        41.135109505690579     
   1.5451703926941469       0.90819077763797784        2.8294990380236849        6.3565838842826530        11.493084848790758        17.945425629770142        25.311025270080318        33.205512260808810        41.312464569578381        49.402785836978822     
   1.6917900122028373        1.0454834986461783        3.3461252025178752        7.5893097651071244        13.746623714708523        21.453058610855305        30.236111359326934        39.654741025004860        49.347643410881325        59.052786342251771     
   1.8523222156741213        1.2084373216477824        3.9667625117961034        9.0588888299459693        16.405904706230213        25.559131417308524        35.970458414840195        47.139312069479054        58.657428415995618        70.228147365558740     
   2.0280871538024625        1.4025331067773492        4.7107768647868546        10.801201672895793        19.522262862896241        30.330329161273177        42.597199010087216        55.760564260942573        69.363686523587646        83.073930403124820     
   2.2205302450155360        1.6343232506316048        5.5998284023945466        12.854092208392309        23.148186168051033        35.834160501601680        50.200372271155395        65.621182760060634        81.590529287815329        97.738815227706255     
   2.4312340619997870        1.9115966386997718        6.6577896168759247        15.256927389459181        27.337095573262744        42.139207789111644        58.865657608654814        76.826593482141988        95.466586416900213        114.37840415392158     
   2.6619313461261318        2.2434889402486227        7.9104675936186082        18.050067944615808        32.143231224884147        49.315466886132675        68.681206953510909        89.486614117658021        111.12771243273586        133.15908452455631     
   2.9145192568009906        2.6405923230059414        9.3852926346292875        21.274582544286947        37.621965667723437        57.435064699156314        79.738973580312035        103.71776637298991        128.72034950266334        154.26239100156653     
   3.1910749729235515        3.1149942146767482        11.110884742855751        24.972075754212753        43.830156326763799        66.572872053820092        92.136049157230516        119.64548036799532        148.40437206248279        177.88833584245666     
   3.4938727747491285        3.6803407278791878        13.116780177232719        29.185022305037691        50.826886506649153        76.807621438568574        105.97666465483708        137.40658366894868        170.35565111993051        204.25792250085820     
   3.8254027466328799        4.3517688973069166        15.433060960491794        33.957050105006466        58.673762793070750        88.222702487088554        121.37354936096065        157.15042094638312        194.76665550525109        233.61315102936481     
   4.1883912544574775        5.1458410910881387        18.090237182019912        39.333527721009460        67.435419065463464        100.90745358171351        138.44921989049368        179.03944211808252        221.84614656890130        266.21569433440527     
   4.5858233661428098        6.0803650191018335        21.119167770971970        45.361898982162280        77.179817757992510        114.95804985747851        157.33611651742805        203.24823296621585        251.81694433965444        302.34376741911461     
   5.0209673996144657        7.1741957466976078        24.551216564619917        52.091934661537032        87.978916172255097        130.47815709593812        178.17609293351933        229.96168595855985        284.91369429282253        342.29054783642476     
   5.4974018001037450        8.4470267087828965        28.418599079641687        59.575845440519743        99.909604912457894        147.57906192571812        201.11909532710979        259.37353919123302        321.38325032474921        386.36599414591626     
   6.0190445678066622        9.9191695196828924        32.754814641033065        67.868319381006486        113.05450294258243        166.37905042974629        226.32165024961679        291.68741804153035        361.48704823385623        434.89830740035228     
   6.5901854779032725        11.611340912350050        37.595061478701304        77.026708450301143        127.50224270744253        187.00204448421874        253.94744364069575        327.11905929526279        405.50077403690034        488.23094090944471     
   7.2155213579010242        13.544467515017660        42.976501787712110        87.111491049377662        143.34706482107026        209.57654875549864        284.16986297615159        365.89536252701788        453.71024550891508        546.71814051479544     
   7.9001947124089602        15.739629990673452        48.938487717051196        98.187204689286574        160.68806801279399        234.23731742205226        317.17254883606853        408.25103450727300        506.40992513600935        610.72759212622509     
   8.6498360129766851        18.217998679958836        55.522387339054092        110.32294224357217        179.62771723762415        261.12760778204824        353.14578228648401        454.42775863320117        563.90798298812877        680.64531935661580     
   9.4706100007722398        21.000919870145154        62.771400491548981        123.59253147842239        200.27204584868821        290.39878318985132        392.28460376934299        504.67969584275505        626.52715021155950        756.87088249104306     
   10.369266382873457        24.109994872330088        70.730262298132700        138.07380394357651        222.73305449755603        322.20661186318648        434.79344587082318        559.27227926344665        694.59835625193591        839.81539919061515     
   11.353195339077612        27.567462626026582        79.445735830489042        153.84789945557588        247.13091918727613        356.71147423555539        480.88892050303269        618.47841191478290        768.46713105912863        929.91009338630215     
   12.430488295695186        31.396312357511981        88.966925214335475        170.99751519178395        273.59064421976126        394.08226743164084        530.79198158490385        682.58307426097201        848.49317668450647        1027.5992177796843     
   13.610004466105526        35.620835259785089        99.346613303752591        189.60832259661728        302.23946535591767        434.49704584187310        584.73293453213921        751.88332370857972        935.04767238198929        1133.3447303083540     
   14.901443705277449        40.266769692214119        110.64146947131400        209.77171409823609        333.20891813084660        478.13732574969441        642.95444061516321        826.68577693815189        1028.5183445592249        1247.6269443630192     
   16.315426277379739        45.361565565240106        122.91184541043418        231.58635740061612        366.64038444540734        525.19277736910567        705.70439686814689        907.31151279089499        1129.3072448312307        1370.9450619593315     
   17.863580192457370        50.934644382579989        136.22110036898545        255.15562487794071        402.68141823164279        575.86257671263525        773.24482797182395        994.09402116590070        1237.8342676300472        1503.8161630543491     
   19.558636830395095        57.017159942053148        150.63398743346312        280.58396613003305        441.48434379627400        630.35466297220410        845.84463362989356        1087.3781151796923        1354.5309955397368        1646.7740923305978     
   21.414535638539547        63.641528926621440        166.21584842957884        307.97941320660198        483.21263362721305        688.89126941183918        923.79051739593774        1187.5231459481975        1479.8464588559120        1800.3809696838300     
   23.446538763970572        70.841244318963518        183.03523003228642        337.45799154046841        528.03346901137900        751.70416870766462        1007.3885296583769        1294.9170811429440        1614.2657732006865        1965.2342611012973     
   25.671356563109935        78.650890940265754        201.16723415150486        369.13978054361945        576.12210861313997        819.03097373625076        1096.9593476122168        1409.9743047359186        1758.3020262304815        2141.9425548857193     
   28.107285020807289        87.106486926799178        220.69205165450035        403.15043834575937        627.65984361390076        891.11831137356432        1192.8203921632144        1533.1058536612748        1912.4627571705280        2331.1236165911132     
   30.774356208980628        96.246691432404418        241.69135785239183        439.62617666632599        682.83809234167325        968.23643691856273        1295.3054208304566        1664.7233760888823        2077.2729633032291        2533.4799874697605     
   33.694503022121602        106.11313380106610        264.24708715782612        478.70214827427623        741.86141473204214        1050.6690220358887        1404.8027891660458        1805.3096593926109        2253.3582779064500        2749.8051925216441     
   36.891739544382439        116.75090204863650        288.44824139234231        520.52284887713529        804.95505301833407        1138.6887144855666        1521.7238883809141        1955.4172158663177        2441.3898624873518        2980.8037094855472     
   40.392358531509046        128.20769817674068        314.39039646369577        565.24763044116946        872.34852431242712        1232.5837552948940        1646.4140916307288        2115.5178372854298        2641.8957350971132        3227.0336473384118     
   44.225147631630513        140.53280248974602        342.16858299747054        613.04001295857211        944.25432525466442        1332.7323605294232        1779.2210601980530        2285.9878760395432        2855.3667193668116        3489.3971642852248     
   48.421626123015102        153.77554573780563        371.88478902032222        664.05430559793820        1020.8946226814323        1439.5366739133317        1920.7284377364158        2467.4878429513187        3082.7819144586247        3769.2881425108940     
   53.016304115627769        167.98521362454252        403.65228646171232        718.46114084900989        1102.5813254134537        1553.2590052531341        2071.5812018386259        2660.9879656994963        3325.2784422364716        4067.3787940861171     
   58.046966348054411        183.21458365561799        437.58171395652647        776.48048824060436        1189.6674354941513        1674.1216629754263        2232.0340777055135        2866.9185067907274        3583.0468910224840        4383.6497118875313     
   63.554982913623071        199.52303712343328        473.78199804967090        838.33942269463989        1282.3781812883358        1802.7266459724422        2402.2615487980738        3085.2731860558415        3856.3249488127121        4719.9936388913884     
   69.585649471004459        216.97388630652497        512.37338620429000        904.19332827503524        1380.8460395149625        1939.8007364712967        2583.3084218720724        3317.2521274357941        4147.2514691090028        5078.8543208803330     
   76.188559737046049        235.62780309851092        553.51101625865999        974.18115447025184        1485.5100599735108        2085.4543633664694        2776.3668238390992        3564.7182571752078        4457.4293388561055        5459.3003652650550     
   83.418013325063441        255.54388179583790        597.34338635976360        1048.6320612245061        1597.0454696498130        2239.6751602765912        2981.0550155819678        3827.2549255465365        4785.3092382838850        5861.3386460100983     
   91.333462282486295        276.79275364592598        643.96776363996230        1127.9368621015840        1715.6273747707830        2403.5026550372090        3197.4324158099007        4104.3884483732136        5132.4006127437578        6290.5084910060541     
   100.00000000000004        299.45492318689651        693.49699701444138        1212.2184150261126        1841.1392210088300        2578.3168640580934        3427.7642702829185        4399.5204378306080        5503.1457723532139        6746.8779224138289     
