   1.0000000000000002E-003   7.9501407282610560E-009   1.7610231911763229E-008   3.0409816947817487E-008   4.5448746799984857E-008   6.1651225044080517E-008   7.7983264579750452E-008   9.3657002724664993E-008   1.0819031877346686E-007   1.2134576600721262E-007
   1.0948889651276870E-003   1.1346160728564336E-008   2.5132703226220125E-008   4.3399821486272891E-008   6.4862853844426573E-008   8.7986460363824810E-008   1.1129630752453584E-007   1.3366779344458406E-007   1.5441132470840259E-007   1.7318803453829245E-007
   1.1987818459583783E-003   1.6185227242251564E-008   3.5851645022874295E-008   6.1909577330374644E-008   9.2526461127842122E-008   1.2551214147278708E-007   1.5876525529076868E-007   1.9068132405389967E-007   2.2027462824630387E-007   2.4706178249086697E-007
   1.3125330147352270E-003   2.3076139220170315E-008   5.1115598975084553E-008   8.8267782969683672E-008   1.3191990643160168E-007   1.7894934513584450E-007   2.2636239952755739E-007   2.7187117675379769E-007   3.1406762085951430E-007   3.5226254471155053E-007
   1.4370779141993756E-003   3.2881282771975616E-008   7.2834824196998860E-008   1.2577312612880200E-007   1.8797321716148647E-007   2.5498565064134077E-007   3.2254775081034353E-007   3.8739911021978630E-007   4.4752987801117254E-007   5.0195802224684594E-007
   1.5734407502856105E-003   4.6822385649042683E-008   1.0371555269507967E-007   1.7909880271804699E-007   2.6767068076648148E-007   3.6309523817724059E-007   4.5930651325928828E-007   5.5166126400371269E-007   6.3729288818587837E-007   7.1480297159363108E-007
   1.7227429147699432E-003   6.6624998706666481E-008   1.4758002858489642E-007   2.5484516971917960E-007   3.8087680732603671E-007   5.1665930439842655E-007   6.5356647950307577E-007   7.8499072119736896E-007   9.0684700835886266E-007   1.0171454619918178E-006
   1.8862122071335180E-003   9.4725682626157349E-008   2.0982544514133890E-007   3.6233225091993940E-007   5.4152076179439403E-007   7.3457273961771744E-007   9.2923057998291175E-007   1.1160989952290166E-006   1.2893620935692505E-006   1.4461906640234019E-006
   2.0651929314796274E-003   1.3455646852242409E-007   2.9805405067166004E-007   5.1468782209226095E-007   7.6922255109609561E-007   1.0434500408179404E-006   1.3199675026644299E-006   1.5854281055628274E-006   1.8315601164169258E-006   2.0543446038825953E-006
   2.2611569515367451E-003   1.9094461386594020E-007   4.2295864429104478E-007   7.3037651106313408E-007   1.0915783243297459E-006   1.4807253028456757E-006   1.8731333767824400E-006   2.2498612796915174E-006   2.5991573839255208E-006   2.9153184520537928E-006
   2.4757157946593421E-003   2.7066357799112942E-007   5.9954303754988742E-007   1.0353073268557773E-006   1.5473101551449713E-006   2.0989248633380149E-006   2.6551769265134789E-006   3.1892155746432066E-006   3.6843653558119010E-006   4.1325418131373224E-006
   2.7106339043648361E-003   3.8319712131128982E-007   8.4881460580186499E-007   1.4657564073822642E-006   2.1906341937997487E-006   2.9715926356753022E-006   3.7591353526583196E-006   4.5152458298171798E-006   5.2162927076679713E-006   5.8508301236842375E-006
   2.9678431503900389E-003   5.4178862304244415E-007   1.2001086270234969E-006   2.0723807560800399E-006   3.0972593310695477E-006   4.2014271749262456E-006   5.3149281316755598E-006   6.3840093656928028E-006   7.3752298754626801E-006   8.2724066649857077E-006
   3.2494587155918438E-003   7.6489573719072606E-007   1.6943104860336363E-006   2.9257824374763397E-006   4.3727030552887809E-006   5.9315619121011366E-006   7.5036269901018103E-006   9.0130066458229266E-006   1.0412450918396766E-005   1.1679112729880905E-005
   3.5577964903394962E-003   1.0781481236702121E-006   2.3881922434633196E-006   4.1239970866145525E-006   6.1634832150025124E-006   8.3607463641711501E-006   1.0576660574991590E-005   1.2704249036601178E-005   1.4676862278217249E-005   1.6462296895310592E-005
   3.8953921174427275E-003   1.5170169584253820E-006   3.3603258721602786E-006   5.8027050435232615E-006   8.6723787414539716E-006   1.1764046540939513E-005   1.4882000717964111E-005   1.7875712002687451E-005   2.0651337990605341E-005   2.3163567752422328E-005
   4.2650218442334201E-003   2.1304804438970325E-006   4.7192027442389322E-006   8.1492522808680772E-006   1.2179384046107607E-005   1.6521268189786046E-005   2.0900117561642617E-005   2.5104521071521857E-005   2.9002607499493481E-005   3.2530745389545363E-005
   4.6697253532797080E-003   2.9858076752311628E-006   6.6138304094965322E-006   1.1420949138730336E-005   1.7069056375987702E-005   2.3154050956477277E-005   2.9290901973747535E-005   3.5183308652501268E-005   4.0646355582515184E-005   4.5590870783569602E-005
   5.1128307594829414E-003   4.1751341815967468E-006   9.2482981432399396E-006   1.5970222333421196E-005   2.3868104926393009E-005   3.2376853446691630E-005   4.0958157331388779E-005   4.9197669804579371E-005   5.6836690496967800E-005   6.3750539321543470E-005
   5.5979819791232878E-003   5.8240283240735058E-006   1.2900752493549189E-005   2.2277382059611985E-005   3.3294359678852901E-005   4.5163371263428665E-005   5.7133608528421870E-005   6.8627052197625771E-005   7.9282672358078329E-005   8.8926571022909196E-005
   6.1291686959257363E-003   8.1028649083482188E-006   1.7948591165327094E-005   3.0994126658826685E-005   4.6321785543310534E-005   6.2834714076434039E-005   7.9488426048473867E-005   9.5478679681517526E-005   1.1030298185077549E-004   1.2371943362334974E-004
   6.7107591705751436E-003   1.1241463838538262E-005   2.4900889409549111E-005   4.2999535757885823E-005   6.4264156710774328E-005   8.7172884024910307E-005   1.1027673743295561E-004   1.3245986817488290E-004   1.5302490261179426E-004   1.7163632216528568E-004
   7.3475361634921530E-003   1.5548247042337288E-005   3.4440834978891390E-005   5.9473344929003882E-005   8.8884551291129282E-005   1.2056925969047773E-004   1.5252338741483256E-004   1.8320343924009268E-004   2.1164457631868430E-004   2.3738288187571534E-004
   8.0447362662841772E-003   2.1434541054236741E-005   4.7479561413950245E-005   8.1988900467976823E-005   1.2253424532573405E-004   1.6621292643645655E-004   2.1026204447913580E-004   2.5255351670828952E-004   2.9175689615611687E-004   3.2723289757940262E-004
   8.8080929653170624E-003   2.9444925701269099E-005   6.5223374251202642E-005   1.1262923635100484E-004   1.6832614077328170E-004   2.2832579420616465E-004   2.8883239092308328E-004   3.4692213567008492E-004   4.0076700230133491E-004   4.4948926839769314E-004
   9.6438837915444661E-003   4.0295470799290469E-005   8.9258450102867770E-005   1.5413331480109178E-004   2.3035323470457569E-004   3.1245871545185796E-004   3.9525430309779105E-004   4.7473806402911490E-004   5.4840796108038107E-004   6.1506367322924688E-004
   1.0558981944335792E-002   5.4919262638373513E-005   1.2165168869187107E-004   2.1007015688775165E-004   3.1394872636073792E-004   4.2584395245128160E-004   5.3867305880255618E-004   6.4698054199670350E-004   7.4735602021544284E-004   8.3816505368194570E-004
   1.1560912813835747E-002   7.4521414772465194E-005   1.6507256775432068E-004   2.8504920260442125E-004   4.2600013838219644E-004   5.7782061235644056E-004   7.3089632137148886E-004   8.7782248459782855E-004   1.0139713283778998E-003   1.1371276635343262E-003
   1.2657915866672035E-002   1.0064279438759243E-004   2.2293425471754964E-004   3.8496377040765910E-004   5.7531253350533434E-004   7.8032595960845976E-004   9.8701330796293631E-004   1.1853708084792487E-003   1.3691488962435602E-003   1.5353605435489356E-003
   1.3859012403933871E-002   1.3523107621707449E-004   2.9955106470187001E-004   5.1726294138946128E-004   7.7301439528554337E-004   1.0484445900304357E-003   1.3260867693220709E-003   1.5924933620074478E-003   1.8392682942000402E-003   2.0624060543678814E-003
   1.5174079748634946E-002   1.8071877394646452E-004   4.0031122742627349E-004   6.9124944011980400E-004   1.0330013345633774E-003   1.4010069828042314E-003   1.7719043987750082E-003   2.1277131169549191E-003   2.4572160496781877E-003   2.7550743528614230E-003
   1.6613932472747905E-002   2.4010192544074728E-004   5.3185115327990815E-004   9.1838006306822946E-004   1.3723831399368096E-003   1.8611912587853288E-003   2.3537317485970701E-003   2.8261003234353807E-003   3.2634007331187914E-003   3.6585639195368044E-003
   1.8190411331788243E-002   3.1701984841496955E-004   7.0223204597812496E-004   1.2125698664803084E-003   1.8119353481195249E-003   2.4571285023613563E-003   3.1070651527022137E-003   3.7301582152225242E-003   4.3067525555846170E-003   4.8275556441873292E-003
   1.9916480638308576E-002   4.1583109746412414E-004   9.2110812639615040E-004   1.5904815809952464E-003   2.3765273815972367E-003   3.2224729528101126E-003   4.0743342613186817E-003   4.8906396873691976E-003   5.6456327586904987E-003   6.3271941114999000E-003
   2.1806334875063296E-002   5.4168431830337363E-004   1.1998836530668498E-003   2.0717954171686954E-003   3.0955197246739980E-003   4.1969259235234051E-003   5.3055384398661204E-003   6.3672738514635105E-003   7.3486260900358612E-003   8.2339239854244128E-003
   2.3875515424585839E-002   7.0059575458345457E-004   1.5518848763219502E-003   2.6795044290577313E-003   4.0031972706817635E-003   5.4268034428241255E-003   6.8589291736840738E-003   8.2295352928243738E-003   9.4953683549732562E-003   1.0636351382624157E-002
   2.6141038375114913E-002   8.9955700848505483E-004   1.9925992923091281E-003   3.4403258210956235E-003   5.1393733520251660E-003   6.9658287949712072E-003   8.8019661268412958E-003   1.0557728597794337E-002   1.2177724647200881E-002   1.3636487023923203E-002
   2.8621534453892730E-002   1.1467370884109987E-003   2.5401239373431324E-003   4.3854724060754689E-003   6.5505278820047145E-003   8.8766404646398855E-003   1.1213165115856799E-002   1.3445130513348318E-002   1.5502178915363639E-002   1.7352343264075934E-002
   3.1337402238589059E-002   1.4518325212251222E-003   3.2159414493994963E-003   5.5519879179069705E-003   8.2917812021556028E-003   1.1233420890528787E-002   1.4185348688193449E-002   1.7001805296050651E-002   1.9594153916093437E-002   2.1922704960929656E-002
   3.4310975906798831E-002   1.8266349418027644E-003   4.0461764233179235E-003   6.9849062335425507E-003   1.0430086122448260E-002   1.4126157626333576E-002   1.7830942384786958E-002   2.1360868406957372E-002   2.4605167385170306E-002   2.7515106160248538E-002
   3.7566708903115982E-002   2.2848348218354963E-003   5.0611636919112371E-003   8.7365040208336100E-003   1.3043092332397511E-002   1.7659068718180522E-002   2.2279955833059927E-002   2.6676072792961122E-002   3.0710111900011001E-002   3.4322903619501167E-002
   4.1131375034185735E-002   2.8427707247621471E-003   6.2971049027662719E-003   1.0869144068431816E-002   1.6223352377240652E-002   2.1956253259199573E-002   2.7687107610904853E-002   3.3130413378659809E-002   3.8117318741526032E-002   4.2576744862582366E-002
   4.5034288645458394E-002   3.5242967798758368E-003   7.8067928061219720E-003   1.3473640595338050E-002   2.0105470983596226E-002   2.7198084573786550E-002   3.4277352821398155E-002   4.0990274320455877E-002   4.7130555916410834E-002   5.2613523896323879E-002
   4.9307545690287481E-002   4.3482526442767885E-003   9.6319696993445326E-003   1.6621824509179026E-002   2.4795845239134758E-002   3.3527045716158603E-002   4.2228472880123241E-002   5.0466562996997234E-002   5.7990990354683976E-002   6.4701519057209333E-002
   5.3986287673825017E-002   5.3276228042079214E-003   1.1801562569096029E-002   2.0363784046504293E-002   3.0369214087515559E-002   4.1044275191971381E-002   5.1668408690590015E-002   6.1713371789484384E-002   7.0877355235894779E-002   7.9041992493516969E-002
   5.9108990642279875E-002   6.4941850984570034E-003   1.4385944644285782E-002   2.4820774285570304E-002   3.7006096542548175E-002   4.9993749572011859E-002   6.2904844985006772E-002   7.5098964161980475E-002   8.6213080384497057E-002   9.6107142683723626E-002
   6.4717781594067936E-002   7.8428540431716917E-003   1.7374781851186499E-002   2.9977355416412443E-002   4.4688377533690399E-002   6.0359078733951584E-002   7.5927387855521722E-002   9.0621400706138472E-002  0.10400548252406853       0.11591356836848006     
   7.0858784914888756E-002   9.3763327629595664E-003   2.0775677297505197E-002   3.5851263142914855E-002   5.3452078373650007E-002   7.2203174796279676E-002   9.0830700659697117E-002  0.10840754454348243       0.12441206167909252       0.13864764204806895     
   7.7582501685667909E-002   1.1116936759119208E-002   2.4640306930075261E-002   4.2538613384051287E-002   6.3454231584147577E-002   8.5755331603393270E-002  0.10791790825112681       0.12882998851753433       0.14786982587257738       0.16480652214008559     
   8.4944224982638025E-002   1.3146928858792012E-002   2.9152149755993253E-002   5.0361359285455577E-002   7.5183573003049523E-002  0.10167923523806750       0.12801750226471181       0.15286656884637451       0.17549199104787150       0.19562618990814526     
   9.3004494584813954E-002   1.5523143665789474E-002   3.4440060627550256E-002   5.9552015214893006E-002   8.8998914566961185E-002  0.12046071292226143       0.15173289075219415       0.18123238471597114       0.20810193615040271       0.23203320348034945     
  0.10182959482819059        1.8272151638120817E-002   4.0569350674808123E-002   7.0241284722996761E-002  0.10511154281259705       0.14238842735574339       0.17943150976421865       0.21438284898090862       0.24624953411456638       0.27467168785872687     
  0.11149209970080924        2.1368092640219098E-002   4.7496799934396865E-002   8.2386784063525439E-002  0.12348674570537450       0.16744123266691660       0.21113173389627493       0.25240360756120267       0.29010348703767358       0.32379799189250347     
  0.12207146966133181        2.4721322931114682E-002   5.5051419971148589E-002   9.5747220861333748E-002  0.14382003961952611       0.19528662139314315       0.24653007540092947       0.29506322467633683       0.33952694398873912       0.37937833579953001     
  0.13365470508911154        2.8380719752695016E-002   6.3369033423154142E-002  0.11059186950029742       0.16653719580609769       0.22655535250434811       0.28650229531855620       0.34349176031894346       0.39589424594703199       0.44301296884709968     
  0.14633706173946351        3.2599584631263147E-002   7.3020343504989385E-002  0.12787863133971514       0.19301125429656182       0.26306585094071672       0.33330200869295146       0.40033733965253460       0.46220003049110508       0.51799747675982777     
  0.16022283408774773        3.7379644768472137E-002   8.4042166566736784E-002  0.14768761975650815       0.22341867283381645       0.30516538968554685       0.38748441637385339       0.46637678402053273       0.53944594420459957       0.60555426410293567     
  0.17542621300415920        4.2516751051979940E-002   9.6051904411278768E-002  0.16946222199505739       0.25715032380917774       0.35232288014696650       0.44868893038304536       0.54148399325253604       0.62777993566014290       0.70612287484886671     
  0.19207222481239303        4.8119895602719884E-002  0.10932197736364181       0.19371678142226992       0.29509292875037613       0.40586908596503968       0.51871766937228059       0.62793687278391608       0.72994483328588844       0.82288837389982594     
  0.21029775945461360        5.4424237315682966E-002  0.12436686026099275       0.22135070884101424       0.33863595654529988       0.46771930633016862       0.60002004418884214       0.72871410620032695       0.84943452610913395       0.95983684844514183     
  0.23025269621793309        6.1289830870987841E-002  0.14094723845601365       0.25216574552498389       0.38780420024478940       0.53828078499447241       0.69351652021967836       0.84533622057359714       0.98841347760377574        1.1197840039116638     
  0.25210113627991265        6.8777922478702416E-002  0.15924996512783410       0.28666558082032412       0.44358563005064361       0.61916860211767744       0.80155696689494715       0.98095026724368095        1.1508492231651930        1.3075084327735975     
  0.27602275220902728        7.7012607554396859E-002  0.17960576359023933       0.32559441561734748       0.50731343177358690       0.71247273385747323       0.92711857509004247        1.1395006964959831        1.3416891929219423        1.5289569190627925     
  0.30221426551783803        8.5963288844925309E-002  0.20209069138928845       0.36938973478549397       0.58006211932050078       0.82017978066728547        1.0733081825008222        1.3253395897475369        1.5665868175202620        1.7910834404834604     
  0.33089106441964966        9.5721332485922905E-002  0.22705420139706659       0.41893033323410522       0.66354863817236098       0.94515287112886093        1.2443698036200967        1.5442372930730588        1.8329097338529630        2.1028589660964854     
  0.36228897509242902       0.10632437002483573       0.25479178747940229       0.47510642203867681       0.75967819884208820        1.0907232098159547        1.4453681962081504        1.8031808483373910        2.1496607058546431        2.4753140203645381     
  0.39666620101612027       0.11784905132839713       0.28571360931606438       0.53906836448094808       0.87086164134390587        1.2610674901798224        1.6826247097791738        2.1108720596023445        2.5280448132839806        2.9221819675164515     
  0.43430544633167090       0.13038194855641083       0.32029661346199889       0.61219539752838081        1.0000362290217224        1.4613111629605728        1.9639216082080324        2.4780422004780709        2.9818998558083312        3.4604482491791093     
  0.47551624068340170       0.14403394291160265       0.35911885067402122       0.69617399082198783        1.1508113523685248        1.6977625743937304        2.2988381097982984        2.9178981576279890        3.5282599015290619        4.1110381394164435     
  0.52063748466325777       0.15892248620624852       0.40285376048031774       0.79304487331383222        1.3276041636127716        1.9781601088677574        2.6991185896087360        3.4466155713541622        4.1879788399656181        4.8995782353564552     
  0.57004023678963622       0.17519530970327038       0.45233000419564467       0.90532151448604925        1.5358421783494656        2.3119802361379831        3.1790966244309313        4.0838835258089183        4.9864032864790380        5.8572090353377204     
  0.62413076493974640       0.19303519118711185       0.50856317634911496        1.0360854732228508        1.7821610123054543        2.7107592315375069        3.7561409129707011        4.8534683292756222        5.9540569822137197        7.0214027303004478     
  0.68335388732923041       0.21267075749701511       0.57279656826409875        1.1891019768374258        2.0746355388630429        3.1884491508305719        4.4511187627536835        5.7837660716029369        7.1272825740504278        8.4367114120065825     
  0.74819663051388374       0.23435685481479257       0.64652321651800870        1.3689451950401197        2.4230337407273987        3.7617809542339788        5.2888265993741035        6.9082679268552880        8.5487395342286820        10.155320531422968     
  0.81919223449536838       0.25839017336222125       0.73155810275894151        1.5811704798804997        2.8390975923966670        4.4506125622699138        6.2983395798810111        8.2658634110848261        10.267656683985118        12.237280280026019     
  0.89692453786727211       0.28515175909406676       0.83012292170708435        1.8324936679150654        3.3368119077113318        5.2782051937490415        7.5131934392294131        9.9008616906007187        12.339688370664986        14.750234924521296     
  0.98203277906312625       0.31508506027238459       0.94490218842716467        2.1309741062361409        3.9326462149616308        6.2713808685644601        8.9713188181257575        11.862625005077703        14.826248462264077        17.768506587582248     
   1.0752168531898927       0.34872375428269997        1.0791440242761203        2.4862099425642574        4.6457294440075394        7.4604817222835873        10.714620951777688        14.204693742652916        17.793198658844481        21.371409097406005     
   1.1772430676769294       0.38671637795799929        1.2367649347460452        2.9095193308195584        5.4979145364954780        8.8790660927897171        12.788137895001118        16.983358491794704        21.308882110455791        25.640818749013189     
   1.2889504440725368       0.42984436064222181        1.4224597419038947        3.4140820172492701        6.5136686079891586        10.563261792170833        15.238724822954300        20.255688694968207        25.441589616789340        30.658164378089108     
   1.4112576178114535       0.47904864844739498        1.6418188198782897        4.0150158209850293        7.7197403265042945        12.550752582890826        18.113324619469019        24.077201494002274        30.256776152833474        36.501279371441669     
   1.5451703926941469       0.53546300267067648        1.9014435574848436        4.7293531867871232        9.1445646710348196        14.879427980475411        21.456995864715957        28.499515480201993        35.814543926220352        43.241785134008452     
   1.6917900122028373       0.60044980424031036        2.2090464591059549        5.5758752936610234        10.817386560527586        17.585800833249959        25.310990970385692        33.568478143531138        42.168050887619735        50.943806565744744     
   1.8523222156741213       0.67564251888504390        2.5735246091782513        6.5747769677800187        12.767151724140689        20.703422312353343        29.711326880100458        39.323381146974583        49.363570183165123        59.664819583362089     
   2.0280871538024625       0.76299188816978691        3.0049884376795561        7.7471460166737058        15.021271801940086        24.261607109347914        34.688330084360580        45.797803981032800        57.442705132195258        69.459067053178273     
   2.2205302450155360       0.86481562561700276        3.5147238220240631        9.1142651277312652        17.604436886955941        28.284823748281337        40.267554396409714        53.022343513425973        66.446766882404077        80.383297676389475     
   2.4312340619997870       0.98400413373004936        4.1154865109999452        10.697567935129340        20.538888816879684        32.794644329737636        46.474161547663840        61.031248205913236        76.425155130789705        92.506520591256347     
   2.6619313461261318        1.1234027411523135        4.8194720256166654        12.514408154055920        23.838946368911433        37.804490573661241        53.328319773713979        69.857905269210832        87.430369058668703        105.90445669697660     
   2.9145192568009906        1.2869189174907190        5.6408548052244001        14.582664184384168        27.519463226170600        43.333055508494269        60.862846491124422        79.555101380163052        99.539918097926289        120.68296862139226     
   3.1910749729235515        1.4787752200095261        6.5932622512734991        16.916290037025867        31.590992666356897        49.399596386241591        69.117320937105177        90.186582111248129        112.84525863876669        136.96514379277821     
   3.4938727747491285        1.7037679199872295        7.6899477232725628        19.526400704954877        36.063433574359102        56.029660858278497        78.143603176835626        101.83114960359792        127.45502387721520        154.89452234786080     
   3.8254027466328799        1.9672318929830743        8.9432347475023928        22.421450758769222        40.948020789671240        63.257398622694595        88.006045452251030        114.58083464833189        143.49259429033904        174.63270303858948     
   4.1883912544574775        2.2749948891043754        10.364084315158788        25.607952780256561        46.259510014305746        71.126907761361210        98.780279777923795        128.53875680870027        161.09443566960667        196.35777342028896     
   4.5858233661428098        2.6332862204051599        11.961775513190361        29.091482955664652        52.017994295151290        79.692184440137737        110.55126553730861        143.81782397844762        180.40949936205328        220.26299223571183     
   5.0209673996144657        3.0485965699665303        13.743750302464132        32.877812414071741        58.250114236873451        89.016002585545678        123.41205259361176        160.54100179459550        201.59910114462701        246.55485870574813     
   5.4974018001037450        3.5275318875388963        15.715750333428028        36.974194135999902        64.989838427575876        99.168882001632682        137.46479000653147        178.84302216081323        224.83667175635529        275.45042649336955     
   6.0190445678066622        4.0766217905768993        17.882092725658442        41.390447546408545        72.278516278754992        110.22878231741568        152.82334465305127        198.87152568968179        250.30598030245690        307.17345826190950     
   6.5901854779032725        4.7021153088976293        20.246082989486133        46.139873165037741        80.164559039884040        122.28257553665007        169.61642530998469        220.78706983302487        278.19899784523233        341.95440065731037     
   7.2155213579010242        5.4098103594722167        22.810571783921169        51.240120783748210        88.703316169134297        135.42954500028318        187.99013700966532        244.76307907197139        308.71889627477123        380.04336042664892     
   7.9001947124089602        6.2048406571539125        25.578350653693082        56.713644921489156        97.957052029884736        149.78513637550722        208.10896467683986        270.98832725930839        342.09440854126672        421.73060732226855     
   8.6498360129766851        7.0916422086659638        28.552874799732376        62.588737733289129        107.99683832505079        165.48538874190683        230.15876962251184        299.68031502948810        378.60099121173636        467.35186318016957     
   9.4706100007722398        8.0738569600801942        31.738645000643977        68.900091027940590        118.90514180262699        182.68964905885096        254.35325283117567        331.10441096062209        418.56166721839122        517.26910054766131     
   10.369266382873457        9.1543212755293055        35.141636474441285        75.689547036451501        130.77995872515052        201.58374800226878        280.95007351774871        365.58198890457794        462.33059128204775        571.87421087777318     
   11.353195339077612        10.335266864610611        38.770122142992790        83.007559730255153        143.74053493627648        222.38689863997891        310.27230518865701        403.48192879380679        510.30742272495115        631.65313965826533     
   12.430488295695186        11.618240738486175        42.634774194178902        90.913543352350516        157.93104456321385        245.36310600968315        342.71362046118060        445.22406902528104        562.99981428700153        697.21002941432084     
   13.610004466105526        13.004467580681929        46.749891219569449        99.478491478722034        173.52653949971861        270.84511587251365        378.73650074854066        491.33622500940822        621.04016406562107        769.21156617227950     
   14.901443705277449        14.494872763980451        51.133943469765441        108.78732383584847        190.73797653459300        299.25465079397088        418.89582367034654        542.49542998933669        685.13616642951251        848.45022947506084     
   16.315426277379739        16.090405123956511        55.811027456213210        118.94404890395052        209.82256368108756        331.11079646532801        463.91238581488847        599.50258616320900        756.17135331741656        935.95290236081269     
   17.863580192457370        17.792229841788647        60.812243490852154        130.07804710069570        231.10128544568957        367.04207897005824        514.71226319069285        663.33977884567310        835.29220410243886        1032.9098838338575     
   19.558636830395095        19.602068136249390        66.177665686378276        142.35202465739067        254.98659581855480        407.84566585406282        572.41727635662289        735.30355993188607        923.85704449801881        1140.8426139750034     
   21.414535638539547        21.522338080086506        71.958116181102966        155.96988091511767        282.00816559907008        454.57673638881874        638.46541468730288        816.99071235614554        1023.6368607933612        1261.6439989561375     
   23.446538763970572        23.556554924649426        78.217843901664196        171.18693051875047        312.82967577248235        508.57524349234802        714.74651015446238        910.44244131129233        1136.8509835861187        1397.7003097354591     
   25.671356563109935        25.709678290360767        85.037498793182323        188.32334609766940        348.27992216876146        571.51649553655739        803.63286918688755        1018.3088729177769        1266.3392072348659        1552.0407973964552     
   28.107285020807289        27.988441364348560        92.517730591261838        207.78355598026272        389.43322768890420        645.61890748354710        908.22609738770200        1143.9590305075553        1415.7572135017169        1728.5539849590364     
   30.774356208980628        30.402091943912652        100.78485724817861        230.08856823997166        437.71820086024655        733.77245351694694        1032.5587476493895        1291.8039359261227        1589.7933798370466        1932.1906496979766     
   33.694503022121602        32.962868112900992        109.99787339327375        255.91650340030714        494.96210321904294        839.66963938314564        1181.8467962282652        1467.5337261838122        1794.5965957679196        2169.4382422675540     
   36.891739544382439        35.686886070369027        120.35901508114966        286.14913264870796        563.50535655254680        968.24979830471182        1362.9986596338358        1678.6032188109759        2038.0165846369614        2448.5279305306185     
   40.392358531509046        38.595211324331721        132.12808779513648        321.91453790025810        646.46594516570644        1125.8380752134676        1584.8721517349875        1934.7557075689051        2330.4706447679996        2780.6495517661597     
   44.225147631630513        41.715434442925520        145.64087177200628        364.67063954363437        747.92764480308108        1320.9697551589743        1859.4309585537935        2248.8539857742103        2685.5617750267879        3178.8644488014379     
   48.421626123015102        45.083294808078087        161.33166995103545        416.33288479955081        873.16413231561626        1564.4274013356880        2202.1037820729948        2636.9182177466828        3121.3934411625532        3664.0549647231469     
   53.016304115627769        48.745153420146252        179.76194796038104        479.45766098087921        1029.2720150532830        1871.2847951079445        2633.3414879768989        3123.3000449765809        3658.8990631916922        4258.2185636416498     
   58.046966348054411        52.761215095630838        201.66002788494654        557.31871239854331        1225.3474422219963        2260.3825828350564        3179.1237748966773        3733.9275628047262        4334.7843211803638        4992.0905915816893     
   63.554982913623071        57.209571172857153        227.97172969950495        654.28500420639648        1474.0272374545380        2756.6372236546963        3879.6987544124663        4507.6116045562594        5183.4031045879547        5913.8475674260526     
   69.585649471004459        62.191710931443417        259.93921585665299        776.07864025812955        1790.4256942966604        3395.0822271719308        4773.1586142332744        5501.1225393485138        6256.9118255079920        7076.5991919342150     
   76.188559737046049        67.839473457743154        299.19181385180963        930.27294288285850        2197.0226591571372        4221.1355476997041        5930.4499019973855        6774.2698300023185        7637.2644537376400        8538.8566602519077     
   83.418013325063441        74.324842832623531        347.88946173688635        1126.7331962367800        2722.4402382094881        5285.6026597017035        7434.3641590509096        8411.0561707931611        9411.5036677703447        10430.199809184487     
   91.333462282486295        81.871495745296585        408.85232561306970        1379.4883092024927        3400.9284865364502        6681.8069458353339        9387.7621957407737        10553.577730284958        11685.756752274589        12849.435378032495     
   100.00000000000004        90.772166999346354        485.81637566057691        1703.9268760745131        4284.7150114371880        8500.8518175602931        11931.653346831155        13328.747623522957        14668.354072852702        15973.633990373957     
