   1.0000000000000002E-003   1.5665670651037451E-008   3.4712391479955214E-008   5.9946785012186318E-008   8.9596427926707822E-008   1.2153667858958978E-007   1.5375570288789638E-007   1.8469823168628954E-007   2.1341195631326876E-007   2.3936895710789530E-007
   1.0948889651276870E-003   2.2367423616155787E-008   4.9557631010357245E-008   8.5580852921272761E-008   1.2790556467322124E-007   1.7350060993514208E-007   2.1949357447531382E-007   2.6366379435982311E-007   3.0465244228066043E-007   3.4170666804101110E-007
   1.1987818459583783E-003   3.1920469853069577E-008   7.0716961093616478E-008   1.2211538115559139E-007   1.8250588065277213E-007   2.4756190863749808E-007   3.1318559686495116E-007   3.7620779950085589E-007   4.3469040426344400E-007   4.8756040658894778E-007
   1.3125330147352270E-003   4.5528133824919447E-008   1.0085423185963819E-007   1.7415029465999631E-007   2.6027012883911518E-007   3.5304180278113015E-007   4.4662290108597729E-007   5.3649511613462534E-007   6.1989294818414425E-007   6.9528519454144846E-007
   1.4370779141993756E-003   6.4894336958176759E-008   1.4374204995089555E-007   2.4819917323760696E-007   3.7092997590433104E-007   5.0314140206880422E-007   6.3650478615579653E-007   7.6458263421075573E-007   8.8343424322362432E-007   9.9087652440860497E-007
   1.5734407502856105E-003   9.2431554413205806E-008   2.0472176798118280E-007   3.5348200777461548E-007   5.2826512236130952E-007   7.1654951788640949E-007   9.0647330973339985E-007   1.0888685663034383E-006   1.2581235680701689E-006   1.4111307110553511E-006
   1.7227429147699432E-003   1.3154420286706532E-007   2.9132958381581721E-007   5.0300827550337150E-007   7.5171566344376363E-007   1.0196291053840383E-006   1.2898767507353333E-006   1.5494122231946923E-006   1.7902485553578550E-006   2.0079609551350704E-006
   1.8862122071335180E-003   1.8703279125020709E-007   4.1419173582036552E-007   7.1512294265419027E-007   1.0686872975262868E-006   1.4495570887838022E-006   1.8337429725042861E-006   2.2026951655457097E-006   2.5450618855618222E-006   2.8545585246588320E-006
   2.0651929314796274E-003   2.6564811917210821E-007   5.8825403336919938E-007   1.0156163926823183E-006   1.5177249581956515E-006   2.0586005004360434E-006   2.6041808424882791E-006   3.1281262785777057E-006   3.6143170427762867E-006   4.0538241454716719E-006
   2.2611569515367451E-003   3.7686686425813357E-007   8.3447814139998751E-007   1.4406876637497138E-006   2.1529059394084251E-006   2.9201078934942784E-006   3.6939772687177074E-006   4.4371458233820222E-006   5.1267549660210988E-006   5.7501538203301770E-006
   2.4757157946593421E-003   5.3394910759823420E-007   1.1822220866219386E-006   2.0409844926332860E-006   3.0499005669808319E-006   4.1366959239395343E-006   5.2329147996141509E-006   6.2856428248366838E-006   7.2624954914550466E-006   8.1455341947202503E-006
   2.7106339043648361E-003   7.5539968464273963E-007   1.6724234219732966E-006   2.8871649510580240E-006   4.3142861107704054E-006   5.8515323644926817E-006   7.4020921593855574E-006   8.8911108040003508E-006   1.0272793371157667E-005   1.1521785820740839E-005
   2.9678431503900389E-003   1.0669754440740355E-006   2.3620784855420464E-006   4.0775861684848954E-006   6.0929737347020579E-006   8.2638507948441427E-006   1.0453478556650800E-005   1.2556173252292048E-005   1.4507264980528163E-005   1.6270945405242253E-005
   3.2494587155918438E-003   1.5044155325549978E-006   3.3302387448487294E-006   5.7486520422853976E-006   8.5897354169524943E-006   1.1649948110145017E-005   1.4736536599935007E-005   1.7700505470281266E-005   2.0450714293046764E-005   2.2936742477983021E-005
   3.5577964903394962E-003   2.1171120117792179E-006   4.6861477141505423E-006   8.0888534143319678E-006   1.2086136611309290E-005   1.6391591512255226E-005   2.0734025670107663E-005   2.4903916637147271E-005   2.8773015810995705E-005   3.2270253234516067E-005
   3.8953921174427275E-003   2.9731260979408987E-006   6.5802931205314640E-006   1.1357823759177424E-005   1.6969914089858368E-005   2.3014491346920541E-005   2.9110810022728469E-005   3.4964683120197866E-005   4.0396141063789560E-005   4.5305568515617423E-005
   4.2650218442334201E-003   4.1658347780449543E-006   9.2191936764839973E-006   1.5911719937301713E-005   2.3772983575351281E-005   3.2239718262687236E-005   4.0778642925041522E-005   4.8977641170554409E-005   5.6584805842718440E-005   6.3460882424334726E-005
   4.6697253532797080E-003   5.8228808316594721E-006   1.2884946490332718E-005   2.2237043978202997E-005   3.3221843871917568E-005   4.5052077870629651E-005   5.6982495028594841E-005   6.8437621780898560E-005   7.9065627687217201E-005   8.8671784760597805E-005
   5.1128307594829414E-003   8.1179224232554935E-006   1.7961276610228280E-005   3.0995516577753146E-005   4.6304296457702146E-005   6.2790396544787296E-005   7.9415553080492345E-005   9.5377535508903082E-005   1.1018611983617670E-004   1.2357047068071040E-004
   5.5979819791232878E-003   1.1285919265539476E-005   2.4967302807261230E-005   4.3082263395978285E-005   6.4356655410293751E-005   8.7265638818204321E-005   1.1036632020226345E-004   1.3254452101063512E-004   1.5311919210028732E-004   1.7171374297976716E-004
   6.1291686959257363E-003   1.5643415195299798E-005   3.4602199996337130E-005   5.9701890361550461E-005   8.9176955194583397E-005   1.2091406962767167E-004   1.5291450752795991E-004   1.8363450109417113E-004   2.1213154803985596E-004   2.3788580026934769E-004
   6.7107591705751436E-003   2.1613797911859094E-005   4.7800603020075852E-005   8.2465610612581647E-005   1.2316915022258327E-004   1.6699224258044429E-004   2.1117478284734623E-004   2.5358689787003113E-004   2.9292775858978323E-004   3.2847892976297282E-004
   7.3475361634921530E-003   2.9759828273751541E-005   6.5804470660176017E-005   1.1351269389736057E-004   1.6952439436873602E-004   2.2982285239321777E-004   2.9060929080661002E-004   3.4895431245323961E-004   4.0306942361539172E-004   4.5196670642505917E-004
   8.0447362662841772E-003   4.0829384070260396E-005   9.0263664516790376E-005   1.5568358826293985E-004   2.3247943990029491E-004   3.1514197699779507E-004   3.9846318791424281E-004   4.7842866006146098E-004   5.5258923179478739E-004   6.1959354738257708E-004
   8.8080929653170624E-003   5.5779995965510486E-005   1.2328868500122601E-004   2.1261218571512645E-004   3.1745130722452203E-004   4.3028079708200663E-004   5.4399609072401981E-004   6.5311520361240679E-004   7.5429802594474443E-004   8.4570994736966703E-004
   9.6438837915444661E-003   7.5857495045343899E-005   1.6762597658372764E-004   2.8902438904846632E-004   4.3148316159120377E-004   5.8477327149785493E-004   7.3923752320273625E-004   8.8743558913391971E-004   1.0248372573554169E-003   1.1489528249106699E-003
   1.0558981944335792E-002   1.0263494614735418E-004   2.2674108907860479E-004   3.9088048106555639E-004   5.8345417168632224E-004   7.9062682900141873E-004   9.9934058942507584E-004   1.1995493626033766E-003   1.3851422464993882E-003   1.5527605339241864E-003
   1.1560912813835747E-002   1.3813654984081049E-004   3.0508816963772939E-004   5.2583564979419327E-004   7.8475918723406094E-004   1.0632422874276674E-003   1.3437286730381168E-003   1.6127256799335365E-003   1.8620335748111814E-003   2.0871544438731283E-003
   1.2657915866672035E-002   1.8482848893799515E-004   4.0809232800755269E-004   7.0320885253146272E-004   1.0492590699026025E-003   1.4213447140050139E-003   1.7960097702798151E-003   2.1552207762300011E-003   2.4880530734558222E-003   2.7885436459443120E-003
   1.3859012403933871E-002   2.4567320568254095E-004   5.4226500508097622E-004   9.3417510280494054E-004   1.3935728690253437E-003   1.8873646593007450E-003   2.3844004646801698E-003   2.8608025307908474E-003   3.3020981148546699E-003   3.7003670761816048E-003
   1.5174079748634946E-002   3.2416542870298941E-004   7.1528924464564416E-004   1.2319121731580748E-003   1.8372673631670468E-003   2.4876787113001305E-003   3.1421080418815280E-003   3.7691159502736744E-003   4.3497040458681160E-003   4.8735614679147610E-003
   1.6613932472747905E-002   4.2429520256273757E-004   9.3591834294966421E-004   1.6114179092780643E-003   2.4025718217601110E-003   3.2522134322489050E-003   4.1067134450741907E-003   4.9250499831537302E-003   5.6824857311208047E-003   6.3656294306472447E-003
   1.8190411331788243E-002   5.5040593178793523E-004   1.2136818374082490E-003   2.0890010669036025E-003   3.1136491568176873E-003   4.2134418911643212E-003   5.3189201558676950E-003   6.3770449212498343E-003   7.3559362614361275E-003   8.2384127592147766E-003
   1.9916480638308576E-002   7.0699533265501245E-004   1.5584233599165984E-003   2.6814904255790129E-003   3.9953878945844269E-003   5.4047372672429194E-003   6.8204165968710545E-003   8.1745892421634884E-003   9.4266261552459207E-003   1.0554774294574461E-002
   2.1806334875063296E-002   8.9841739551677297E-004   1.9796822214477867E-003   3.4051821452036686E-003   5.0717825238497261E-003   6.8581240588982675E-003   8.6511413703751674E-003   1.0364983084970237E-002   1.1948434334195594E-002   1.3374230945224648E-002
   2.3875515424585839E-002   1.1285910047839458E-003   2.4860173442318150E-003   4.2746654160103290E-003   6.3643088994942221E-003   8.6021526189583638E-003   1.0846376389260119E-002   1.2989591843478239E-002   1.4968060414968554E-002   1.6748198390382222E-002
   2.6141038375114913E-002   1.4007779698252353E-003   3.0845382672130082E-003   5.3020389101329658E-003   7.8906948073117524E-003   1.0660274236986886E-002   1.3434793550010555E-002   1.6081693228298260E-002   1.8522752582629257E-002   2.0717102010026814E-002
   2.8621534453892730E-002   1.7177733907075888E-003   3.7813644035040940E-003   6.4977566672542947E-003   9.6662554384857619E-003   1.3052569096463181E-002   1.6440943325062060E-002   1.9669477503818686E-002   2.2643399571323514E-002   2.5313958389593619E-002
   3.1337402238589059E-002   2.0829078784525461E-003   4.5837800555857920E-003   7.8742917045085958E-003   1.1709400060422882E-002   1.5803489303072023E-002   1.9894463849832872E-002   2.3787030830285341E-002   2.7367772323609575E-002   3.0579009654957100E-002
   3.4310975906798831E-002   2.5023830147483518E-003   5.5053713547231946E-003   9.4550680895483831E-003   1.4054941395126787E-002   1.8959588793686685E-002   2.3853209948884280E-002   2.8502157020085846E-002   3.2771979386980787E-002   3.6595385844425038E-002
   3.7566708903115982E-002   2.9871290643828491E-003   6.5702209197485298E-003   1.1281535706419982E-002   1.6764691770317933E-002   2.2604176281790123E-002   2.8421360736408920E-002   3.3937919866856195E-002   3.8995512444317912E-002   4.3516582672433399E-002
   4.1131375034185735E-002   3.5603499584871317E-003   7.8293687409602530E-003   1.3441532953890634E-002   1.9969504996928251E-002   2.6913904338898852E-002   3.3820626354728760E-002   4.0357893670471288E-002   4.6339130801002000E-002   5.1675171790589398E-002
   4.5034288645458394E-002   4.2678801013069445E-003   9.3836236691441956E-003   1.6108358439568052E-002   2.3927461722225075E-002   3.2236986358153932E-002   4.0488124419777935E-002   4.8282133738687893E-002   5.5397526624578461E-002   6.1731278088404382E-002
   4.9307545690287481E-002   5.1697602133086570E-003   1.1364923387179067E-002   1.9509032331641141E-002   2.8976447531581531E-002   3.9029324464959728E-002   4.8996389471287080E-002   5.8391679251323839E-002   6.6948557522574725E-002   7.4546968818088075E-002
   5.3986287673825017E-002   6.3300521989564816E-003   1.3914339380556145E-002   2.3885948050647966E-002   3.5477841399527588E-002   4.7779321994875626E-002   5.9959067658506303E-002   7.1416691566346405E-002   8.1825948804429519E-002   9.1044153210528458E-002
   5.9108990642279875E-002   7.8184058760757541E-003   1.7184995081614727E-002   2.9503414917462695E-002   4.3826448172002805E-002   5.9021336564543697E-002   7.4049069892827862E-002   8.8158915899605117E-002  0.10094573623004599       0.11223743156603858     
   6.4717781594067936E-002   9.6230141882329926E-003   2.1151694902278965E-002   3.6320316830423416E-002   5.3965813895367802E-002   7.2686520415632255E-002   9.1187577780751705E-002  0.10853080842066921       0.12421137259099151       0.13801941206619764     
   7.0858784914888756E-002   1.1625489627779633E-002   2.5555855230961034E-002   4.3897083660952414E-002   6.5251574391992459E-002   8.7920569625514450E-002  0.11032044957092231       0.13129636484142732       0.15022538849617004       0.16685203962004677     
   7.7582501685667909E-002   1.3557890958675224E-002   2.9811128662240682E-002   5.1234822703625268E-002   7.6214580321797648E-002  0.10276781296884689       0.12902536056107125       0.15361032939322047       0.17577280987623595       0.19520364988573738     
   8.4944224982638025E-002   1.5213650848919321E-002   3.3467577221907067E-002   5.7569922556886102E-002   8.5738194332559442E-002  0.11575250599154048       0.14549081369026740       0.17336552854817117       0.19849706820427929       0.22051499141244235     
   9.3004494584813954E-002   1.6713112519954464E-002   3.6793106676309653E-002   6.3372527355423855E-002   9.4538973262058013E-002  0.12786694603048662       0.16099530587909242       0.19212330278282408       0.22022808496063212       0.24486209912899803     
  0.10182959482819059        1.8646861166294673E-002   4.1089364674414833E-002   7.0887994030073093E-002  0.10597113526924239       0.14365132958579552       0.18125520132982681       0.21669939568682683       0.24876864192584178       0.27690826286196735     
  0.11149209970080924        2.1878349365377234E-002   4.8259718481273278E-002   8.3400874127642424E-002  0.12494073046360149       0.16974061903463852       0.21460862349200005       0.25700948991761779       0.29543276788903455       0.32916815975854691     
  0.12207146966133181        2.6607791491392602E-002   5.8755808782025791E-002  0.10171663963272656       0.15269518176458449       0.20787119406978605       0.26328482658016095       0.31574303589208924       0.36331463588044371       0.40507696283913713     
  0.13365470508911154        3.1291058680683090E-002   6.9204111086388728E-002  0.12009250292413944       0.18078384143067039       0.24677476168285492       0.31328674489051062       0.37640480499491763       0.43372609931631850       0.48408116458182371     
  0.14633706173946351        3.4086373136130638E-002   7.5578720945491604E-002  0.13166886573934752       0.19910615685859309       0.27297351943899367       0.34786560208178419       0.41925965471322013       0.48432591155514537       0.54164795606992877     
  0.16022283408774773        3.6347880001283514E-002   8.0876191306673020E-002  0.14164055059872832       0.21544427386119275       0.29699757771019342       0.38024583807750029       0.46002085021917788       0.53303873996111484       0.59761422637762418     
  0.17542621300415920        4.1820842321271284E-002   9.3370051888744782E-002  0.16430043159131877       0.25112149468060702       0.34757998055217681       0.44636754701949055       0.54123903705065568       0.62823659104940999       0.70532426495331613     
  0.19207222481239303        4.9448281051523546E-002  0.11079346311429834       0.19586894526334678       0.30064983084180835       0.41744651433221514       0.53723466848077406       0.65238106682004893       0.75810178427413677       0.85194502054694343     
  0.21029775945461360        5.3709767412058969E-002  0.12104763899110427       0.21563687499592568       0.33336555190427181       0.46550873377191293       0.60171298320635613       0.73326230982942742       0.85467354181156041       0.96305457563148578     
  0.23025269621793309        5.7983255148959752E-002  0.13163300205586320       0.23660460407683462       0.36868532259604203       0.51798172189495695       0.67275655412715363       0.82317041765889776       0.96294436951492512        1.0886091502731263     
  0.25210113627991265        6.7111228505369463E-002  0.15334470154135993       0.27753433479816403       0.43465657829620286       0.61275669747815242       0.79799020648689767       0.97881008201531416        1.1477163609653129        1.3003916026171558     
  0.27602275220902728        7.3194522684598778E-002  0.16882550320846562       0.30859890762512532       0.48707089431402106       0.69081583477253083       0.90440795248846795        1.1147393465247042        1.3132743720744300        1.4937321866633928     
  0.30221426551783803        8.0400040426448938E-002  0.18739636777856900       0.34602270760106035       0.55033526953963019       0.78550476442491424        1.0343767050274622        1.2820653299811398        1.5171449278479969        1.7332028723479194     
  0.33089106441964966        8.9945031971816081E-002  0.21189753910076489       0.39490616636135140       0.63248832067991034       0.90841236445463192        1.2035273753010614        1.4992108715139643        1.7826903673116810        2.0450463536052914     
  0.36228897509242902        9.7870085663113671E-002  0.23363912336595857       0.44042180194747155       0.71209914382573147        1.0317825387657817        1.3777668133226346        1.7285025086310544        2.0678188393088899        2.3844359473887158     
  0.39666620101612027       0.10855717905510034       0.26253264594927350       0.50014383659165917       0.81625859059828365        1.1932620101129012        1.6056588433542729        2.0278695817717751        2.4396161685569719        2.8266022349630031     
  0.43430544633167090       0.11883555181653220       0.29164758350179953       0.56259612018820815       0.92916606791394551        1.3725030790924164        1.8636654990001897        2.3714311119230067        2.8708294698581338        3.3437627937987844     
  0.47551624068340170       0.13051490139593935       0.32524614863094203       0.63599710733962944        1.0639336146072538        1.5894897410044697        2.1782477405575427        2.7925386915588835        3.4015397929024251        3.9823876545136137     
  0.52063748466325777       0.14339525471786785       0.36318221221103847       0.72129380611648275        1.2235927570649632        1.8496392956579926        2.5584957077664843        3.3045643158465738        4.0497641399421669        4.7652741133798564     
  0.57004023678963622       0.15713822323894566       0.40512872892922808       0.81874580568907762        1.4108072901670841        2.1588685933767353        3.0145730935756960        3.9226057873995872        4.8359757386321682        5.7185205344484613     
  0.62413076493974640       0.17223803595819001       0.45282136566566350       0.93314201533632568        1.6342547584953577        2.5315854665711717        3.5676241210855326        4.6751477592481931        5.7962834491355322        6.8858833060476980     
  0.68335388732923041       0.18878796087556146       0.50738080518101480        1.0678668056624350        1.9015010217432735        2.9811247080463090        4.2379047211828835        5.5900874091406410        6.9666238055397818        8.3115054767504191     
  0.74819663051388374       0.20691989704153393       0.56986569200413772        1.2270860740994092        2.2216998075784620        3.5233627887108110        5.0491826520393577        6.6997912385961529        8.3883731703771396        10.045979554448277     
  0.81919223449536838       0.22687205573914690       0.64220869385402468        1.4160896491587018        2.6060990371066275        4.1773115124131106        6.0293609988288184        8.0417001593728408        10.108910560532941        12.146883451604170     
  0.89692453786727211       0.24895672013071821       0.72647181177499498        1.6412337616290518        3.0679165468428065        4.9648267364915579        7.2099183524278789        9.6574563609941002        12.180399759809255        14.677175810096452     
  0.98203277906312625       0.27356929728957791       0.82514595781010747        1.9100505826448129        3.6224176305443239        5.9105186294141472        8.6255485541077892        11.592211998557978        14.658784985688053        17.703965756653314     
   1.0752168531898927       0.30122105806576749       0.94124619587619862        2.2314028299751776        4.2869894410260914        7.0415810314323926        10.313636427861182        13.893724177264440        17.602509877605694        21.296869639076977     
   1.1772430676769294       0.33246264624609911        1.0783926620514279        2.6155805265666752        5.0811003261693557        8.3874227315461631        12.313480325887660        16.611189407220387        21.071003428194246        25.526171794865437     
   1.2889504440725368       0.36804766104122283        1.2408732334440997        3.0743419207831528        6.0260323476190250        9.9789894193389657        14.665183053518389        19.793711474993003        25.122823133013814        30.460780319182252     
   1.4112576178114535       0.40882152616768586        1.4337471818374594        3.6209046075322124        7.1446186160267962        11.848041161932171        17.408545428890786        23.489044342869935        29.814336636026994        36.166848993250376     
   1.5451703926941469       0.45582496496055080        1.6629491272925860        4.2699650582708362        8.4608514680075473        14.026490109932526        20.582243280765134        27.742699423049071        35.198972427297022        42.707287807587846     
   1.6917900122028373       0.51029073103854761        1.9352812698432309        5.0373864743059098        9.9991967566405151        16.545248910882481        24.222588548189083        32.597000602039309        41.326663108981592        50.141672121248128     
   1.8523222156741213       0.57370558299196150        2.2584930007848261        5.9400664240074441        11.784083015394627        19.433759761529416        28.363348712927195        38.091431050588916        48.244892951810485        58.527866128838880     
   2.0280871538024625       0.64783591595230172        2.6412606388441549        6.9955799892535531        13.839284099449152        22.719389177987399        33.035686395899198        44.263380520238584        56.000192688987248        67.924138621523355     
   2.2205302450155360       0.73476274995057800        3.0931261849716223        8.2217990318244834        16.187378709306941        26.427236075533120        38.268665444787075        51.149325396961693        64.639796023156364        78.391184213115793     
   2.4312340619997870       0.83693868029201246        3.6244539959651654        9.6365681049926355        18.849477420404600        30.580404832156283        44.090387708290237        58.786692025490645        74.213809262883814        89.994156345645706     
   2.6619313461261318       0.95721146277378200        4.2462721797041674        11.257294003920689        21.844977495626733        35.200408069953767        50.529055315043884        67.215051219201470        84.776000783709634        102.80284601155327     
   2.9145192568009906        1.0988597572749956        4.9701243242527360        13.100657192804885        25.191569783930401        40.307903407118097        57.614209281581488        76.476970827341390        96.383810082508163        116.89111948969857     
   3.1910749729235515        1.2656050090070350        5.8078452119213564        15.182344051017582        28.905390277983528        45.923427578971719        65.377387474239583        86.617767947144557        109.09729830932950        132.33564945377515     
   3.4938727747491285        1.4616412603581579        6.7714090048070439        17.516870765216794        33.001360025752625        52.068365384994401        73.852588307741613        97.684865578655248        122.97820737263679        149.21576868469560     
   3.8254027466328799        1.6916154130237191        7.8726994350110475        20.117534253875430        37.493598223880610        58.765529757155988        83.075709751224679        109.72641957500966        138.08939208109066        167.61442070398203     
   4.1883912544574775        1.9606296136456911        9.1233419231048547        22.996406176669190        42.395924644251011        66.039434127817373        93.083568640949991        122.79092389771631        154.49620547310352        187.62036558797519     
   4.5858233661428098        2.2741956104486634        10.534550450941712        26.164315959729556        47.722419575383967        73.916215813083397        103.91282299413042        136.92758386719308        172.26813094358246        209.32945934879800     
   5.0209673996144657        2.6381753017766036        12.116957115685191        29.630964867556422        53.487821950667161        82.422862906369460        115.59957472682193        152.18790289167546        191.47979556939009        232.84359772052261     
   5.4974018001037450        3.0587366535380971        13.880550755122872        33.405063506208364        59.707958978846072        91.586341829477135        128.18003084346145        168.62716951610869        212.21044389126530        258.26738327728572     
   6.0190445678066622        3.5422845411687680        15.834538028391187        37.494558723257789        66.399962942130429        101.43287539699536        141.69227197617653        186.30454833429638        234.54092971233922        285.70256726308077     
   6.5901854779032725        4.0953818027935691        17.987350971816014        41.906901270201537        73.581949166769220        111.98783623353128        156.17734870328709        205.28104857654898        258.54881630109765        315.24222701008728     
   7.2155213579010242        4.7246612743789127        20.346500029624377        46.649379389028041        81.272432576241968        123.27674855566794        171.67919708567092        225.61601891793558        284.30385800429832        346.97325766851043     
   7.9001947124089602        5.4367615532317801        22.918580072548558        51.729398483288172        89.489626179510608        135.32672175527114        188.24287742644867        247.36290507783232        311.87069301712086        380.98885003460555     
   8.6498360129766851        6.2382461743397606        25.709229494084383        57.155077550323647        98.250697648906069        148.16746140611804        205.91149908534595        270.56900730839220        341.31973605917051        417.39259936950623     
   9.4706100007722398        7.1355408480750881        28.723108579518694        62.935349027448886        107.57210618044242        161.83076090938903        224.72246136639339        295.28329813326928        372.73014250793096        456.28416064346379     
   10.369266382873457        8.1348403673092768        31.963864532826396        69.080078793006237        117.47016064518303        176.34849675888023        244.70765663439315        321.56300540052933        406.17661882847187        497.74487825733911     
   11.353195339077612        9.2421130688249278        35.434374197747026        75.600070311443076        127.96288581521236        191.75015291127158        265.90189105441578        349.46655420576099        441.71872617523195        541.85331002030080     
   12.430488295695186        10.462942585213931        39.136525191967579        82.506226617005780        139.07018519225633        208.05956221552864        288.34805776787829        379.04027323028708        479.41383955993200        588.70269200315715     
   13.610004466105526        11.802579790695495        43.071669902165439        89.809292211871806        150.81406729683599        225.29756488616266        312.08945566674839        410.32389885384310        519.33367578427499        638.37752468536803     
   14.901443705277449        13.265805073466387        47.240618879164515        97.519045854492589        163.21642075584850        243.48929025640294        337.15682099567010        443.36765864980515        561.54023169845880        690.94637017898810     
   16.315426277379739        14.856880685516302        51.643977899416392        105.64441584416512        176.29649582852656        262.66676121692791        363.57443577249586        478.21936834194554        606.08061566542960        746.48838475214552     
   17.863580192457370        16.579597017948238        56.282636464534896        114.19490142579384        190.06966296996939        282.85911748522460        391.38190713494225        514.91402266226964        653.01672119165335        805.07630681666444     
   19.558636830395095        18.437181235001713        61.157967776031768        123.18127937776244        204.54893154006425        304.08343276629199        420.61752502308565        553.50008982786312        702.40591698526623        866.78562352952918     
   21.414535638539547        20.432214338905258        66.272210694828942        132.61632257215729        219.75051214052291        326.35709357955415        451.29883526627117        594.01895987162584        754.30016616369028        931.67796821889738     
   23.446538763970572        22.566687113189541        71.628673411966901        142.51417764886577        235.69547159193900        349.71268465168612        483.45602631168475        636.49683686894161        808.73986379141104        999.81033431208277     
   25.671356563109935        24.841938854774600        77.231788877119200        152.88966703327787        252.40496154034369        374.17260490853067        517.12550850535479        680.97266125100816        865.77123127313462        1071.2539264906841     
   28.107285020807289        27.258575195964539        83.086506124275189        163.75604047420597        269.89268539585407        399.74256710187689        552.33946664289078        727.49959317938215        925.46166956379511        1146.0916127778339     
   30.774356208980628        29.816593790588147        89.198458651018342        175.12168904231399        288.16665103909008        426.44849901992251        589.11461216160546        776.11993080035450        987.87427610140765        1224.3807694010538     
   33.694503022121602        32.515260396348729        95.572784327850442        186.99168540292629        307.24097542369049        454.32402694253949        627.45358804832370        826.82882402588075        1052.9994217402391        1306.0926743282917     
   36.891739544382439        35.353164807147657        102.21383507103754        199.37830524685927        327.13751116562736        483.39054944297328        667.41484477454969        879.63949887528861        1120.8435625489617        1391.3541986504176     
   40.392358531509046        38.328209432772695        109.12559847758077        212.30119055535562        347.87722428618747        513.63177166564901        709.07169539886070        934.70151870975735        1191.6305663644334        1480.4031526269996     
   44.225147631630513        41.437691857694041        116.31417305567403        225.77067347304015        369.46554557570704        545.06330624795521        752.36480337535693        992.04251700530403        1265.3616918174105        1572.9685904095143     
   48.421626123015102        44.678502017453972        123.78704493005137        239.78478380599887        391.88669321369167        577.78352652392095        797.24668508537866        1051.4319922904920        1341.7191400106160        1669.0466679634128     
   53.016304115627769        48.047292420243089        131.55123065222614        254.35506003756387        415.18562380599917        611.79464391868805        843.97578721678394        1113.1530854497084        1421.2089707088769        1769.4312709962069     
   58.046966348054411        51.540435719512089        139.61492910348045        269.51137619931995        439.42324651754495        646.94477698140429        892.55256158129771        1177.4976855926939        1504.0471400176975        1873.4400510766288     
   63.554982913623071        55.153903150060486        147.99018478741743        285.24687941207077        464.52547485240950        683.41521876771787        942.58782887625887        1243.8482185364296        1589.3300747423002        1980.7237205168501     
   69.585649471004459        58.883691543940841        156.68755938429942        301.52894977639164        490.44795496873996        721.38994933604442        994.54177030528490        1312.4158773116187        1677.8215950574486        2093.0869345967367     
   76.188559737046049        62.725846983449735        165.70438233539289        318.42336715407447        517.40893711163903        760.49680233073161        1048.6790591155907        1384.1896146444751        1770.3541372841976        2209.0041346472217     
   83.418013325063441        66.677513056795078        175.03601032144485        335.97336122879574        545.35570310486378        800.77708395980687        1104.1350548200610        1457.7643224194858        1864.8101671162874        2328.0114978699858     
   91.333462282486295        70.736987848921245        184.71066814998596        354.06242147733769        574.00100246625516        842.90543442458306        1161.4413842153706        1533.4892750753586        1962.8447958187344        2453.0714556307198     
   100.00000000000004        74.902467827730732        194.74013262198292        372.72551921944381        603.75413332599271        886.13627583376501        1221.5119026417808        1613.1027428255359        2065.5364057674965        2581.1185511507019     
