   1.0000000000000002E-003   2.1954020407757663E-008   4.5528375373352674E-008   7.4797165961129643E-008   1.0786422804200238E-007   1.4292116584771044E-007   1.7832548268595357E-007   2.1268999777603268E-007   2.4495076894597610E-007   2.7439385420167597E-007
   1.0948889651276870E-003   3.0873355838767896E-008   6.4025330959455103E-008   1.0518519789522904E-007   1.5168640479950014E-007   2.0098583743264237E-007   2.5077369558493101E-007   2.9909923634082166E-007   3.4446628742101099E-007   3.8587087603602225E-007
   1.1987818459583783E-003   4.3358536202011067E-008   8.9917138208562204E-008   1.4772194988402373E-007   2.1302802239073304E-007   2.8226378152595022E-007   3.5218534354575733E-007   4.2005310688209916E-007   4.8376588350163445E-007   5.4191373608895107E-007
   1.3125330147352270E-003   6.0829495071821383E-008   1.2614844602017191E-007   2.0724504754081236E-007   2.9886528277522558E-007   3.9599840093666218E-007   4.9409342226287554E-007   5.8930688235085533E-007   6.7869099802658923E-007   7.6026778012217080E-007
   1.4370779141993756E-003   8.5276323823052236E-008   1.7684628485730869E-007   2.9053457718754975E-007   4.1897552249543954E-007   5.5514452785665783E-007   6.9266161662071225E-007   8.2613873301158955E-007   9.5144350918844945E-007   1.0658031386386838E-006
   1.5734407502856105E-003   1.1948934506745458E-007   2.4779718242754706E-007   4.0709689618395825E-007   5.8706748734327733E-007   7.7786597499334785E-007   9.7055272811937459E-007   1.1575780993756218E-006   1.3331519810024718E-006   1.4933893111243403E-006
   1.7227429147699432E-003   1.6736123511521585E-007   3.4707368628915653E-007   5.7019387918904546E-007   8.2226551260087648E-007   1.0895019638057608E-006   1.3593820630708779E-006   1.6213316739596793E-006   1.8672412487819630E-006   2.0916695609555149E-006
   1.8862122071335180E-003   2.3433229044298571E-007   4.8595772360194157E-007   7.9835979372427162E-007   1.1512968476133192E-006   1.5254651374328795E-006   1.9033330630729692E-006   2.2700954636861655E-006   2.6143981800569012E-006   2.9286231963330835E-006
   2.0651929314796274E-003   3.2800469240656231E-007   6.8021440363088889E-007   1.1174938476603862E-006   1.6115090484023190E-006   2.1352392732743518E-006   2.6641448608127020E-006   3.1775029329234541E-006   3.6594214324396803E-006   4.0992380537610595E-006
   2.2611569515367451E-003   4.5898414889865088E-007   9.5183731020605830E-007   1.5637272322466647E-006   2.2550040900757135E-006   2.9878564111921581E-006   3.7279454115931895E-006   4.4462740029420358E-006   5.1206054858211739E-006   5.7360214569806673E-006
   2.4757157946593421E-003   6.4201049600965672E-007   1.3313929643755996E-006   2.1872743553966448E-006   3.1541914839425253E-006   4.1792537644180535E-006   5.2144295374342690E-006   6.2191602262428503E-006   7.1623442998182278E-006   8.0231171091817483E-006
   2.7106339043648361E-003   8.9756341169049410E-007   1.8613504449936597E-006   3.0579022742570308E-006   4.4096744985231139E-006   5.8427213192126399E-006   7.2898923919808204E-006   8.6944873064003932E-006   1.0013028509209139E-005   1.1216350644835913E-005
   2.9678431503900389E-003   1.2540637840446919E-006   2.6006460595540104E-006   4.2724286761511914E-006   6.1610609238872780E-006   8.1632233277108212E-006   1.0185094981197644E-005   1.2147459121628310E-005   1.3989576155548673E-005   1.5670704149316520E-005
   3.2494587155918438E-003   1.7508123148819801E-006   3.6307765300489092E-006   5.9647302226227170E-006   8.6013926820727541E-006   1.1396512913820414E-005   1.4219107729160173E-005   1.6958588987942039E-005   1.9530168659164743E-005   2.1876979054075261E-005
   3.5577964903394962E-003   2.4420051147607099E-006   5.0641250353387342E-006   8.3194178774124278E-006   1.1996861369183545E-005   1.5895247465678181E-005   1.9831885082154215E-005   2.3652539857518979E-005   2.7238969523569008E-005   3.0511876936718137E-005
   3.8953921174427275E-003   3.4022239398353442E-006   7.0553443528999776E-006   1.1590532489266599E-005   1.6713759853469161E-005   2.2144686741354874E-005   2.7628790125921607E-005   3.2951209789606595E-005   3.7947240803621835E-005   4.2506440669449894E-005
   4.2650218442334201E-003   4.7340573989295695E-006   9.8171575152913657E-006   1.6127494191542259E-005   2.3255888575216259E-005   3.0812235095779130E-005   3.8442382043197332E-005   4.5847394451370462E-005   5.2798144207048577E-005   5.9141013262224037E-005
   4.6697253532797080E-003   6.5771153248196274E-006   1.3639044982105839E-005   2.2405788449289137E-005   3.2308783367377561E-005   4.2806009306526066E-005   5.3405448533052640E-005   6.3691842461896614E-005   7.3346945788235488E-005   8.2157430666697379E-005
   5.1128307594829414E-003   9.1212828147503187E-006   1.8914719572596650E-005   3.1072079904212014E-005   4.4804734033150777E-005   5.9360932537863560E-005   7.4058355531892773E-005   8.8321209232908286E-005   1.0170828803652509E-004   1.1392390414697570E-004
   5.5979819791232878E-003   1.2624425740629498E-005   2.6178825680404452E-005   4.3004465596885031E-005   6.2009610734954670E-005   8.2153689251629130E-005   1.0249236360129428E-004   1.2222885792680758E-004   1.4075275351211393E-004   1.5765506329768972E-004
   6.1291686959257363E-003   1.7433897417844149E-005   3.6151510205285497E-005   5.9385637433215134E-005   8.5628269050933416E-005   1.1344224408952945E-004   1.4152352657865956E-004   1.6877205905023920E-004   1.9434526498045087E-004   2.1767877961123675E-004
   6.7107591705751436E-003   2.4014848433450937E-005   4.9797084132284192E-005   8.1799157331488828E-005   1.1794322617948911E-004   1.5624936201231004E-004   1.9492138675311009E-004   2.3244442552557463E-004   2.6765848597530811E-004   2.9978687321629568E-004
   7.3475361634921530E-003   3.2986744160367116E-005   6.8399677541564066E-005   1.1235359396955147E-004   1.6199342450547399E-004   2.1459911661316796E-004   2.6770362412701666E-004   3.1922682729108507E-004   3.6757640657221962E-004   4.1168664375737459E-004
   8.0447362662841772E-003   4.5167905954218128E-005   9.3655492200356654E-005   1.5383384243402367E-004   2.2179205849252387E-004   2.9380496730721875E-004   3.6649481155234315E-004   4.3701449295226793E-004   5.0318538025925037E-004   5.6355006784372349E-004
   8.8080929653170624E-003   6.1629805353327771E-005   1.2778521691860097E-004   2.0988544241066636E-004   3.0259178594561578E-004   4.0082034106642947E-004   4.9996280989453919E-004   5.9613631554834585E-004   6.8637092558496344E-004   7.6868104445035009E-004
   9.6438837915444661E-003   8.3761434817272479E-005   1.7366724725753879E-004   2.8523289215769609E-004   4.1119867308797342E-004   5.4465338676678015E-004   6.7933473831451334E-004   8.0996850614667665E-004   9.3252258840338035E-004   1.0443030870953517E-003
   1.0558981944335792E-002   1.1334112432343808E-004   2.3498621591935072E-004   3.8592286090527884E-004   5.5632164424292206E-004   7.3682822716983028E-004   9.1897029098298919E-004   1.0956158887517687E-003   1.2613159053106086E-003   1.4124325823090123E-003
   1.1560912813835747E-002   1.5261575642011607E-004   3.1639668566123383E-004   5.1959196509679861E-004   7.4895681795025717E-004   9.9189171348508759E-004   1.2369909521477327E-003   1.4746588849868165E-003   1.6975689913193174E-003   1.9008346164480357E-003
   1.2657915866672035E-002   2.0437287560642743E-004   4.2367187759579056E-004   6.9570953297269037E-004   1.0027351277334825E-003   1.3278706797414765E-003   1.6558464338478263E-003   1.9738245056722102E-003   2.2720104503905179E-003   2.5438783271225611E-003
   1.3859012403933871E-002   2.7200293828674195E-004   5.6383167360195979E-004   9.2578581895223506E-004   1.3342193870232756E-003   1.7666612762141200E-003   2.2027952865042262E-003   2.6255538163638742E-003   3.0219268855649372E-003   3.3832562538587958E-003
   1.5174079748634946E-002   3.5952221461919886E-004   7.4518873535084058E-004   1.2234452319794034E-003   1.7630060740333393E-003   2.3341588336093675E-003   2.9100610036063078E-003   3.4681816200452225E-003   3.9913631267743162E-003   4.4682020495644386E-003
   1.6613932472747905E-002   4.7155337736722589E-004   9.7730663189559601E-004   1.6043546907924201E-003   2.3116178894434952E-003   3.0601102843539219E-003   3.8146418970767333E-003   4.5457033170133443E-003   5.2308473251631033E-003   5.8551763999788661E-003
   1.8190411331788243E-002   6.1319719893930449E-004   1.2707321480695077E-003   2.0857812525854899E-003   3.0048624103495170E-003   3.9772604522703668E-003   4.9572418232055292E-003   5.9064956433203235E-003   6.7959140979730395E-003   7.6062095950422542E-003
   1.9916480638308576E-002   7.8983147158514253E-004   1.6365770033102650E-003   2.6859033797091516E-003   3.8688375186496349E-003   5.1200335369906251E-003   6.3806253248456382E-003   7.6013562121913479E-003   8.7448490937288501E-003   9.7863781698781897E-003
   2.1806334875063296E-002   1.0067922909768991E-003   2.0858566475362370E-003   3.4227256435522793E-003   4.9293694531196263E-003   6.5224694638388089E-003   8.1270516726372789E-003   9.6804546062885279E-003   1.1135191113472206E-002   1.2459901194022531E-002
   2.3875515424585839E-002   1.2690032782102887E-003   2.6287229458461466E-003   4.3128233122857861E-003   6.2102127046907690E-003   8.2158549093616102E-003   1.0235340896134291E-002   1.2189859503153955E-002   1.4019762060139560E-002   1.5685724012273677E-002
   2.6141038375114913E-002   1.5807460295343516E-003   3.2739921780607561E-003   5.3705774196086938E-003   7.7319659999140911E-003   1.0227315359316909E-002   1.2739154029734429E-002   1.5169531159012895E-002   1.7444402706188709E-002   1.9515031130719007E-002
   2.8621534453892730E-002   1.9457688393585183E-003   4.0293771359523759E-003   6.6085720420068599E-003   9.5126730322968381E-003   1.2580651297089325E-002   1.5668087683551900E-002   1.8654686427716227E-002   2.1449609082173433E-002   2.3993144972440476E-002
   3.1337402238589059E-002   2.3683258974645034E-003   4.9036492861412075E-003   8.0411635724345534E-003   1.1572999226147644E-002   1.5303239707760668E-002   1.9056338458299692E-002   2.2686194209561750E-002   2.6082570535405449E-002   2.9173077763200127E-002
   3.4310975906798831E-002   2.8555949490088103E-003   5.9116561271738101E-003   9.6927345160566659E-003   1.3948154536084221E-002   1.8441861329870732E-002   2.2962488445565331E-002   2.7334217237299990E-002   3.1424444347148764E-002   3.5146132309289972E-002
   3.7566708903115982E-002   3.4205413442425924E-003   7.0802616820723188E-003   1.1607460288094727E-002   1.6701993758570951E-002   2.2081408332199383E-002   2.7492879823258456E-002   3.2726129953718597E-002   3.7622550780476667E-002   4.2078010882898240E-002
   4.1131375034185735E-002   4.0870492892138800E-003   8.4589771274469205E-003   1.3866762272915669E-002   1.9952174734432723E-002   2.6378211100405211E-002   3.2843192577113010E-002   3.9096107083551483E-002   4.4947484453860716E-002   5.0272794590469502E-002
   4.5034288645458394E-002   4.9061686253915084E-003   1.0153580085993123E-002   1.6644417918056490E-002   2.3949459645282428E-002   3.1664894985643816E-002   3.9429021417300564E-002   4.6940584349231956E-002   5.3971864846999382E-002   6.0372890746164878E-002
   4.9307545690287481E-002   5.9467279797568899E-003   1.2306711234059322E-002   2.0174827208915738E-002   2.9032193812264594E-002   3.8390402982644442E-002   4.7811460422724522E-002   5.6929976061414402E-002   6.5469159808030628E-002   7.3246187354325643E-002
   5.3986287673825017E-002   7.2838862260617967E-003   1.5074265676024204E-002   2.4714500544816841E-002   3.5571203565434070E-002   4.7047575243058658E-002   5.8607454653412792E-002   6.9802536953283340E-002   8.0292258044093123E-002   8.9850820151310129E-002
   5.9108990642279875E-002   9.0027053308017538E-003   1.8632900278175695E-002   3.0554602118338794E-002   4.3988222281348854E-002   5.8198015444286509E-002   7.2521355718247249E-002   8.6402559047217831E-002   9.9418007641953576E-002  0.11128556931923954     
   6.4717781594067936E-002   1.1103563476381190E-002   2.2984658796401776E-002   3.7701410982413024E-002   5.4297258282281428E-002   7.1867264880651052E-002   8.9593684843848095E-002  0.10678812572873617       0.12292351803174481       0.13764692769153433     
   7.0858784914888756E-002   1.3457103376835509E-002   2.7864079177362291E-002   4.5724690294514196E-002   6.5887425429812449E-002   8.7259038048463244E-002  0.10884694543410105       0.12981125443709260       0.14950525716677138       0.16749295048275067     
   7.7582501685667909E-002   1.5778121151643249E-002   3.2684366364833142E-002   5.3669909769005666E-002   7.7397456183448718E-002  0.10259049672754275       0.12808198974261498       0.15287712012135066       0.17620389845299073       0.19753709924285859     
   8.4944224982638025E-002   1.7819285819342914E-002   3.6937859282385604E-002   6.0714126158032344E-002   8.7658747083380367E-002  0.11633825978181526       0.14542845375879374       0.17378843920272646       0.20052322165182687       0.22501642713094100     
   9.3004494584813954E-002   1.9653346915092757E-002   4.0779630221922283E-002   6.7122185915009111E-002   9.7070577329959953E-002  0.12905548746343198       0.16160535083811026       0.19343364930295889       0.22351690584582370       0.25113969405441738     
  0.10182959482819059        2.1909352261645147E-002   4.5517062412093363E-002   7.5050765455027937E-002  0.10875863967712227       0.14490427899628688       0.18182792396122405       0.21805339991005671       0.25238871203447460       0.28398853171226685     
  0.11149209970080924        2.5607971297632398E-002   5.3271828690969893E-002   8.7999151876281628E-002  0.12779063750386110       0.17062364480588946       0.21452542396690788       0.25771418218865633       0.29873521601661296       0.33654791810284418     
  0.12207146966133181        3.1090384539843339E-002   6.4766008303299302E-002  0.10718500874974465       0.15596850823681493       0.20865316405773857       0.26279001535999508       0.31614201742989295       0.36687331200245232       0.41366857042359650     
  0.13365470508911154        3.6835950702346638E-002   7.6873669086091584E-002  0.12752860789563258       0.18604978737576844       0.24949708335671894       0.31488042986726306       0.37943794420407084       0.44089537274321811       0.49762414039560965     
  0.14633706173946351        4.0490359704170656E-002   8.4743415103550435E-002  0.14112380273905906       0.20673084704107716       0.27830039427835307       0.35239848623138620       0.42580275213780072       0.49584475392347083       0.56060969956049700     
  0.16022283408774773        4.3226202364371420E-002   9.0829856595811609E-002  0.15205195503366314       0.22395973015001794       0.30300051482747653       0.38528695116102696       0.46711948697578465       0.54542527102341876       0.61799693221100405     
  0.17542621300415920        4.9368088034284816E-002  0.10414501036556177       0.17519362575404171       0.25925794977597372       0.35211942371471555       0.44906988199801307       0.54564286799068440       0.63816143409378534       0.72400176498350766     
  0.19207222481239303        5.8584508906801183E-002  0.12407414764559802       0.20965734847643508       0.31145926961033160       0.42420325723852770       0.54200787554666863       0.65938453246451212       0.77187919596806631       0.87633492843451499     
  0.21029775945461360        6.4356605222194968E-002  0.13714853537446520       0.23340543133035832       0.34891722726765456       0.47753359000650142       0.61239060711776683       0.74715924571912129       0.87672425825798439       0.99742765856503823     
  0.23025269621793309        6.9240036957336784E-002  0.14874514662331326       0.25537533732930529       0.38460369290278024       0.52938128824489261       0.68190418885007509       0.83504332489391042       0.98299242898402306        1.1215009164193435     
  0.25210113627991265        8.0087224257986908E-002  0.17325312797598416       0.29941275320458210       0.45302838281932090       0.62553019376164032       0.80772582291559991       0.99128464675552064        1.1693117092153753        1.3366234813155278     
  0.27602275220902728        8.8259944397890380E-002  0.19278185451238908       0.33615368913657429       0.51202358836054152       0.71063417806294582       0.92170570858900103        1.1357658571141001        1.3446958356717511        1.5424070829627436     
  0.30221426551783803        9.6633247407946279E-002  0.21343976276532131       0.37580038530352217       0.57657646244476646       0.80504007629002960        1.0498593269427619        1.3004770830261938        1.5463508378401190        1.7802847734507297     
  0.33089106441964966       0.10885620824746278       0.24301852231646492       0.43142521718370175       0.66599566213169847       0.93500110412320636        1.2259394816471303        1.5251061049239771        1.8211515770469424        2.1042360106975448     
  0.36228897509242902       0.11864470739591355       0.26846277089861603       0.48170706435206923       0.75020891634789233        1.0618405093738685        1.4023430723863930        1.7560741293472106        2.1086464473109285        2.4479045409758724     
  0.39666620101612027       0.13230486734215763       0.30319498856060723       0.54930364402040810       0.86283565197080925        1.2311745664731959        1.6373040121126980        2.0627721073451455        2.4895341439244834        2.9024565659925194     
  0.43430544633167090       0.14523058999876892       0.33769806852846512       0.61910505416735206       0.98340346149022684        1.4168353925034500        1.9002198401481787        2.4108141583721796        2.9265177868458254        3.4285188015125749     
  0.47551624068340170       0.16041262511438539       0.37856746947119108       0.70296252342174870        1.1298924161819066        1.6449334200696089        2.2249169879193214        2.8422978713860667        3.4698979653387445        4.0843020945541122     
  0.52063748466325777       0.17697182391995142       0.42435631348578390       0.79976868727898598        1.3024091534822655        1.9169717518024763        2.6155896058361416        3.3647898388677620        4.1311217637492028        4.8854787991364077     
  0.57004023678963622       0.19486556719058673       0.47557023782334562       0.91135970885017203        1.5058589346380844        2.2417943486552465        3.0859717321865849        3.9976122877719127        4.9355616137735243        5.8637371270554928     
  0.62413076493974640       0.21472056862928490       0.53436858341881377        1.0431764225516047        1.7498057958802467        2.6348283155630994        3.6583967880273018        4.7707070024868328        5.9211890758360939        7.0652898201255248     
  0.68335388732923041       0.23657959180140445       0.60195739933027104        1.1988705300018370        2.0421893671645912        3.1098361981386127        4.3536231566773509        5.7126536413283420        7.1249653841229472        8.5358530947208866     
  0.74819663051388374       0.26086415470099739       0.68032323592747213        1.3841647734606053        2.3944100961402808        3.6855966200762333        5.1990185293704885        6.8602164147425935        8.5935961644204326        10.332463907236011     
  0.81919223449536838       0.28790117478971611       0.77177680623790046        1.6052341308899625        2.8189990749982492        4.3827884114320064        6.2246218216923825        8.2535968215961546        10.378035112444987        12.517329894768981     
  0.89692453786727211       0.31817330773955016       0.87902774945811657        1.8697067310168158        3.3310371741504294        5.2257452682854604        7.4651319156707601        9.9385734099752749        12.535723027753045        15.160145371732696     
  0.98203277906312625       0.35238473921469676        1.0055170440553722        2.1869296315485780        3.9484617495621985        6.2426772099544836        8.9599373980811734        11.966281420085403        15.130105390374723        18.337366851836286     
   1.0752168531898927       0.39127628467886255        1.1554094377009847        2.5679490832364196        4.6918991115985325        7.4652017530135266        10.752247322769430        14.391913306555590        18.228923529163996        22.130140265473262     
   1.1772430676769294       0.43588456464100567        1.3336547676612951        3.0255640558825756        5.5845350594849830        8.9278682237762048        12.888192369461326        17.273401628568479        21.902528158198049        26.622301437255697     
   1.2889504440725368       0.48734651574177318        1.5461112704993485        3.5744314361280667        6.6519939735207441        10.667661416889137        15.415925961418768        20.670178213819131        26.222383850810370        31.898694163350548     
   1.4112576178114535       0.54704570163330513        1.7996972685405608        4.2311582881161653        7.9221466451928135        12.723422489757127        18.384712557463203        24.642065504532681        31.259894817852697        38.044008247716647     
   1.5451703926941469       0.61667910795034020        2.1025388178262188        5.0143235411363678        9.4247919897721637        15.135173323198245        21.844057440381711        29.248429763879184        37.085748511212998        45.142388156428396     
   1.6917900122028373       0.69826419577399024        2.4639469476715847        5.9441552313061603        11.190867386609840        17.942968903925145        25.842493499548134        34.547197814205198        43.769344856547420        53.277329899971839     
   1.8523222156741213       0.79422869201892554        2.8945372272323495        7.0424095587928628        13.252020455430639        21.186407661378521        30.427415417430872        40.595314530947768        51.379991111826797        62.533585141854232     
   2.0280871538024625       0.90743964478253913        3.4061609972530347        8.3319249287490038        15.639844695686216        24.903937242298269        35.644904773522711        47.449333219026400        59.988252248122514        72.999148645211278     
   2.2205302450155360        1.0412735364578916        4.0118778149539089        9.8362767711051564        18.385424306159955        29.132778601198073        41.540448541668077        55.166996530422622        69.668181522896418        84.767900567447725     
   2.4312340619997870        1.1996786157476682        4.7258637757619155        11.579396148677381        21.519007300923679        33.909187615149591        48.160070150392166        63.809031296994270        80.499353026198690        97.941605847637859     
   2.6619313461261318        1.3872152944872560        5.5632355254370092        13.585153468709221        25.069796325611343        39.268960202806653        55.551581251685960        73.440613586555514        92.568006613866174        112.63061449496408     
   2.9145192568009906        1.6090968697586847        6.5398613989925876        15.877044914116713        29.066010730232904        45.248271280933160        63.765870921412585        84.132300248035847        105.96724339898266        128.95357365424940     
   3.1910749729235515        1.8711951371408895        7.6721033484590180        18.477886937304628        33.535038669270314        51.884507534998434        72.857675522706387        95.959901828472780        120.79616496048220        147.03657928229615     
   3.4938727747491285        2.1800658283987935        8.9766415314107277        21.409745791296771        38.503944442004496        59.217303928046228        82.886015559580812        109.00390319954370        137.15924035248042        167.01343748151601     
   3.8254027466328799        2.5429187547692340        10.470229476179625        24.693820978846212        43.999908984979022        67.289129066255498        93.913663711986132        123.34836045655207        155.16615904996110        189.02687271729135     
   4.1883912544574775        2.9675853738816071        12.169512956228935        28.350469966489538        50.050830088777381        76.145581998304635        106.00624897219188        139.08053393657985        174.93306295873717        213.23049093359580     
   4.5858233661428098        3.4624558630249123        14.090849621600981        32.399254332248425        56.685871479647467        85.835092427228759        119.23131031639991        156.29156249163631        196.58418246884551        239.78957145455064     
   5.0209673996144657        4.0364170662050727        16.250191091052123        36.859105521252296        63.936007486514448        96.408224968595803        133.65816811688296        175.07808571820487        220.25266511868901        268.87970592174685     
   5.4974018001037450        4.6987427923268106        18.662903892611684        41.748430108641642        71.834192806827531        107.91657885105757        149.35861588313730        195.54324440001795        246.07912602374304        300.68241026459566     
   6.0190445678066622        5.4590409681970034        21.343744443128994        47.085510025055278        80.415487959834380        120.41239424113432        166.40863964353898        217.79660100640788        274.20834618332435        335.37874763863641     
   6.5901854779032725        6.3271378313730899        24.306708886303671        52.888767804794789        89.716496546150921        133.94871054137849        184.88924212061374        241.95162277757524        304.78347451009688        373.14462320552968     
   7.2155213579010242        7.3129926239913967        27.564959330164303        59.177191059601434        99.774628534948903        148.58064226601047        204.88600067624586        268.12142645706513        337.94268982641950        414.15799214112252     
   7.9001947124089602        8.4265993579427061        31.130733331969651        65.970706277210041        110.62732219679198        164.36678140684526        226.48675927632982        296.41447059624562        373.82563760209825        458.61233809417746     
   8.6498360129766851        9.6779177097744178        35.015336469095260        73.290541032575121        122.31191113561322        181.36981715797523        249.77786671035773        326.93675208452419        412.58460714205438        506.71330804410434     
   9.4706100007722398        11.076793898893273        39.229149626832545        81.159325564447357        134.86633675761107        199.65553418489864        274.84105988306322        359.80184080076060        454.38107259052288        558.65753765851434     
   10.369266382873457        12.632796785721247        43.781521061946478        89.600619174625081        148.33022511690706        219.28981635194293        301.75624535132255        395.13383802403581        499.36754506086334        614.62497642933954     
   11.353195339077612        14.355293472209484        48.681226611609965        98.638857214163309        162.74672812724802        240.33571225724097        330.61116162948747        433.05559999349686        547.68381531995385        674.81048658244458     
   12.430488295695186        16.253160819251814        53.936280943842100        108.29810108385504        178.16181788288495        262.85118379908920        361.50137712577214        473.67578142494551        599.48118861872842        739.42448656576380     
   13.610004466105526        18.334873830226066        59.554612772489129        118.60224975953230        194.62359630750080        286.89590957066304        394.51949691539511        517.10419620107075        654.92363145737545        808.65383524690799     
   14.901443705277449        20.608261478363982        65.544152209554895        129.57503110205332        212.17904596479315        312.53817496506394        429.74604057802759        563.46723219765192        714.15478798926085        882.68919864533552     
   16.315426277379739        23.080440812134380        71.913305101806415        141.24130806385921        230.87107948449736        339.85080849955318        467.26369399419661        612.88080557473609        777.32143359982069        961.73451172867863     
   17.863580192457370        25.757816472901762        78.671480197744685        153.62862741486938        250.73940011158189        368.89911751242238        507.16813514631713        665.44907380240704        844.58081998258263        1045.9728578505549     
   19.558636830395095        28.645913230232090        85.829110076246167        166.76738395763891        271.82758141918038        399.73878075229698        549.54755529721365        721.29910697207504        916.07839449118194        1135.6150058668832     
   21.414535638539547        31.749299189036801        93.397551943031615        180.69006751260901        294.18819690205419        432.43398802002366        594.48374203676121        780.54457979487893        991.97336639695857        1230.8367275920220     
   23.446538763970572        35.071567762784454        101.38872154221598        195.42945939591885        317.87393935021095        467.05677025429173        642.06334848663016        843.29230887680569        1072.3964230986246        1331.8278148141537     
   25.671356563109935        38.615399282626214        109.81467230746108        211.01523186883412        342.92467503397222        503.66875978699653        692.36609652401478        909.64808282842978        1157.4944006797186        1438.7829244929494     
   28.107285020807289        42.382459109596283        118.68715146457909        227.47143392219411        369.37692239378981        542.33453892302589        745.49624907877308        979.74319969520695        1247.4390727437419        1551.9272848911280     
   30.774356208980628        46.373618464683169        128.01813582687922        244.82338008761772        397.28638192489620        583.10977837963435        801.54167159574990        1053.7134953693985        1342.4032986170582        1671.4452566333048     
   33.694503022121602        50.588943223909247        137.82002681721343        263.10625008690471        426.70438299908676        626.04200938290410        860.55229185941596        1131.6331867056406        1442.4647411062542        1797.4142094014703     
   36.891739544382439        55.027888170215938        148.10711922414319        282.35753908418025        457.65415635224377        671.23128733690487        922.59851997310068        1213.5516316233864        1547.7174349876345        1930.1242355137720     
   40.392358531509046        59.689225087462980        158.89798908462328        302.60157787960742        490.17248227334665        718.74379151313099        987.85525632595920        1299.7118847799948        1658.5305899934667        2069.9816987603567     
   44.225147631630513        64.570803064774879        170.21530163098512        323.85926124703786        524.32992348589767        768.57273478397951        1056.4096419161338        1390.3035810435442        1775.0253671035239        2216.7783706032251     
   48.421626123015102        69.669413524982957        182.08076901226914        346.17675585555372        560.18940223634092        820.76703555108429        1128.1379901150974        1485.1053195943307        1896.8892543737359        2370.6155746382765     
   53.016304115627769        74.981678574927983        194.51207906808830        369.59795092415709        597.73187570883204        875.54572271248969        1203.2503030105026        1584.3333053287672        2024.7602934428980        2532.5911611206302     
   58.046966348054411        80.505299613343141        207.52557876534161        394.11711295932520        636.98027257171270        932.92789607030102        1282.1371240181275        1688.6388217040731        2159.1458739392247        2702.0975211050486     
   63.554982913623071        86.240284358025363        221.13733002073513        419.76024604577094        678.12596349556043        992.69060320505343        1364.4715068477039        1797.5134116788363        2299.0418636315999        2878.6327131595026     
   69.585649471004459        92.188307104811258        235.35635744362378        446.62281868102087        721.19158278512009        1055.2295663749828        1450.1254924538844        1910.7260258353890        2445.1544271396642        3064.6023291710139     
   76.188559737046049        98.350347415553827        250.19473699808495        474.68913067847967        765.94003915071346        1120.8144886305515        1540.1772271361438        2029.9076499575901        2599.0827631393317        3258.6490078668935     
   83.418013325063441        104.72664155176592        265.70360150453530        503.86169717850430        812.66171130720841        1188.8491419245645        1634.0363195297041        2154.0177441365668        2758.3352547979712        3459.6937667741067     
   91.333462282486295        111.32023683771185        281.91807044005463        534.32965071569652        861.60396100407934        1259.5625314727406        1731.0327552168230        2282.3357039724046        2924.2761025330742        3671.7938058615327     
   100.00000000000004        118.13912285898517        298.78144727115517        566.22309485952394        912.28226959714527        1333.9315574922846        1832.9915574080426        2417.5081578931822        3099.3588065722597        3892.0818253315756     
