   1.0000000000000002E-003   1.2201647604509169E-008   2.7067050656081601E-008   4.6770699856466495E-008   7.0008249834014756E-008   9.5216055182520656E-008   1.2085962565220889E-007   1.4570139184336599E-007   1.6894069318702345E-007   1.9010286898031955E-007
   1.0948889651276870E-003   1.7427111331995216E-008   3.8654284404120757E-008   6.6796523017362630E-008   9.9990550356379273E-008   1.3599923924473372E-007   1.7262861891892452E-007   2.0811067499821717E-007   2.4130250728129314E-007   2.7152627689918851E-007
   1.1987818459583783E-003   2.4877842804676117E-008   5.5173887999782914E-008   9.5348003216908725E-008   1.4273903959058557E-007   1.9414925713183828E-007   2.4644380826548842E-007   2.9709792110693199E-007   3.4448019056961385E-007   3.8762365641075026E-007
   1.3125330147352270E-003   3.5494023041947769E-008   7.8709277108443411E-008   1.3602549698249596E-007   2.0364722665593577E-007   2.7700366987303212E-007   3.5161930300148345E-007   4.2389068542753640E-007   4.9149091092824735E-007   5.5304173846631688E-007
   1.4370779141993756E-003   5.0607627813638378E-008   1.1221184217155543E-007   1.9393205213926960E-007   2.9035577264070173E-007   3.9495775893358225E-007   5.0135089429540924E-007   6.0439739901802928E-007   7.0078065087396376E-007   7.8853489434773561E-007
   1.5734407502856105E-003   7.2105856811865917E-008   1.5986389224884622E-007   2.7629679460441092E-007   4.1369330742300251E-007   5.6274275771703268E-007   7.1433984614521258E-007   8.6116234957947050E-007   9.9848521271570513E-007   1.1235111205587675E-006
   1.7227429147699432E-003   1.0265519304042880E-007   2.2757388439511046E-007   3.9333453052879384E-007   5.8895491822246128E-007   8.0116666697249340E-007   1.0170010328264607E-006   1.2260295639576671E-006   1.4215276580498170E-006   1.5995162227048939E-006
   1.8862122071335180E-003   1.4602163302758307E-007   3.2368502710325763E-007   5.5946578875456150E-007   8.3774062564438045E-007   1.1396185174196184E-006   1.4466412800756566E-006   1.7439735795850244E-006   2.0220500230006511E-006   2.2752155355118150E-006
   2.0651929314796274E-003   2.0750984795177403E-007   4.5994992628323674E-007   7.9500741715279736E-007   1.1904751094817895E-006   1.6194882287941910E-006   2.0557995362557530E-006   2.4783248511545231E-006   2.8734772996959087E-006   3.2332238893982753E-006
   2.2611569515367451E-003   2.9458480182068163E-007   6.5290429971609156E-007   1.1285383138834643E-006   1.6899634597310854E-006   2.2990090555188914E-006   2.9184007256165030E-006   3.5182036063586763E-006   4.0791329259899015E-006   4.5897857932809465E-006
   2.4757157946593421E-003   4.1772609470713004E-007   9.2575622446047190E-007   1.6001806286413477E-006   2.3962851499779767E-006   3.2599160097621686E-006   4.1381931534887055E-006   4.9886721517435912E-006   5.7840117503074116E-006   6.5080544119745041E-006
   2.7106339043648361E-003   5.9161151333188670E-007   1.3110217451889045E-006   2.2661157852894800E-006   3.3935821922865430E-006   4.6166751028554303E-006   5.8604862062272541E-006   7.0648896834108625E-006   8.1911747370064245E-006   9.2164777584723079E-006
   2.9678431503900389E-003   8.3676186900072732E-007   1.8541273925001749E-006   3.2048723261742527E-006   4.7994554469452099E-006   6.5292700237292366E-006   8.2883457287702034E-006   9.9916447527629013E-006   1.1584426674465683E-005   1.3034373713060688E-005
   3.2494587155918438E-003   1.1817730393313237E-006   2.6183904889277891E-006   4.5258771770170786E-006   6.7777690832185450E-006   9.2206095118644841E-006   1.1704706254020076E-005   1.4109974397096855E-005   1.6359144561249527E-005   1.8406628775259266E-005
   3.5577964903394962E-003   1.6662993248319284E-006   3.6916199433730053E-006   6.3808476508948901E-006   9.5557167100194738E-006   1.2999759836248537E-005   1.6501885015346839E-005   1.9892795991983358E-005   2.3063556360129996E-005   2.5949864139641081E-005
   3.8953921174427275E-003   2.3451907784560686E-006   5.1952517362678211E-006   8.9796601917274106E-006   1.3447568762162971E-005   1.8294195125530799E-005   2.3222439116364519E-005   2.7994100540943070E-005   3.2455815679009335E-005   3.6516968779140534E-005
   4.2650218442334201E-003   3.2941294429139598E-006   7.2968183452697683E-006   1.2611824560098499E-005   1.8886818430488374E-005   2.5693634398760449E-005   3.2614871976968614E-005   3.9315987553384804E-005   4.5581702205347624E-005   5.1284922788768940E-005
   4.6697253532797080E-003   4.6174928176718648E-006   1.0227387832377245E-005   1.7676610285824109E-005   2.6471355126056672E-005   3.6011236739704302E-005   4.5711285620575981E-005   5.5102475839584012E-005   6.3883235737406495E-005   7.1875746894952325E-005
   5.1128307594829414E-003   6.4576838983137578E-006   1.4302125982697351E-005   2.4718695070783617E-005   3.7016672255562204E-005   5.0356359228921014E-005   6.3919475045543954E-005   7.7050485211293401E-005   8.9327708255359587E-005   1.0050213971814582E-004
   5.5979819791232878E-003   9.0087324321674293E-006   1.9950658553207183E-005   3.4480183009764381E-005   5.1633862512906886E-005   7.0240001608372932E-005   8.9157349442130275E-005   1.0747108600363029E-004   1.2459331503039797E-004   1.4017771615183573E-004
   6.1291686959257363E-003   1.2533597779902250E-005   2.7754631820712101E-005   4.7966180734038305E-005   7.1827682358461241E-005   9.7708776168459196E-005   1.2402205019204716E-004   1.4949447793777401E-004   1.7330847835263561E-004   1.9498331000240623E-004
   6.7107591705751436E-003   1.7386323428054947E-005   3.8497688258220755E-005   6.6530152218408886E-005   9.9624402579807998E-005   1.3551842853790774E-004   1.7201029003353590E-004   2.0733428961108261E-004   2.4035678676267411E-004   2.7041132374795577E-004
   7.3475361634921530E-003   2.4040333858340628E-005   5.3227463203689886E-005   9.1982439555222245E-005   1.3773428078192414E-004   1.8735473806176278E-004   2.3779810160306854E-004   2.8662633386456767E-004   3.3227188974204168E-004   3.7380994723252989E-004
   8.0447362662841772E-003   3.3124425003689370E-005   7.3335514670415893E-005   1.2672687643353175E-004   1.8975539737502620E-004   2.5811009232141536E-004   3.2759483925721392E-004   3.9484982718671573E-004   4.5771626777692622E-004   5.1492287906830211E-004
   8.8080929653170624E-003   4.5466727047919937E-005   1.0065365829004094E-004   1.7392738377028895E-004   2.6042326067473811E-004   3.5422489257498402E-004   4.4957076969123647E-004   5.4184833815474124E-004   6.2809704614626768E-004   7.0657581401634161E-004
   9.6438837915444661E-003   6.2145908044310732E-005   1.3756849730888911E-004   2.3770591231101748E-004   3.5590841740736241E-004   4.8408651345632726E-004   6.1436501222249902E-004   7.4044004809368960E-004   8.5826628215622492E-004   9.6546495363556025E-004
   1.0558981944335792E-002   8.4551858699592183E-005   1.8715583266513397E-004   3.2337561816092050E-004   4.8416152974503662E-004   6.5850467688000416E-004   8.3568661456065040E-004   1.0071320288358146E-003   1.1673416237383603E-003   1.3130850394491337E-003
   1.1560912813835747E-002   1.1445187330177851E-004   2.5332440944067519E-004   4.3768665943916371E-004   6.5528453408521617E-004   8.9120539830967545E-004   1.1309458573928320E-003   1.3628948857288363E-003   1.5796074864592718E-003   1.7767218366557423E-003
   1.2657915866672035E-002   1.5405609128843335E-004   3.4096348242464392E-004   5.8908276849476023E-004   8.8191058502524403E-004   1.1993642681804096E-003   1.5219100377446594E-003   1.8339211861916351E-003   2.1253827244180285E-003   2.3904321366272725E-003
   1.3859012403933871E-002   2.0607501247062136E-004   4.5607034856699042E-004   7.8791909500066574E-004   1.1795318140812633E-003   1.6040255196123816E-003   2.0352590780038089E-003   2.4523169150401712E-003   2.8418081976859634E-003   3.1959149186741123E-003
   1.5174079748634946E-002   2.7375898650418301E-004   6.0583400553452106E-004   1.0466067150254027E-003   1.5667163935036144E-003   2.1303994421303773E-003   2.7029116401050424E-003   3.2564639899936190E-003   3.7732700344976105E-003   4.2429765424678622E-003
   1.6613932472747905E-002   3.6089532010160789E-004   7.9862878228073738E-004   1.3796043879842042E-003   2.0650685238793693E-003   2.8078296261892332E-003   3.5620214523134019E-003   4.2909989775579442E-003   4.9713317208157663E-003   5.5893994347890868E-003
   1.8190411331788243E-002   4.7174219068982383E-004   1.0438753389304617E-003   1.8031707272742504E-003   2.6988846224764058E-003   3.6692655425036220E-003   4.6542457076372392E-003   5.6058889851773146E-003   6.4936273546312533E-003   7.2997378276121599E-003
   1.9916480638308576E-002   6.1089399169495092E-004   1.3517323766207090E-003   2.3348220263676332E-003   3.4943377861279970E-003   4.7501381197374596E-003   6.0243012006916631E-003   7.2547317106553483E-003   8.4018590136158543E-003   9.4428115410166557E-003
   2.1806334875063296E-002   7.8305196265233089E-004   1.7325942330329255E-003   2.9924787718928606E-003   4.4781388136143196E-003   6.0865598894806272E-003   7.7177205371530945E-003   9.2918786007606721E-003   1.0758351151142707E-002   1.2088105207418034E-002
   2.3875515424585839E-002   9.9275706423927875E-004   2.1964937575177112E-003   3.7934258828151522E-003   5.6760141764416400E-003   7.7133072057958690E-003   9.7780352300895837E-003   1.1769065990269910E-002   1.3622292594102664E-002   1.5301134652421743E-002
   2.6141038375114913E-002   1.2441511581044343E-003   2.7526078885106967E-003   4.7534384375268243E-003   7.1114345490655576E-003   9.6617860989464000E-003   1.2244602899082878E-002   1.4732846637339328E-002   1.7046369195601790E-002   1.9140036039000656E-002
   2.8621534453892730E-002   1.5410445912007677E-003   3.4093296694370158E-003   5.8869880543767662E-003   8.8058402461296762E-003   1.1960852690171163E-002   1.5153171692649597E-002   1.8225268169275999E-002   2.1078145358183423E-002   2.3656576197268703E-002
   3.1337402238589059E-002   1.8874910070986015E-003   4.1756821027072455E-003   7.2096492128906854E-003   1.0782395948232311E-002   1.4641464356809930E-002   1.8542306967532958E-002   2.2291541677935046E-002   2.5768461802252510E-002   2.8906795995171205E-002
   3.4310975906798831E-002   2.2895544768937780E-003   5.0651293996491755E-003   8.7446569335780100E-003   1.3075727495071014E-002   1.7750336233260122E-002   2.2470304588683841E-002   2.7001051171143722E-002   3.1196860420689344E-002   3.4978645350639874E-002
   3.7566708903115982E-002   2.7578598723439129E-003   6.1012626069771201E-003   1.0532878007841265E-002   1.5746951486274134E-002   2.1370142245307106E-002   2.7041675392146535E-002   3.2478561932743677E-002   3.7506351501733246E-002   4.2032171256763132E-002
   4.1131375034185735E-002   3.3091563972717907E-003   7.3212951256360166E-003   1.2638671413527704E-002   1.8892342121097375E-002   2.5631433090146753E-002   3.2421106532672175E-002   3.8921953992509251E-002   4.4926103014025054E-002   5.0324602810737890E-002
   4.5034288645458394E-002   3.9822603250170042E-003   8.8110611659008246E-003   1.5210026920176273E-002   2.2732514684839403E-002   3.0832330612975151E-002   3.8984298977875212E-002   4.6780648239486640E-002   5.3973462594989439E-002   6.0435097657843044E-002
   4.9307545690287481E-002   4.8309377819971367E-003   1.0689252048651111E-002   1.8450915490768244E-002   2.7570176338384815E-002   3.7380271614388463E-002   4.7242585842781688E-002   5.6664409572973203E-002   6.5348211370563777E-002   7.3143329742341515E-002
   5.3986287673825017E-002   5.9148989128320686E-003   1.3087262798886907E-002   2.2586215612497455E-002   3.3737772918127060E-002   4.5720296427533245E-002   5.7751704571439015E-002   6.9232275763082163E-002   7.9802364068040491E-002   8.9283238379868984E-002
   5.9108990642279875E-002   7.2912711674038601E-003   1.6130224871215671E-002   2.7828663098185383E-002   4.1547061260450498E-002   5.6266781627836687E-002   7.1025188699761141E-002   8.5088828867198152E-002   9.8020691754458669E-002  0.10960771459416509     
   6.4717781594067936E-002   8.9988380894867014E-003   1.9902257601842215E-002   3.4319198479505306E-002   5.1201499771226039E-002   6.9286305681933363E-002   8.7388701757495468E-002  0.10461103535231875       0.12042203516150983       0.13456949864607118     
   7.0858784914888756E-002   1.0947557044259025E-002   2.4205565171344444E-002   4.1720712263512809E-002   6.2207957336016556E-002   8.4127739490843054E-002  0.10604123597917549       0.12686117366023020       0.14594876637884879       0.16300989150325587     
   7.7582501685667909E-002   1.2934364570382141E-002   2.8599107784062685E-002   4.9294131149591330E-002   7.3506560114585784E-002   9.9420170229335580E-002  0.12532885232876245       0.14994007563334308       0.17249790186168878       0.19266261233565554     
   8.4944224982638025E-002   1.4738941231001263E-002   3.2612345643800382E-002   5.6271324827581175E-002   8.4032086140953310E-002  0.11383148537037450       0.14369607049852856       0.17211927287678733       0.19821766143489386       0.22159521600277018     
   9.3004494584813954E-002   1.6384207710093551E-002   3.6311345472017427E-002   6.2807790340881936E-002   9.4082864708045347E-002  0.12783874092229019       0.16181890444928060       0.19428598978846434       0.22421037240422934       0.25111940750565825     
  0.10182959482819059        1.8284327982153362E-002   4.0609045843081129E-002   7.0472419663838493E-002  0.10596704949403798       0.14448991447575879       0.18344111717639647       0.22081822032934317       0.25541556331707416       0.28665900727459975     
  0.11149209970080924        2.1191604664636855E-002   4.7128742510295342E-002   8.1965733604798086E-002  0.12351125978431200       0.16866246443253494       0.21436973506856022       0.25831473331435933       0.29908770288175146       0.33600050270671994     
  0.12207146966133181        2.5532132304322816E-002   5.6765731590312556E-002   9.8715358177581078E-002  0.14861941701394574       0.20264600578011091       0.25720193852503148       0.30960673210405365       0.35822687156178834       0.40226167787860051     
  0.13365470508911154        3.0381015034171042E-002   6.7549215734920842E-002  0.11747799898685657       0.17671157319076555       0.24065204494376335       0.30516158702962787       0.36715541042858107       0.42472729587901026       0.47693115178628881     
  0.14633706173946351        3.3890039248912956E-002   7.5659884322609131E-002  0.13222670360153993       0.19971409610767366       0.27300818477052380       0.34747629506818961       0.41952129871560562       0.48681508669251600       0.54813945606864167     
  0.16022283408774773        3.6423907351823930E-002   8.1994657355953099E-002  0.14462574989518925       0.22028289847785096       0.30350310129531355       0.38908183310972577       0.47272224704826504       0.55148513162118462       0.62373749384373778     
  0.17542621300415920        4.1063044840643541E-002   9.2943137525184849E-002  0.16471614410501040       0.25187572696420368       0.34839482643192643       0.44830578996468201       0.54650152456215328       0.63939499645880182       0.72493973913354193     
  0.19207222481239303        4.8441178318855624E-002  0.10966646104397325       0.19402011295079236       0.29615839122212950       0.40926800722499590       0.52651201776923862       0.64197061539176137       0.75144628701823812       0.85250503818284529     
  0.21029775945461360        5.4090716705690510E-002  0.12323230682880683       0.21914935771386770       0.33626942735765858       0.46714262500217207       0.60388971413774473       0.73946240385391759       0.86872987077630015       0.98862875405742034     
  0.23025269621793309        5.8321170795219715E-002  0.13453360767314348       0.24203499381496504       0.37553652556468026       0.52690865230600381       0.68688130434241512       0.84684746610931061        1.0003690195621968        1.1435036370215264     
  0.25210113627991265        6.6589241158175647E-002  0.15406766668721941       0.27777196802857440       0.43220048596949789       0.60836713058377145       0.79568028498327514       0.98406759147278278        1.1658225083290228        1.3360877514689680     
  0.27602275220902728        7.4313670944965549E-002  0.17312650620127842       0.31418072442587514       0.49213992334124879       0.69715383425841215       0.91701186720931183        1.1397377444354690        1.3559374659484471        1.5595257692488964     
  0.30221426551783803        8.1139658371839299E-002  0.19142219579699749       0.35158040393645512       0.55678981401913785       0.79616197863057303        1.0553671909961122        1.3199517756988872        1.5783527349136739        1.8229316788711640     
  0.33089106441964966        9.1140779916520573E-002  0.21622244870886995       0.39947213381303082       0.63662494928472102       0.91607580995137372        1.2214976453659787        1.5357549982376533        1.8447467049109405        2.1388830345936798     
  0.36228897509242902        9.9665488177332603E-002  0.23983781386994638       0.44896001221015308       0.72376514367476774        1.0516337747666966        1.4135026875475967        1.7887510782717384        2.1600711257662946        2.5154603417091046     
  0.39666620101612027       0.11057059572892831       0.26882021289889901       0.50817235361671897       0.82694280037216228        1.2119816553498806        1.6413432642218317        2.0902905762141049        2.5375646447768787        2.9680904619121637     
  0.43430544633167090       0.12125587973418510       0.29946525988266759       0.57386827036159394       0.94494154511166983        1.3989403079717246        1.9103633730676390        2.4494168886246377        2.9899870924132461        3.5132169273632194     
  0.47551624068340170       0.13354246112789087       0.33480847702018862       0.64999778141201858        1.0828370868400121        1.6194703058080058        2.2302729549124525        2.8792657326796256        3.5343331047638040        4.1718937919387304     
  0.52063748466325777       0.14663500028414103       0.37422550448496900       0.73717485988821541        1.2436360905124857        1.8799745596232829        2.6116204603867472        3.3950277336578463        4.1907267917760906        4.9693287631574750     
  0.57004023678963622       0.16091884777705454       0.41881832560322357       0.83784896692337973        1.4321902658548942        2.1889443579331078        3.0675659537415294        4.0152383186508152        4.9835029063027498        5.9358873855574643     
  0.62413076493974640       0.17660636640122079       0.46955191524465778       0.95463786251974980        1.6541417590667391        2.5565002066058908        3.6138436959504676        4.7619937737958269        5.9415913235034239        7.1076039569908946     
  0.68335388732923041       0.19383161248090786       0.52748309361024015        1.0906567244740322        1.9162958617333234        2.9947857422407202        4.2691571540316939        5.6613526229366933        7.0989100271010388        8.5266059888204389     
  0.74819663051388374       0.21279063330322665       0.59395129382176637        1.2497191426385035        2.2268553663553501        3.5182252732250276        5.0554258724171364        6.7435290307039919        8.4945107812483691        10.241205811693845     
  0.81919223449536838       0.23375667354875776       0.67062215733970409        1.4364519194504579        2.5956325602827435        4.1437641297761862        5.9979546630657845        8.0429221995877302        10.172439853027891        12.305633987064144     
  0.89692453786727211       0.25706222339799589       0.75951430134325770        1.6564293002901296        3.0342439373116137        4.8909951984012974        7.1253636217988996        9.5977832973758375        12.181119788091214        14.779134203265619     
  0.98203277906312625       0.28308079082149495       0.86307074467032996        1.9163339270074349        3.5562756381091463        5.7821427133449967        8.4692303291756676        11.449421439083620        14.572115354544446        17.724350855569931     
   1.0752168531898927       0.31226280226519587       0.98426024480455510        2.2241267074490199        4.1773699946241143        6.8418342798390643        10.063368234808944        13.640923136030089        17.398305423623864        21.204997038313117     
   1.1772430676769294       0.34515723259771475        1.1266799802070666        2.5892052395699849        4.9152074648933359        8.0966105326018489        11.942695906833338        16.215358293277514        20.711479913884677        25.282917809881994     
   1.2889504440725368       0.38242635913864620        1.2946669334657890        3.0225294801134557        5.7893209003748671        9.5741206632280260        14.141702393634242        19.213565259861763        24.559566604466756        30.014854708277138     
   1.4112576178114535       0.42486803332692569        1.4934256717752490        3.5367010583651708        6.8207197568377786        11.302014305761590        16.692611308424837        22.671779754425998        28.983898398040704        35.449458258483070     
   1.5451703926941469       0.47344539431167126        1.7291628842853000        4.1459666961397517        8.0313008330953988        13.306605043539932        19.623483751878968        26.619496711218435        34.017097164773091        41.625310950099568     
   1.6917900122028373       0.52931871676767983        2.0092199041573240        4.8661076516229764        9.4430618777846380        15.611423403777616        22.956574015483980        31.078077071425952        39.682214183196706        48.570629175639475     
   1.8523222156741213       0.59388504685589638        2.3421987486231313        5.7142140657742608        11.077173073966065        18.235951771527226        26.707369247053702        36.060669149757814        45.993718395818043        56.305327003671771     
   2.0280871538024625       0.66882135007978005        2.7380671577309132        6.7083327927942467        12.953048631476211        21.194810662133744        30.884784615108074        41.573856969977072        52.960690877650912        64.845519621718935     
   2.2205302450155360       0.75613338852922518        3.2082321561614293        7.8670099981837982        15.087585529693763        24.497754216197130        35.492793203174799        47.621196281067043        60.591963788360871        74.209962763003560     
   2.4312340619997870       0.85830321163483669        3.7658167442334762        9.2092652620803417        17.495513966503843        28.151704865529059        40.534800456681680        54.209698213845726        68.904106937286130        84.428916189518375     
   2.6619313461261318       0.97793825343972463        4.4245230880912274        10.752059723560782        20.186490042134803        32.158759035234148        46.012872713385441        61.349539000919719        77.920733516099901        95.542752139765099     
   2.9145192568009906        1.1184849752782122        5.2003215079545155        12.513293824467571        23.171153394010382        36.526328513258179        51.941270438294232        69.069573962699025        87.688887468746444        107.61875516240499     
   3.1910749729235515        1.2838137415807103        6.1100438302327635        14.509451500701216        26.459250393920211        41.266154529996371        58.345222490670139        77.414270128131776        98.273614854644521        120.74385660825344     
   3.4938727747491285        1.4784012858621687        7.1715973114251605        16.756562643748957        30.063075550080736        46.399669865282121        65.266174194547887        86.447522700880086        109.76074049806151        135.02732017508129     
   3.8254027466328799        1.7073626549769212        8.4037830647136431        19.271005887411281        34.000042163996767        51.960964407935002        72.763097699519108        96.251905666724625        122.25550095430283        150.60001834497083     
   4.1883912544574775        1.9764737414315148        9.8263158592474671        22.070772999335414        38.295277107478988        57.998550727167505        80.911164309847138        106.92558489041677        135.88034453242014        167.61353688939727     
   4.5858233661428098        2.2921847617912272        11.459902440855688        25.177027192059878        42.983531510462242        64.574496188684591        89.797992047943794        118.57872034387263        150.77246646159128        186.23844546397527     
   5.0209673996144657        2.6615799272329079        13.326623340727457        28.615719116306249        48.109727215612040        71.761701981972038        99.518485659265195        131.32925539111574        167.08005556916885        206.65869622020998     
   5.4974018001037450        3.0923549105952750        15.450586320541753        32.419273941027512        53.728483531868129        79.639557792025911        110.17050249077660        145.29971127051880        184.95692067827602        229.06320960867171     
   6.0190445678066622        3.5927755075641006        17.859091626121234        36.627955426487837        59.902887821981125        88.290250762691329        121.85271311363385        160.61427893199536        204.55603671915438        253.63559813555295     
   6.5901854779032725        4.1716134897083128        20.584091857260550        41.291093740942685        66.703001543714791        97.797064478189029        134.66509263058046        177.39614949271163        226.02281766853724        280.54613378962625     
   7.2155213579010242        4.8381158860913223        23.664012324050706        46.468003063049409        74.205713031454778        108.24690460004093        148.71279266497152        195.76840447810920        249.49552158192799        309.95724273435758     
   7.9001947124089602        5.6020214043834846        27.146212751641002        52.229809706057644        82.497467569329643        119.73771916370475        164.11333791148621        215.86125568989803        275.12142372452365        342.05064798156855     
   8.6498360129766851        6.4736187386353086        31.089631689001489        58.662372930535703        91.679783752695130        132.38974863183827        181.00773291513434        237.82964308880986        303.08694747998749        377.05290581696181     
   9.4706100007722398        7.4639396283662105        35.567958967279964        65.871240216392962        101.87828097926047        146.35825845523479        199.57478031593638        261.88249837829909        333.64492539773948        415.24221136389082     
   10.369266382873457        8.5849773598201775        40.673374405720701        73.988328443220936        113.25328026888057        161.84394565252120        220.04693601756512        288.30765790671251        367.11927174861216        456.95791827042933     
   11.353195339077612        9.8502838390867034        46.521624647624890        83.180875930665024        126.01123698138747        179.10081508118287        242.72949352066126        317.47285272743181        403.90335344753970        502.64734977077256     
   12.430488295695186        11.275356616859701        53.257898362027206        93.660191193839168        140.41286027247270        198.44061038742228        268.00967225437017        349.80940821753353        444.49175206360769        552.90064774177108     
   13.610004466105526        12.878679933125897        61.065750554466689        105.69320372318428        156.78310693960577        220.24659514008081        296.35416956486904        385.83072702684041        489.50632791343185        608.39300078523115     
   14.901443705277449        14.682590050955811        70.177909185238434        119.61564330719874        175.52355441829914        244.99890892650723        328.30934864055922        426.18614830803375        539.66212987767824        669.89281111111814     
   16.315426277379739        16.714546406849969        80.891690136277759        135.85181536375316        197.13517049931983        273.30675359278507        364.55302046084972        471.67720680234476        595.81310213408926        738.39677987716459     
   17.863580192457370        19.008837802902267        93.589823224606178        154.94532386951789        222.25486705201510        305.93522799590721        405.98306759381416        523.27724464336177        659.09185532778690        815.10174214485255     
   19.558636830395095        21.608336108861156        108.76736197821661        177.59953677739435        251.70661172336281        343.84558907281655        453.74414292583441        582.26630570774671        730.89532778886280        901.53047248797020     
   21.414535638539547        24.566948466650846        127.06581681478313        204.72892854695371        286.56977513519195        388.28893159133861        509.25566581350222        650.29036585337064        813.01330592119314        999.64548492826975     
   23.446538763970572        27.952903909581199        149.31704847272735        237.51899153028106        328.25337288757237        440.92780912643855        574.40567279709455        729.41721362462897        907.74944515375830        1111.9031134645345     
   25.671356563109935        31.853085787106629        176.60266325968533        277.50262442302255        378.56657556935278        503.88861171542555        651.64541717070585        822.39234208035305        1018.0621666692911        1241.4898683927365     
   28.107285020807289        36.378148670792079        210.33459552753220        326.66852019944906        439.82896881734234        579.88765320252276        744.09250591026353        932.70057702360884        1147.7745525237208        1392.5104097589026     
   30.774356208980628        41.669853624063194        252.36535347545427        387.62070760719888        515.07697100828454        672.51828365143126        855.86977743524108        1064.9421297660945        1301.8817360979399        1570.2420686917087     
   33.694503022121602        47.910131779850339        305.12316945535792        463.80283690026027        608.37462380345698        786.49078062382671        992.29866252671627        1224.9779428900306        1486.7688309176797        1781.5803621752632     
   36.891739544382439        55.334917674348617        371.78750996564855        559.75616665679911        725.04930182218050        927.95336707579247        1160.4303581953384        1420.6947822000545        1710.9156248081551        2035.5401407157892     
   40.392358531509046        64.251262035481489        456.55091248443375        681.43410368740831        872.01953325177453        1105.1589976430382        1369.5127085827314        1662.2910849752950        1985.1227962172229        2343.4658269882398     
   44.225147631630513        75.056097262709173        564.98497426335791        836.68883951850057        1058.3842535114272        1328.5317979280194        1631.8021215579058        1962.9548476971408        2324.9888475751040        2720.8002022292967     
   48.421626123015102        88.262872668021018        704.43201533865692        1035.9708132491000        1296.4160662670533        1612.4865506036174        1963.2160792816499        2340.8836664548021        2746.7583833870990        3189.5271313491917     
   53.016304115627769        104.54659315565179        884.50681347756904        1292.9312428949991        1601.9977286639451        1975.6015490012469        2384.0469013673328        2819.9650280526412        3279.2039889626499        3771.0594258981787     
   58.046966348054411        124.79972793020150        1117.9088601480651        1625.6575077876123        1996.7294407366235        2442.1948616918075        2925.4164447817188        3426.7542159586646        3954.7769111922485        4505.0750545699739     
   63.554982913623071        150.19067982602007        1421.6735801470304        2058.1912872664780        2507.3796351850292        3044.8821934739135        3619.9196712168118        4209.9772234219045        4811.8012848801809        5440.8550929647236     
   69.585649471004459        182.24846007579342        1818.4586192868644        2622.7148820519924        3172.8401598536780        3829.8682667724343        4517.1480772381210        5218.2470630248445        5913.6966463195195        6626.1147700960864     
   76.188559737046049        222.98789202207422        2337.9438657136589        3361.2033253235609        4041.8570728289778        4845.6986917856111        5689.0337290701036        6518.1114346651866        7345.5016640880522        8149.9001122463405     
   83.418013325063441        275.07286415493178        3018.9495133865234        4330.7838363795436        5178.8698210424536        6180.3928444101421        7212.1072185294715        8213.8275696021592        9180.2883681696730        10134.980826548928     
   91.333462282486295        342.02650107173184        3914.3526802879628        5602.0820345004558        6668.2091314691734        7927.0932455730208        9198.5526119433434        10434.434462689291        11582.605427485778        12679.842788775961     
   100.00000000000004        428.50783631535285        5093.6252516007626        7279.9142973959570        8636.9248558005656        10217.834887702224        11816.885290403154        13315.789008639103        14721.367264286415        16013.616966038102     
