   1.0000000000000002E-003   1.3067136668453592E-008   2.8944809285967876E-008   4.9913995357391902E-008   7.4505540589554484E-008   1.0098901129008486E-007   1.2771325467009012E-007   1.5339337563947275E-007   1.7721522112142715E-007   1.9878587237255310E-007
   1.0948889651276870E-003   1.8649154310143459E-008   4.1309450080319920E-008   7.1244035806356818E-008   1.0635476438394246E-007   1.4416754388315481E-007   1.8232277187115833E-007   2.1898544624542454E-007   2.5299354700952419E-007   2.8378667374271674E-007
   1.1987818459583783E-003   2.6603247371581263E-008   5.8928439157206510E-008   1.0164067262029531E-007   1.5174513282877572E-007   2.0570671009569800E-007   2.6015532656288516E-007   3.1247169519387028E-007   3.6099804944198055E-007   4.0493542924553734E-007
   1.3125330147352270E-003   3.7930223663715838E-008   8.4018651230106424E-008   1.4492995108258264E-007   2.1639192183515773E-007   2.9335677504837715E-007   3.7101420484923739E-007   4.4562752688482266E-007   5.1483293339991841E-007   5.7749186234239792E-007
   1.4370779141993756E-003   5.4047854388728713E-008   1.1972057084571474E-007   2.0653217006391744E-007   3.0839217432378234E-007   4.1809808086559238E-007   5.2878857219329596E-007   6.3513626010585656E-007   7.3377257406695298E-007   8.2307586587224797E-007
   1.5734407502856105E-003   7.6964530192460964E-008   1.7048295571298122E-007   2.9412592262164074E-007   4.3921685078838295E-007   5.9548664902623125E-007   7.5315564084161232E-007   9.0463377690358299E-007   1.0451237275053608E-006   1.1723171604892659E-006
   1.7227429147699432E-003   1.0951747760213098E-007   2.4259050708110398E-007   4.1855902087068290E-007   6.2507186979447093E-007   8.4750010372032305E-007   1.0719157450248626E-006   1.2875134253305564E-006   1.4874660712979527E-006   1.6684901584218456E-006
   1.8862122071335180E-003   1.5571254359549208E-007   3.4491652266462030E-007   5.9514784222499105E-007   8.8883954182515698E-007   1.2051707919679458E-006   1.5243232308172072E-006   1.8309271036761833E-006   2.1152747033765067E-006   2.3726989355715378E-006
   2.0651929314796274E-003   2.2119231497160702E-007   4.8995982290374743E-007   8.4546745600274131E-007   1.2627533400772572E-006   1.7122135356946494E-006   2.1656755642280252E-006   2.6012977217488962E-006   3.0052887392887291E-006   3.3710207494892896E-006
   2.2611569515367451E-003   3.1389418887774039E-007   6.9530243654230679E-007   1.1998681832451682E-006   1.7921581502494546E-006   2.4301256460661642E-006   3.0737648698663475E-006   3.6920688171498406E-006   4.2654644891214979E-006   4.7845485849663881E-006
   2.4757157946593421E-003   4.4495371180752266E-007   9.8561057892588301E-007   1.7009301386382084E-006   2.5406721024474438E-006   3.4451879291722588E-006   4.3577342324499772E-006   5.2343427538533819E-006   6.0472657755581148E-006   6.7831768103418312E-006
   2.7106339043648361E-003   6.2995874966103073E-007   1.3954127544291737E-006   2.4082594807739182E-006   3.5973532799877231E-006   4.8781849557893584E-006   6.1703738728477219E-006   7.4116508436478186E-006   8.5627277636936541E-006   9.6047409958748430E-006
   2.9678431503900389E-003   8.9069731719415648E-007   1.9729713618986458E-006   3.4051726229915698E-006   5.0866875789233985E-006   6.8979517330754384E-006   8.7252577060022987E-006   1.0480537601801066E-005   1.2108237637900834E-005   1.3581691513046073E-005
   3.2494587155918438E-003   1.2574962203445921E-006   2.7854630094299410E-006   4.8076399244477991E-006   7.1819528042492779E-006   9.7394995574539746E-006   1.2319672406875480E-005   1.4798102621568325E-005   1.7096352919582061E-005   1.9176782080169219E-005
   3.5577964903394962E-003   1.7724493406523132E-006   3.9261294750367950E-006   6.7766317689677094E-006   1.0123666884297794E-005   1.3729037476996839E-005   1.7366269136394177E-005   2.0860019457198890E-005   2.4099722918837471E-005   2.7032332816880390E-005
   3.8953921174427275E-003   2.4938360867093613E-006   5.5240650079370700E-006   9.5350163803004357E-006   1.4244837613701924E-005   1.9318218559021210E-005   2.4436383989681531E-005   2.9352569676971601E-005   3.3911200065174633E-005   3.8037650695310664E-005
   4.2650218442334201E-003   3.5020517608917104E-006   7.7573526791515135E-006   1.3390239836880620E-005   2.0004852408771887E-005   2.7130104122347161E-005   3.4318180231922064E-005   4.1222478303069880E-005   4.7624513670617072E-005   5.3419509949944405E-005
   4.6697253532797080E-003   4.9074555111873579E-006   1.0870448386346371E-005   1.8764339656984059E-005   2.8034325923861467E-005   3.8019988894999080E-005   4.8093586717928306E-005   5.7769322424943341E-005   6.6741015980516108E-005   7.4861869110169792E-005
   5.1128307594829414E-003   6.8609173312034710E-006   1.5197543534135691E-005   2.6234280608131071E-005   3.9195371054549980E-005   5.3157142591545430E-005   6.7241690263620149E-005   8.0769707570333107E-005   9.3313117753145646E-005   1.0466672737584974E-004
   5.5979819791232878E-003   9.5678097621756718E-006   2.1193558090921873E-005   3.6585464190391369E-005   5.4661553164325879E-005   7.4133243095871493E-005   9.3775882922168715E-005   1.1264197458410308E-004   1.3013452755435346E-004   1.4596745390695818E-004
   6.1291686959257363E-003   1.3306053173931078E-005   2.9474112746259980E-005   5.0880739697035998E-005   7.6021003885931774E-005   1.0310221148351914E-004   1.3042071413463011E-004   1.5665857146122136E-004   1.8098552071049365E-004   2.0300379732806812E-004
   6.7107591705751436E-003   1.8449278626281067E-005   4.0866837015052983E-005   7.0548985039845091E-005   1.0540877007015068E-004   1.4295968128981114E-004   1.8083884732315438E-004   2.1721856040066937E-004   2.5094761651226583E-004   2.8147467000063243E-004
   7.3475361634921530E-003   2.5496584033806463E-005   5.6477282090318425E-005   9.7498899406978548E-005   1.4567682287344554E-004   1.9757351525707132E-004   2.4992253388161673E-004   3.0019753572263632E-004   3.4680757375281037E-004   3.8899098236064105E-004
   8.0447362662841772E-003   3.5109806779272389E-005   7.7771483152534770E-005   1.3426153459602592E-004   2.0060698616876867E-004   2.7207247837486288E-004   3.4415855445464914E-004   4.1338564000540273E-004   4.7756296980605876E-004   5.3564218847809925E-004
   8.8080929653170624E-003   4.8157497181871045E-005   1.0667336423598491E-004   1.8415843863666594E-004   2.7516209296122077E-004   3.7318666259073501E-004   4.7205845406383793E-004   5.6700375604712492E-004   6.5501776550085089E-004   7.3466337649701356E-004
   9.6438837915444661E-003   6.5769062018643828E-005   1.4568466961880529E-004   2.5150867072050469E-004   3.7579515513960039E-004   5.0966643414906987E-004   6.4468782130720997E-004   7.7433824440375251E-004   8.9451427364092124E-004   1.0032547096477302E-003
   1.0558981944335792E-002   8.9394538282174806E-005   1.9801736908776985E-004   3.4185732358500698E-004   5.1079056610517154E-004   6.9274458202301888E-004   8.7624977561199038E-004   1.0524401359809402E-003   1.2157387335930438E-003   1.3634824158524298E-003
   1.1560912813835747E-002   1.2086811622598106E-004   2.6773439700654666E-004   4.6221844583176259E-004   6.9062675331818058E-004   9.3662731245807687E-004   1.1847044256034971E-003   1.4228666956290186E-003   1.6435746999382704E-003   1.8432320333834455E-003
   1.2657915866672035E-002   1.6247279316382375E-004   3.5989277300359278E-004   6.2132171089583231E-004   9.2834364954163075E-004   1.2589904063087078E-003   1.5923927878268166E-003   1.9124255868731136E-003   2.2089561165654801E-003   2.4771575992143086E-003
   1.3859012403933871E-002   2.1698929871760635E-004   4.8065203436213182E-004   8.2979941011159886E-004   1.2398211592203063E-003   1.6813545532726785E-003   2.1265072577419282E-003   2.5537334741104929E-003   2.9495041456805040E-003   3.3073859074150861E-003
   1.5174079748634946E-002   2.8772004032154666E-004   6.3732713248567654E-004   1.1002769048903730E-003   1.6439119050898551E-003   2.2292603978381590E-003   2.8193046578259798E-003   3.3854599625931419E-003   3.9097938960645203E-003   4.3837983180051651E-003
   1.6613932472747905E-002   3.7846781557676124E-004   8.3834104947796257E-004   1.4472894806125162E-003   2.1623133286924018E-003   2.9320875460334492E-003   3.7078647607741585E-003   4.4520197914122766E-003   5.1409766033259294E-003   5.7635815905813488E-003
   1.8190411331788243E-002   4.9344684143500330E-004   1.0930272667607362E-003   1.8869390976915721E-003   2.8190490392184598E-003   3.8223396409927538E-003   4.8331672265906466E-003   5.8024380345395483E-003   6.6994365262703776E-003   7.5096852200768113E-003
   1.9916480638308576E-002   6.3710546991910147E-004   1.4112364682777039E-003   2.4362123856016644E-003   3.6394419644920099E-003   4.9342362220641291E-003   6.2382854291779836E-003   7.4881463105720084E-003   8.6442033340977664E-003   9.6878728547665841E-003
   2.1806334875063296E-002   8.1386856634002840E-004   1.8027656046278563E-003   3.1119921946022085E-003   4.6486293655702777E-003   6.3016819359738773E-003   7.9657901724481117E-003   9.5598266620368025E-003   1.1033261017370224E-002   1.2362533477641746E-002
   2.3875515424585839E-002   1.0278520701051410E-003   2.2767267439416945E-003   3.9299679873615254E-003   5.8699310690844683E-003   7.9560425478742303E-003   1.0054916633809778E-002   1.2063980955052780E-002   1.3919552584101543E-002   1.5592167470554559E-002
   2.6141038375114913E-002   1.2826455096299064E-003   2.8410694976069291E-003   4.9038180998114168E-003   7.3236355769771468E-003   9.9245051585005548E-003   1.2539494596896560E-002   1.5040449095780079E-002   1.7348120831148828E-002   1.9426194048646265E-002
   2.8621534453892730E-002   1.5814460333541047E-003   3.5028861427001757E-003   6.0457525719656135E-003   9.0278355566238335E-003   1.2231243326177289E-002   1.5449463512614746E-002   1.8524282996140902E-002   2.1358344185600030E-002   2.3907547857261065E-002
   3.1337402238589059E-002   1.9279021529044760E-003   4.2702920784573615E-003   7.3697831166293559E-003   1.1003350982773184E-002   1.4904146480085097E-002   1.8819458194740041E-002   2.2556160582953885E-002   2.5996101359840304E-002   2.9086487904589644E-002
   3.4310975906798831E-002   2.3281070338165618E-003   5.1568513315510146E-003   8.8993829158302232E-003   1.3285201804433674E-002   1.7990417254467272E-002   2.2708597573255565E-002   2.7206248330780454E-002   3.1341473231893548E-002   3.5051840922463912E-002
   3.7566708903115982E-002   2.7926385442602259E-003   6.1861059552673608E-003   1.0675323940833882E-002   1.5934340491410556E-002   2.1572516115287113E-002   2.7220715942002264E-002   3.2598610337555449E-002   3.7537098587097292E-002   4.1962998379852894E-002
   4.1131375034185735E-002   3.3421921047100474E-003   7.4040199136532463E-003   1.2777068272539133E-002   1.9069422066316864E-002   2.5810942347595980E-002   3.2558082955177300E-002   3.8975283183456839E-002   4.4861712164451811E-002   5.0131885787684488E-002
   4.5034288645458394E-002   4.0187502311467916E-003   8.9035439122807265E-003   1.5364728067057245E-002   2.2928617980562917E-002   3.1026676191725038E-002   3.9123823785220724E-002   4.6817055463623962E-002   5.3867164048417758E-002   6.0173968192290019E-002
   4.9307545690287481E-002   4.8780351274076766E-003   1.0807782379620235E-002   1.8649702812097671E-002   2.7825200360785032E-002   3.7640199520539264E-002   4.7443931303336455E-002   5.6748856905319701E-002   6.5268089582715128E-002   7.2883377357552695E-002
   5.3986287673825017E-002   5.9804155708189938E-003   1.3249704387584764E-002   2.2859311422060075E-002   3.4094198193464480E-002   4.6098639803938510E-002   5.8074662094092573E-002   6.9428059560330019E-002   7.9812289773626449E-002   8.9086848733305690E-002
   5.9108990642279875E-002   7.3959907241936884E-003   1.6382887966157875E-002   2.8254173669842435E-002   4.2116458336276558E-002   5.6905808195874513E-002   7.1637221398502704E-002   8.5582082838297519E-002   9.8319625458089283E-002  0.10968275151978064     
   6.4717781594067936E-002   9.1198303959161599E-003   2.0195393506480471E-002   3.4811210526221388E-002   5.1854011915657680E-002   7.0006723798772555E-002   8.8058730023539117E-002  0.10511941790129778       0.12067963663758807       0.13454225736778394     
   7.0858784914888756E-002   1.1041917381698007E-002   2.4445673904162465E-002   4.2119702191473984E-002   6.2707909896043676E-002   8.4614104572254531E-002  0.10637581072018097       0.12691864453305310       0.14563363049802161       0.16229074457323708     
   7.7582501685667909E-002   1.2931558084305017E-002   2.8632503312696091E-002   4.9340851074186072E-002   7.3478259957565892E-002   9.9180990059325777E-002  0.12472958135495846       0.14885346273851244       0.17083497976567144       0.19040547214129516     
   8.4944224982638025E-002   1.4600982983387648E-002   3.2356515204811878E-002   5.5829285442385183E-002   8.3282933491537398E-002  0.11262310939162740       0.14187579767484129       0.16956369909472649       0.19484894481166579       0.21741098280346394     
   9.3004494584813954E-002   1.6123104543337347E-002   3.5792897323036421E-002   6.1923594185788952E-002   9.2684665680872746E-002  0.12576199934681806       0.15890571205282364       0.19041008359771239       0.21929713203801432       0.24517333742836028     
  0.10182959482819059        1.8020951079590283E-002   4.0089029953898535E-002   6.9577909803034965E-002  0.10453253428365687       0.14232698888137565       0.18035904742426295       0.21665289517253170       0.25006434421586249       0.28010858210343587     
  0.11149209970080924        2.1098615676152118E-002   4.6975645376878955E-002   8.1658013886514474E-002  0.12286274819597277       0.16742745287478361       0.21227477893100366       0.25510786827965987       0.29459776647925678       0.33016877326984478     
  0.12207146966133181        2.5566810368418857E-002   5.6882980087065438E-002   9.8817846961801140E-002  0.14847834575101002       0.20193846055670223       0.25555803520962611       0.30668340461911536       0.35379011796274468       0.39621988111126999     
  0.13365470508911154        3.0146765834938607E-002   6.7093617491252672E-002  0.11662001100482100       0.17517621990224014       0.23808777996747704       0.30117438714858408       0.36138701354224195       0.41694972411453185       0.46707562229668498     
  0.14633706173946351        3.3090341861239360E-002   7.4012058411464063E-002  0.12943784388612770       0.19549764742237472       0.26704327739571904       0.33940591760135841       0.40902182937641141       0.47370049631887967       0.53238197277778565     
  0.16022283408774773        3.5475990900096857E-002   8.0022296483823585E-002  0.14128963137847847       0.21525500601131614       0.29639781123759706       0.37946149387114209       0.46018321992366612       0.53579077271338515       0.60483098460493046     
  0.17542621300415920        4.0612006996138428E-002   9.1951365142702635E-002  0.16281488671773331       0.24855989460577793       0.34301197430967739       0.44014307698035238       0.53492390301112380       0.62401687861833810       0.70562346155526634     
  0.19207222481239303        4.7889156831701661E-002  0.10841810243870853       0.19160081980001201       0.29192187059121361       0.40240840558577740       0.51617658322835003       0.62740983453145449       0.73221265553223713       0.82844885582812244     
  0.21029775945461360        5.2494846605087540E-002  0.11986306175945499       0.21345662465214330       0.32767735888309757       0.45495182151295632       0.58731167885765412       0.71775578805798201       0.84144439853753494       0.95561021440715854     
  0.23025269621793309        5.6840781340271443E-002  0.13131129430737609       0.23637139864530457       0.36661343811213365       0.51373819173217816       0.66838997600030448       0.82205237130066899       0.96867775034609271        1.1046924719049036     
  0.25210113627991265        6.5432113331038266E-002  0.15132908234217554       0.27247065393817810       0.42312090127251045       0.59411477532958312       0.77483553098971902       0.95538556295539534        1.1285662821027338        1.2899833509000502     
  0.27602275220902728        7.1939791957924035E-002  0.16800182550799722       0.30528953181776131       0.47834919713661322       0.67708337894588599       0.88912543903067665        1.1025851727975164        1.3086021745523424        1.5016144048588180     
  0.30221426551783803        7.9034091886679481E-002  0.18656334412407066       0.34251292596190291       0.54185002845531671       0.77344687900784082        1.0228969478430527        1.2759304359546255        1.5216673354375760        1.7531012470248148     
  0.33089106441964966        8.8422710820453596E-002  0.21002585104698140       0.38805703579638634       0.61804714723559617       0.88807413814350689        1.1816790701131987        1.4819101206821610        1.7754622822953514        2.0535163173077446     
  0.36228897509242902        9.6531119701393664E-002  0.23258237928651529       0.43539733956495741       0.70147781034456047        1.0178216862862708        1.3652238084082302        1.7232872267433019        2.0756569588776768        2.4112560665493721     
  0.39666620101612027       0.10694379068374013       0.26029642279564480       0.49201173149290039       0.80015193243340954        1.1711004874664956        1.5827541471809152        2.0106420057261252        2.4346342703332726        2.8407912200254657     
  0.43430544633167090       0.11715504132468875       0.28958680643149892       0.55473716735867562       0.91281584684159256        1.3495327154779821        1.8392295912620920        2.3524344247699087        2.8643719931888785        3.3575638603282334     
  0.47551624068340170       0.12867116423282854       0.32303697028710376       0.62704085572339030        1.0440726636795834        1.5595690113452252        2.1437437785852813        2.7610156682759790        3.3808578160243892        3.9813871773091267     
  0.52063748466325777       0.14117223556945940       0.36060884439376001       0.70994725370977163        1.1970257728919593        1.8073891763141030        2.5063281499650283        3.2507795560689061        4.0031402852187297        4.7361035471636024     
  0.57004023678963622       0.15463608279153057       0.40286101296164784       0.80535219378998335        1.3759667147499681        2.1008250641086805        2.9392954664376179        3.8391593939320536        4.7541554699054833        5.6503581710820496     
  0.62413076493974640       0.16940046703065306       0.45086760402352316       0.91581687819589341        1.5862384708420998        2.4494242036659006        3.4575140623927281        4.5470754117379917        5.6613159888334881        6.7583190970707019     
  0.68335388732923041       0.18557548915959063       0.50559881373685700        1.0442032715869967        1.8341626281142429        2.8645638036585415        4.0786076456681055        5.3991658253151504        6.7567579310027108        8.0999519719605821     
  0.74819663051388374       0.20337111861993584       0.56831964883214270        1.1940334406536628        2.1273804717095910        3.3597961558527700        4.8232915253553061        6.4240926708966644        8.0776109201670554        9.7212718847639970     
  0.81919223449536838       0.22301172764706248       0.64055218221249122        1.3695555012656542        2.4750218749371959        3.9510415427539267        5.7154985403447425        7.6545414636311850        9.6658545623772216        11.674076798755950     
  0.89692453786727211       0.24477991964789586       0.72416063235080053        1.5758921314956771        2.8879035713082262        4.6567286116215518        6.7823449271693717        9.1269407032763876        11.567774149607917        14.015165702169787     
  0.98203277906312625       0.26902030402089933       0.82141264046536688        1.8191871513825937        3.3786878541794221        5.4977939630536650        8.0538194044218923        10.880760178121040        13.832856756584867        16.804867904248869     
   1.0752168531898927       0.29614440741675740       0.93505938093964314        2.1067634821177474        3.9619787577125232        6.4974894815596329        9.5621292912082598        12.957323581528964        16.512076632336083        20.104849077653792     
   1.1772430676769294       0.32664542694115428        1.0684339250007757        2.4472766441837215        4.6543152186658387        7.6809395291518134        11.340652493966646        15.398116919112596        19.655599961340002        23.975275988495728     
   1.2889504440725368       0.36111772450308555        1.2255605903138398        2.8508418109861813        5.4740143998054185        9.0744004519570751        13.422488516453139        18.242661418197507        23.310070718755121        28.471595917655911     
   1.4112576178114535       0.40027856827645192        1.4112736329163278        3.3291129434176248        6.4408298998433304        10.704220618665296        15.838696836476622        21.526166568812382        27.515833027665167        33.641421651606784     
   1.5451703926941469       0.44499351119380642        1.6313468184547195        3.8952963925282025        7.5754173388456199        12.595574266137200        18.616439976810142        25.277352035106595        32.304648324520613        39.522235786490171     
   1.6917900122028373       0.49630488749676044        1.8926226105755208        4.5640630631096375        8.8986011662130764        14.771081003111316        21.777314374233427        29.516894383042118        37.698510288357724        46.140637727247643     
   1.8523222156741213       0.55546710943722122        2.2031389443764651        5.3513529067192014        10.430517358239289        17.249557755701915        25.336305533083166        34.257080016799989        43.710222264924425        53.513838404458966     
   2.0280871538024625       0.62398643074633964        2.5722404012607134        6.2740630031704887        12.189736045719679        20.045185375192702        29.301782937740320        39.503110155048752        50.346116752163660        61.653663732710882     
   2.2205302450155360       0.70366599418418319        3.0106626929758500        7.3496396011691729        14.192533465277966        23.167412470069699        33.676883706306491        45.256274618553881        57.610884782129133        70.572741062218370     
   2.4312340619997870       0.79674260856045342        3.5308219061285273        8.5960731050588226        16.453197634913316        26.622778366211602        38.463549935241332        51.520142024817979        65.515431216517285        80.293533022944857     
   2.6619313461261318       0.90555944066651572        4.1457480876017581        10.029493794482041        18.981222428011716        30.412951161897293        43.661786478333461        58.300576102682271        74.076932380874823        90.847979744756927     
   2.9145192568009906        1.0332336026067028        4.8707387311330601        11.667057397444621        21.786992485130366        34.544265240739058        49.282716236275867        65.621111067537726        83.335399469594776        102.29471276343477     
   3.1910749729235515        1.1832688997838714        5.7220346895837810        13.524609709344988        24.879920301589806        39.026818635562137        55.347747116212439        73.520838979660866        93.349579208574767        114.71313879610497     
   3.4938727747491285        1.3597373109700390        6.7170677414175621        15.617669869935860        28.271677462385437        43.879699202054006        61.894192897615511        82.058953690841832        104.20026796535012        128.20627865938590     
   3.8254027466328799        1.5673045650231456        7.8743157772731216        17.962052733753502        31.978565165901692        49.133969313193269        68.976881174916102        91.314145550301760        115.98852353701321        142.89918300540830     
   4.1883912544574775        1.8112760059569633        9.2133276595005835        20.575048205879042        36.023985469057841        54.834479068768715        76.667367957248473        101.38169559196601        128.83278204422587        158.93732217581149     
   4.5858233661428098        2.0976087264582897        10.754843594467886        23.476801186737447        40.440128765546248        61.039382101473223        85.050118225889690        112.36853821131506        142.86509685920271        176.48406941119975     
   5.0209673996144657        2.4328779205791018        12.521058033546646        26.691685475127066        45.268414314398392        67.817196951682689        94.216596100451014        124.38776828996637        158.22676948241670        195.71596622537194     
   5.4974018001037450        2.8242952505503505        14.536384505031748        30.249948792331004        50.559237243206894        75.242998145833567        104.26024772412110        137.55506206353320        175.06417131418462        216.81592015918264     
   6.0190445678066622        3.2796591813752625        16.828422858727418        34.188840349209634        56.370488780671046        83.394103927892303        115.27306692516566        151.98570892325978        193.52250761730457        239.96258107284865     
   6.5901854779032725        3.8073276872527040        19.429409000495717        38.553598633237385        62.766320111693311        92.348039893269771        127.34614654647878        167.79359548845960        213.74038465991669        265.32089497644080     
   7.2155213579010242        4.4161816284332875        22.378032139651815        43.398317160744888        69.817055952652538        102.18432989581382        140.57423839330431        185.09295686163321        235.84869004029528        293.04169172045891     
   7.9001947124089602        5.1156453086927769        25.721755598038541        48.787463039918720        77.601706681634596        112.99163096968634        155.06459456271307        204.00575645349778        259.98104144782519        323.28179881617262     
   8.6498360129766851        5.9157678488378975        29.519586176013458        54.798685311116657        86.213561342575346        124.87938563290291        170.94902875737750        224.67657577903861        286.30132635974439        356.24051494840779     
   9.4706100007722398        6.8273543346254648        33.845243179684381        61.527339817673429        95.768379687998547        137.99083846027349        188.39689133896812        247.29590280765447        315.03929447484347        392.18500473582628     
   10.369266382873457        7.8622195551823699        38.791034679612444        69.093019572909483        106.41418097954762        152.51375744634558        207.62713376043129        272.12685254871656        346.50757697043758        431.45082388754190     
   11.353195339077612        9.0337034066808570        44.473101751967803        77.648064160386156        118.34146806828065        168.68720538646571        228.92105555764823        299.51757420496739        381.09109783489447        474.45145317624309     
   12.430488295695186        10.357048245606178        51.037295354028103        87.385651507886237        131.79063179705986        186.80334303853650        252.63332100179500        329.88451101638657        419.24203848588832        521.71910661825734     
   13.610004466105526        11.850388819586428        58.668402605025022        98.550731187112376        147.06219419617466        207.21710144477956        279.20137213626447        363.70545497341465        461.52196786802455        573.90878689314059     
   14.901443705277449        13.535538263515013        67.601014410157688        111.45187929216951        164.52912572547314        230.36808817417466        309.14633026000229        401.56294546800814        508.61861755296979        631.74539795720364     
   16.315426277379739        15.439223938050775        78.134725003095554        126.47942759712106        184.65869683783177        256.81902123794293        343.09830710957925        444.20970848657146        561.33189196105172        696.11246135333784     
   17.863580192457370        17.594710811776178        90.654528992166206        144.13191845994652        208.04452262657463        287.29230728799695        381.87356479671263        492.57807557776499        620.67802102056942        768.16016375944650     
   19.558636830395095        20.043537640612669        105.65687127580235        165.05081206674058        235.44730043492089        322.69635217293387        426.54770060754231        547.82932505536257        687.99633310089530        849.28778963754053     
   21.414535638539547        22.837909817323840        123.78463674722707        190.06621105444975        267.85214398239589        364.18218280801608        478.47106936758024        611.50449560341474        764.92977234507453        941.31085463536272     
   23.446538763970572        26.043816337172213        145.87347629936255        220.25561276838263        306.54598576002422        413.25864355573628        539.35185225494502        685.54193265699394        853.62108523921881        1046.5277212700767     
   25.671356563109935        29.745063166038339        173.01289679575763        257.02061280692794        353.20651346901639        471.91315445519467        611.46700203458136        772.43931673471968        956.79868520969046        1167.8602336507722     
   28.107285020807289        34.048414356246070        206.62635048484427        302.18687582684652        409.99747212558901        542.68105976600532        697.72081511888769        875.45785114257592        1078.0053816757852        1309.1064254149642     
   30.774356208980628        39.090796423722253        248.57856897317626        358.14034600721999        479.72370505297329        628.86729736620509        801.91866244717585        998.81755919534930        1221.7960147064277        1475.1107344460736     
   33.694503022121602        45.048259279634081        301.31608822778350        428.00544933456280        566.08623082717656        734.85783256259458        929.02201148805011        1148.0191977215372        1394.1914231442831        1672.2625731155570     
   36.891739544382439        52.148067928566881        368.05506054117518        515.89688031147671        674.00707099697593        866.36855462369761        1085.6041107145113        1330.2904923832361        1602.9245033134157        1908.7124655758137     
   40.392358531509046        60.684483771420979        453.03101252467349        627.25083428295557        809.88509143472163        1030.8717611373838        1280.0836442411241        1555.1020092748363        1858.0627854396025        2195.6361067117655     
   44.225147631630513        71.039609874469335        561.82775379472844        769.26526122349082        982.14366097621132        1238.4018252182971        1523.9051816870303        1834.9878349496007        2173.4829892574239        2545.7125708037856     
   48.421626123015102        83.711071084289827        701.81579583901782        951.39114044284020        1201.9781129006485        1501.6935566093373        1831.9446565378023        2185.3775705771282        2566.5299648789291        2980.5637073996377     
   53.016304115627769        99.349361301596474        882.73363635926967        1186.1018760482566        1484.1450338966017        1838.6088637554883        2223.4944095377896        2630.6753712520394        3058.2238513510838        3521.4708472598513     
   58.046966348054411        118.80779907390402        1117.4845198675114        1489.8060475142963        1847.9942180378341        2271.4841155228205        2723.7701185300098        3195.4117731073115        3685.2244545875919        4199.3322014847809     
   63.554982913623071        143.20690422481258        1423.1685096702588        1884.6353873651515        2320.0054184643586        2829.8178622126047        3371.4637655744732        3918.1732964107628        4481.4995928794524        5063.2493749425121     
   69.585649471004459        174.01851408709729        1822.4849840630279        2399.4613515806536        2932.7487392848975        3555.3568670769264        4202.7602551640784        4854.6215801337148        5498.7559393152751        6166.0274026236248     
   76.188559737046049        213.17931244191303        2345.3489892318412        3072.8669210134412        3733.7177370125160        4501.8211767379689        5286.2655040690279        6063.0713450645962        6819.1468627278837        7567.3187794172754     
   83.418013325063441        263.24721383087382        3031.4918295211633        3955.2740647129931        4782.5540952692872        5730.6522535305257        6701.2385303061383        7626.9691231118022        8528.6881417247841        9396.7337614906337     
   91.333462282486295        327.60192207546379        3933.4270624244673        5116.5245571265668        6156.3642494841424        7351.3913227874646        8546.8741675230867        9683.5500682936599        10735.054264071736        11755.199837682347     
   100.00000000000004        410.70412765534945        5121.8164128331118        6640.9612832502762        7962.1655859185275        9472.1014305729168        10959.465017777082        12360.680914264534        13643.293453668513        14821.225553575257     
