   1.0000000000000002E-003   1.6931818254003843E-008   3.6193531156808125E-008   6.0102058835423027E-008   8.6594199881416882E-008   1.1395739522018387E-007   1.4096001491175244E-007   1.6681927989052895E-007   1.9110108688128834E-007   2.1361400440044378E-007
   1.0948889651276870E-003   2.4015372570053997E-008   5.1335370338128189E-008   8.5246214322851826E-008   1.2282154581886326E-007   1.6163234182448090E-007   1.9993170919731087E-007   2.3660938633893173E-007   2.7104965936481366E-007   3.0298101024387941E-007
   1.1987818459583783E-003   3.4042667492250159E-008   7.2769764344685830E-008   1.2083962849676303E-007   1.7410403719012206E-007   2.2911975828468423E-007   2.8341050428969146E-007   3.3540243710030966E-007   3.8422275942628631E-007   4.2948658503816954E-007
   1.3125330147352270E-003   4.8234951533478399E-008   1.0310726083103888E-007   1.7121731201439335E-007   2.4668749657404965E-007   3.2463910344901264E-007   4.0156348366909312E-007   4.7523066772990876E-007   5.4440399117086719E-007   6.0853811079833686E-007
   1.4370779141993756E-003   6.8320541085016375E-008   1.4604231900100781E-007   2.4251419255639983E-007   3.4941104153975297E-007   4.5982259274683152E-007   5.6877914677232487E-007   6.7312214361744321E-007   7.7109995638902515E-007   8.6194015645292433E-007
   1.5734407502856105E-003   9.6747268927819395E-008   2.0680744116293469E-007   3.4341923477792815E-007   4.9479360965569034E-007   6.5114505547132477E-007   8.0543607095708204E-007   9.5319387655675926E-007   1.0919380287189425E-006   1.2205747109341041E-006
   1.7227429147699432E-003   1.3696361661570758E-007   2.9277412367114568E-007   4.8617336513871186E-007   7.0047175358808262E-007   9.2181605891227272E-007   1.1402433715738187E-006   1.3494216292678100E-006   1.5458393031777961E-006   1.7279479003417923E-006
   1.8862122071335180E-003   1.9383494797565824E-007   4.1434260131602884E-007   6.8804696024202517E-007   9.9132838332041698E-007   1.3045813099173513E-006   1.6137058874206372E-006   1.9097407639994060E-006   2.1877163153313502E-006   2.4454410801988730E-006
   2.0651929314796274E-003   2.7421475138728093E-007   5.8616294029581739E-007   9.7336756478628008E-007   1.4024142689305504E-006   1.8455673157685033E-006   2.2828798135795731E-006   2.7016742478477489E-006   3.0949201734295237E-006   3.4595173922188696E-006
   2.2611569515367451E-003   3.8774015539579662E-007   8.2883554064835488E-007   1.3763437052962674E-006   1.9830165418204773E-006   2.6096354716634390E-006   3.2279953952057352E-006   3.8201701879654437E-006   4.3762187736828389E-006   4.8917575078397803E-006
   2.4757157946593421E-003   5.4792009184518103E-007   1.1712372061250415E-006   1.9449275056532381E-006   2.8022238767752607E-006   3.6877057407730039E-006   4.5615158611723942E-006   5.3983224543946309E-006   6.1840776480008530E-006   6.9125869405889074E-006
   2.7106339043648361E-003   7.7365941009506551E-007   1.6537791093796451E-006   2.7462247837628788E-006   3.9567212429728617E-006   5.2070143769845385E-006   6.4408255311429671E-006   7.6223860996565299E-006   8.7318605467518366E-006   9.7605024236193454E-006
   2.9678431503900389E-003   1.0913619787004416E-006   2.3329024099546429E-006   3.8739603599578041E-006   5.5815457362071484E-006   7.3452683081343941E-006   9.0857377249978473E-006   1.0752496500503623E-005   1.2317563596375929E-005   1.3768601112349366E-005
   3.2494587155918438E-003   1.5377909541919802E-006   3.2871924059439834E-006   5.4586310524035859E-006   7.8647147184013882E-006   1.0349895260456413E-005   1.2802305528688743E-005   1.5150847117434234E-005   1.7356093068788466E-005   1.9400659084674157E-005
   3.5577964903394962E-003   2.1639651810022372E-006   4.6257075386965631E-006   7.6813365795266244E-006   1.1067152893143192E-005   1.4564266899654197E-005   1.8015257241703297E-005   2.1320073230399500E-005   2.4423233485668421E-005   2.7300275920114935E-005
   3.8953921174427275E-003   3.0404899364969211E-006   6.4993744805115289E-006   1.0792701873595808E-005   1.5549954750428788E-005   2.0463574632104453E-005   2.5312370599227980E-005   2.9955762983006121E-005   3.4315797210119661E-005   3.8358104438681439E-005
   4.2650218442334201E-003   4.2647083584887855E-006   9.1162751490893516E-006   1.5138262127662620E-005   2.1810957936620865E-005   2.8702957366582472E-005   3.5504000089873243E-005   4.2016898423263308E-005   4.8132310025137187E-005   5.3802031038979408E-005
   4.6697253532797080E-003   5.9704761456592144E-006   1.2762541276735087E-005   2.1193159398715769E-005   3.0534731675844230E-005   4.0183281297756238E-005   4.9704435382951985E-005   5.8822127301368862E-005   6.7383280429266317E-005   7.5320416580318056E-005
   5.1128307594829414E-003   8.3400872694391505E-006   1.7827847031564050E-005   2.9604474226900966E-005   4.2653563999755285E-005   5.6131390369545772E-005   6.9431152994099777E-005   8.2167201429603101E-005   9.4125704456628960E-005   1.0521241344302128E-004
   5.5979819791232878E-003   1.1622499442267723E-005   2.4844368056743660E-005   4.1255918455310989E-005   5.9440663645042837E-005   7.8222744243209024E-005   9.6756487761261428E-005   1.1450443454270263E-004   1.3116859561438377E-004   1.4661764871166876E-004
   6.1291686959257363E-003   1.6154172487909641E-005   3.4531325863879410E-005   5.7341801523292919E-005   8.2616717789771749E-005   1.0872162083940673E-004   1.3448101114839768E-004   1.5914782055799416E-004   1.8230787323231086E-004   2.0377867985875279E-004
   6.7107591705751436E-003   2.2387558393578308E-005   4.7855888408243119E-005   7.9468154747709078E-005   1.1449556918742353E-004   1.5067277909866465E-004   1.8637052857597630E-004   2.2055339151239660E-004   2.5264737704799558E-004   2.8239964471899799E-004
   7.3475361634921530E-003   3.0927009721015392E-005   6.6109927898298060E-005   1.0978018290756141E-004   1.5816780880853460E-004   2.0814298258601673E-004   2.5745469224297773E-004   3.0467240796839667E-004   3.4900320386089710E-004   3.9009791552809458E-004
   8.0447362662841772E-003   4.2573364446769096E-005   9.1005324696717742E-005   1.5112050443741019E-004   2.1772869972654395E-004   2.8652080145558036E-004   3.5439759895352480E-004   4.1938959279735877E-004   4.8040527617532230E-004   5.3696421200509709E-004
   8.8080929653170624E-003   5.8378648897896132E-005   1.2479089825945171E-004   2.0722328996147747E-004   2.9855777399668632E-004   3.9288431173689436E-004   4.8595220022030464E-004   5.7506030408610272E-004   6.5871193116465046E-004   7.3624866672078156E-004
   9.6438837915444661E-003   7.9710000583041815E-005   1.7038904375237020E-004   2.8294109801219698E-004   4.0764545724200125E-004   5.3643050936219377E-004   6.6349076218141768E-004   7.8513729706768598E-004   8.9932660921188655E-004   1.0051603859991499E-003
   1.0558981944335792E-002   1.0832221138426052E-004   2.3155079921207040E-004   3.8450229131538051E-004   5.5396364684264085E-004   7.2896232122336279E-004   9.0160614590006341E-004   1.0668806794447783E-003   1.2220090400943647E-003   1.3657716733143806E-003
   1.1560912813835747E-002   1.4643665696690352E-004   3.1302459454397131E-004   5.1979118430579602E-004   7.4886895200035558E-004   9.8541831660949584E-004   1.2187653625306196E-003   1.4421288964516844E-003   1.6517552242574216E-003   1.8459977848194070E-003
   1.2657915866672035E-002   1.9681620832265979E-004   4.2071622273775951E-004   6.9861314438200261E-004   1.0064833380525719E-003   1.3243711857610374E-003   1.6379223614876926E-003   1.9380187177076862E-003   2.2196156991653527E-003   2.4805039731639862E-003
   1.3859012403933871E-002   2.6282714890969857E-004   5.6182128648061386E-004   9.3291438403535296E-004   1.3440098698268399E-003   1.7684409448795154E-003   2.1870250430384803E-003   2.5875792082532653E-003   2.9633680572833912E-003   3.3114477164161104E-003
   1.5174079748634946E-002   3.4846699713557097E-004   7.4488441296695080E-004   1.2368792446517689E-003   1.7818701367911499E-003   2.3444704662324120E-003   2.8992239479633613E-003   3.4299670428642702E-003   3.9277719002853984E-003   4.3887466377324968E-003
   1.6613932472747905E-002   4.5833939644843115E-004   9.7974522380588633E-004   1.6268389806537828E-003   2.3435688564414020E-003   3.0833395405340074E-003   3.8126299680047555E-003   4.5101628160360181E-003   5.1641997896085872E-003   5.7696413906891970E-003
   1.8190411331788243E-002   5.9754543013178436E-004   1.2773053288534092E-003   2.1208823455874585E-003   3.0551265749355358E-003   4.0192065177292007E-003   4.9693579849223318E-003   5.8778144106224131E-003   6.7292817265104353E-003   7.5171454303003425E-003
   1.9916480638308576E-002   7.7146809780159222E-004   1.6490667265362724E-003   2.7380857530206436E-003   3.9439621378347944E-003   5.1880218828425093E-003   6.4136639724666133E-003   7.5849998188283040E-003   8.6823028641997632E-003   9.6970915542023625E-003
   2.1806334875063296E-002   9.8546452328452999E-004   2.1064733535199279E-003   3.4974169420834344E-003   5.0373045571906984E-003   6.6254212567022127E-003   8.1893121420603225E-003   9.6830757555385165E-003   1.1081550932416756E-002   1.2374002049943055E-002
   2.3875515424585839E-002   1.2445159899404370E-003   2.6601643478150645E-003   4.4164955472798849E-003   6.3604036814741893E-003   8.3643598708778039E-003   1.0336630112525990E-002   1.2219167018876985E-002   1.3980264917985250E-002   1.5606529246717314E-002
   2.6141038375114913E-002   1.5529608657750846E-003   3.3194085670229957E-003   5.5106629015852166E-003   7.9351993988050189E-003   1.0433368677084946E-002   1.2890357298383483E-002   1.5233625834665950E-002   1.7423733754122005E-002   1.9444227977180453E-002
   2.8621534453892730E-002   1.9146906088096042E-003   4.0925341931660943E-003   6.7937149123538567E-003   9.7814041823750947E-003   1.2858011496875566E-002   1.5881487791130796E-002   1.8762264953544008E-002   2.1451922377280847E-002   2.3930577095438291E-002
   3.1337402238589059E-002   2.3340972626370604E-003   4.9889695930768856E-003   8.2813203096312234E-003   1.1921470514195181E-002   1.5667478915012027E-002   1.9345503436248353E-002   2.2846204224481019E-002   2.6110885967237065E-002   2.9115905010084871E-002
   3.4310975906798831E-002   2.8185836351065788E-003   6.0246218031495139E-003   9.9999733781658412E-003   1.4393517171063261E-002   1.8911635645984342E-002   2.3343517403738030E-002   2.7556981179163640E-002   3.1481661927656411E-002   3.5089849283205021E-002
   3.7566708903115982E-002   3.3809910127201156E-003   7.2270797083480616E-003   1.1995655280503515E-002   1.7263833881614850E-002   2.2677514673408929E-002   2.7982745207713232E-002   3.3020889181707820E-002   3.7708307697294684E-002   4.2012890665190331E-002
   4.1131375034185735E-002   4.0463216332701007E-003   8.6499389527131005E-003   1.4357506885239119E-002   2.0660776136843806E-002   2.7133615963757168E-002   3.3470927925242054E-002   3.9482969797163800E-002   4.5070759602532678E-002   5.0197310494254403E-002
   4.5034288645458394E-002   4.8654281298417092E-003   1.0401823453629165E-002   1.7265459667445571E-002   2.4842400719305494E-002   3.2617479436000178E-002   4.0222831672812417E-002   4.7430901720894286E-002   5.4124342696528834E-002   6.0260511804946987E-002
   4.9307545690287481E-002   5.9057848698592539E-003   1.2626503328589736E-002   2.0956872047064604E-002   3.0147838034517455E-002   3.9570987893518379E-002   4.8779436860467332E-002   5.7498504922279127E-002   6.5588267365594588E-002   7.2999303404787400E-002
   5.3986287673825017E-002   7.2403757526107197E-003   1.5478948996625179E-002   2.5686395937037209E-002   3.6939003963248479E-002   4.8463232159377090E-002   5.9712155186216857E-002   7.0351976042764136E-002   8.0214777121094483E-002   8.9242990737591885E-002
   5.9108990642279875E-002   8.9538296975178611E-003   1.9137764498108903E-002   3.1745262674818711E-002   4.5626382165065718E-002   5.9821869184929363E-002   7.3658420662964630E-002   8.6728147284731924E-002   9.8828634321956835E-002  0.10989303146808803     
   6.4717781594067936E-002   1.1040143622553598E-002   2.3588789208950300E-002   3.9107456740197548E-002   5.6169484230593661E-002   7.3590849942183831E-002   9.0546168602428936E-002  0.10653827942994934       0.12132389541122031       0.13482634942107788     
   7.0858784914888756E-002   1.3366428970076704E-002   2.8551036393288688E-002   4.7315090979471397E-002   6.7926190936989608E-002   8.8951479932155700E-002  0.10939450061020686       0.12865566172967885       0.14644512867924236       0.16267585081714550     
   7.7582501685667909E-002   1.5654038031989313E-002   3.3442468875483085E-002   5.5435586925576576E-002   7.9612986491533200E-002  0.10429641054684785       0.12830962160056733       0.15094010669634794       0.17184537650833043       0.19092452388205033     
   8.4944224982638025E-002   1.7677111892201836E-002   3.7803250838698128E-002   6.2760496644401836E-002   9.0298993591021448E-002  0.11851217195508604       0.14603574421892945       0.17203241111674225       0.19609763883363943       0.21810736607518788     
   9.3004494584813954E-002   1.9525388379615826E-002   4.1844389871456798E-002   6.9684321062897250E-002  0.10061122008436142       0.13247882713444961       0.16371010866958569       0.19332553873937275       0.22084480456975358       0.24610664879427374     
  0.10182959482819059        2.1830479540378742E-002   4.6901887927327801E-002   7.8391616133817038E-002  0.11361425111960158       0.15009117235402500       0.18598064622041718       0.22013935805820781       0.25199910287392324       0.28135215235132610     
  0.11149209970080924        2.5561164034826871E-002   5.4980184533220740E-002   9.2060668799855486E-002  0.13361685612906044       0.17665738845923248       0.21901200190116285       0.25935916412365329       0.29704393193348083       0.33181982665080512     
  0.12207146966133181        3.0968369057941664E-002   6.6568657906413573E-002  0.11139531592303203       0.16145015982191707       0.21307040865966756       0.26372505064505913       0.31191104407639780       0.35689384402224850       0.39840188908358298     
  0.13365470508911154        3.6515096806269950E-002   7.8536344404759872E-002  0.13149713279550029       0.19052781334195215       0.25131367416431805       0.31096950636934362       0.36777691042516808       0.42088277435681720       0.46995959175888152     
  0.14633706173946351        4.0110191580085004E-002   8.6776755776382872E-002  0.14622970855027717       0.21303002638588622       0.28236959614544432       0.35097119036801794       0.41677485043769991       0.47867885453186243       0.53619248834650846     
  0.16022283408774773        4.3061208305341728E-002   9.4066641492237799E-002  0.16008146022662625       0.23522137896053968       0.31418917993901713       0.39318418723456178       0.46965420334266922       0.54212971496176465       0.60987316226314048     
  0.17542621300415920        4.9325308359198253E-002  0.10819487384077778       0.18465545686379536       0.27195183116780791       0.36408914756881716       0.45665230518256000       0.54659275910756977       0.63211392947381795       0.71228152084243024     
  0.19207222481239303        5.8164124499900709E-002  0.12753924934703251       0.21726997704766432       0.31951781162422838       0.42747874312350298       0.53609109307507086       0.64182353967339889       0.74257842044769407       0.83724388886529322     
  0.21029775945461360        6.3860911256583427E-002  0.14130875191660677       0.24271004165702811       0.35970035266184797       0.48459264798401125       0.61136540080366064       0.73566046272214347       0.85479140869672765       0.96725769766993830     
  0.23025269621793309        6.9306769310468669E-002  0.15526520294239560       0.26975104341885248       0.40393632812218333       0.54899058907604670       0.69763489648975130       0.84443351070218720       0.98593417143882567        1.1201327068121762     
  0.25210113627991265        7.9812164126622773E-002  0.17896551954959633       0.31127041749057505       0.46700915387850961       0.63619397087937057       0.81045218122610574       0.98340532814086301        1.1509040401747161        1.3104522880324696     
  0.27602275220902728        8.7923749491595760E-002  0.19919367920375725       0.35000198714434205       0.52996643310830727       0.72757817135941505       0.93283660795116885        1.1379320068897523        1.3376588676777128        1.5287916257712328     
  0.30221426551783803        9.6802078861906213E-002  0.22184490703170068       0.39423207970013519       0.60283194041393562       0.83434349423172005        1.0768230131369274        1.3207321243900800        1.5595726050951471        1.7892115172706498     
  0.33089106441964966       0.10842786457500776       0.25021277140447534       0.44810236504250556       0.69029644139065494       0.96175274855917214        1.2484644881738509        1.5389100416092305        1.8250222645302829        2.1015174674222932     
  0.36228897509242902       0.11869598572038986       0.27815107921909665       0.50531268000612239       0.78761143657802080        1.1075978311581010        1.4484829143734004        1.7961748071585026        2.1406183793697555        2.4750890767851192     
  0.39666620101612027       0.13174243988136913       0.31220416254879324       0.57365667179478286       0.90316704291266170        1.2809138515156087        1.6869763269077047        2.1041618706348144        2.5199222259421004        2.9256830601909858     
  0.43430544633167090       0.14474838387736977       0.34876069787172365       0.65052271447010934        1.0367487081319946        1.4846289579012151        1.9703350276755121        2.4728375080241261        2.9765001116283245        3.4704467259172027     
  0.47551624068340170       0.15944916534599557       0.39065808813169961       0.73985037672196019        1.1938614713235780        1.7265321524798634        2.3093156291031165        2.9164383349973915        3.5284027040778994        4.1314376551546061     
  0.52063748466325777       0.17552732826807999       0.43807487440412141       0.84340843553831790        1.3789637377469584        2.0146521606146597        2.7161522005763326        3.4518278896023258        4.1973874895736252        4.9354566464446190     
  0.57004023678963622       0.19301606433083279       0.49186561923595418       0.96399995737936273        1.5980007861510059        2.3591156179974027        3.2059444293824795        4.0996207605873725        5.0099279100057856        5.9150391686983630     
  0.62413076493974640       0.21234659890085070       0.55344452320776261        1.1052841507866857        1.8583657033565444        2.7723475340788672        3.7971016148582271        4.8848402344744981        5.9980566404826083        7.1094682384764365     
  0.68335388732923041       0.23371990963125192       0.62421526977639707        1.2715214586416854        2.1689432025228119        3.2693197703813648        4.5117249386159282        5.8373958771334618        7.1999227296153361        8.5654106302122077     
  0.74819663051388374       0.25745942757626822       0.70596686588103630        1.4679566809807514        2.5405274303273671        3.8680396701624096        5.3761669882383716        6.9926990996209408        8.6604523048228845        10.337622979943152     
  0.81919223449536838       0.28392747386897033       0.80086247263263399        1.7009507418727334        2.9860919279570264        4.5899058883521082        6.4214116288407297        8.3920196999032743        10.431657788994320        12.489211882813585     
  0.89692453786727211       0.31357696339122670       0.91154793603452144        1.9782011054797290        3.5211124508276765        5.4600593031977240        7.6833673353449656        10.082659269111913        12.572662230683392        15.091508647741371     
  0.98203277906312625       0.34695752327620089        1.0412332185554998        2.3089441261361281        4.1638252974186862        6.5075703024973013        9.2028658147508740        12.117687534772074        15.149146416913911        18.223234531629434     
   1.0752168531898927       0.38472996487376543        1.1938036561490846        2.7041789117673090        4.9354434731645487        7.7654700676273496        11.025367096066612        14.555248195824836        18.232241222935524        21.969001101347761     
   1.1772430676769294       0.42769114478889819        1.3739449482671648        3.1768713429018636        5.8602511394460164        9.2705107057305263        13.200239576149935        17.457309591095228        21.896766070970735        26.417083155207660     
   1.2889504440725368       0.47680433586183174        1.5872761519734386        3.7421154194298252        6.9655253714869962        11.062594568174321        15.779581463465879        20.887885310244293        26.218919367893250        31.656661378250110     
   1.4112576178114535       0.53323370503871170        1.8404858717995958        4.4172217944265846        8.2812342960894547        13.183842095848734        18.816623366103578        24.910873714848623        31.273700558171409        37.774951883622421     
   1.5451703926941469       0.59838495637908606        2.1414687961574512        5.2217073458220593        9.8394888918763073        15.677342273518416        22.363882333187721        29.587848295154537        37.132568610176342        44.854896568722552     
   1.6917900122028373       0.67395041140247913        2.4994416099132257        6.1771348380794153        11.673719828209917        18.585660236037931        26.471301015825162        34.976209371224030        43.861913845372968        52.974136494410118     
   1.8523222156741213       0.76196258143543161        2.9250317736886098        7.3067931821347427        13.817649644424474        21.949335692875842        31.184797379178452        41.128291281853855        51.523056758167961        62.206053723227292     
   2.0280871538024625       0.86485311340598980        3.4303159470501008        8.6352019859411016        16.304154102188257        25.805635616304368        36.545631603440853        48.091892686428821        60.174207519446064        72.623210052327238     
   2.2205302450155360       0.98551645196699944        4.0287887204816197        10.187461165949967        19.164179142387102        30.187872896338767        42.590938736400673        55.912463953986126        69.874371536402805        84.302840976858093     
   2.4312340619997870        1.1274869293252141        4.7355390512201421        11.989036685699400        22.426704747197718        35.126576392366005        49.356790183086886        64.638170972360641        80.690123439816347        97.334969883700566     
   2.6619313461261318        1.2945192313288532        5.5657508551646737        14.062671472590806        26.114928720950530        40.646033054327710        56.875528071150974        74.317764156347494        92.693447889248489        111.81979482003644     
   2.9145192568009906        1.4914292355137453        6.5364628986043929        16.431503515773819        30.252017898664850        46.773362708592906        65.187799601894511        85.014508909935685        105.97649850900966        127.88268480726333     
   3.1910749729235515        1.7235785265323178        7.6646987474249055        19.115942782613615        34.857846593924300        53.535396235014602        74.338800143698492        96.800603658909068        120.64347630462396        145.66356196160180     
   3.4938727747491285        1.9970690922255536        8.9674844659966766        22.134351314917794        39.951271531728381        60.962115647690361        84.381459779689294        109.75876620232232        136.81036365250293        165.31538298990955     
   3.8254027466328799        2.3187398135858004        10.461425766903446        25.503196541398520        45.551241299033869        69.087766852633706        95.375959976403578        123.97939028567373        154.60053457007075        186.99943673391053     
   4.1883912544574775        2.6961360535371224        12.162367853248156        29.237441628659191        51.677702451117177        77.951049389207654        107.38777982091335        139.55679162812370        174.14099821176077        210.88273275525111     
   4.5858233661428098        3.1374590274775658        14.085209218754155        33.351067890825355        58.352188368347484        87.594495271864702        120.48502725628397        156.58622947262353        195.56103076790893        237.13826896489320     
   5.0209673996144657        3.6514608399192188        16.243792617302223        37.857408737186766        65.597843979273165        98.062952513678241        134.73562040259287        175.16252386565392        218.99278896513857        265.94609853229406     
   5.4974018001037450        4.2472987506392439        18.650876075305266        42.769243844986107        73.439051077465081        109.40156728835510        150.20537435016891        195.38057096397750        244.57243979312028        297.49279578277998     
   6.0190445678066622        4.9344464103791044        21.318359484136721        48.099038749294756        81.901290293557437        121.65435109181935        166.95841693902833        217.33754896923793        272.44067674569351        331.96841084139743     
   6.5901854779032725        5.7225069595206781        24.257253081115511        53.858636260093370        91.010180141062179        134.86250124013139        185.05809293992959        241.13309657549101        302.73890386105819        369.55777269194027     
   7.2155213579010242        6.6210735697278249        27.477679965968889        60.059102300060999        100.79053410842270        149.06411892445618        204.56850765183884        266.86747351594840        335.60224593285744        410.43169678086423     
   7.9001947124089602        7.6396439156049878        30.988866277579632        66.710755515878375        111.26544318132591        164.29540709421235        225.55509592593114        294.63683732539999        371.15271201881905        454.75001246364326     
   8.6498360129766851        8.7875025726099878        34.798894455684916        73.823009360221533        122.45513031551515        180.59207822037536        248.08235549742861        324.52614075421207        409.50173168373811        502.67988960412390     
   9.4706100007722398        10.073699944691203        38.914583554007045        81.404529180433784        134.37680686897849        197.99073810750744        272.20958973774231        356.60839798440287        450.76674025435779        554.40538001160576     
   10.369266382873457        11.506921182427938        43.341052275967563        89.462812226994799        147.04482007544505        216.52778672200915        297.98512423303879        390.95593758923007        495.07757593399452        610.10190677085188     
   11.353195339077612        13.095604641334562        48.081914851741686        98.004573752284387        160.47300517970638        236.23783566471252        325.44905224916920        427.65412101540113        542.55686129550429        669.90911045792507     
   12.430488295695186        14.847639929333608        53.138560883832255        107.03436177444578        174.67494810938678        257.14776364201356        354.64317224474485        466.78776323023925        593.29388657455604        733.95456150267330     
   13.610004466105526        16.770560870478423        58.510760077414403        116.55510902929304        189.66595212709180        279.27638209336328        385.62060442279846        508.41778418443857        647.37054736551374        802.39435703121910     
   14.901443705277449        18.871219384935458        64.196207228165719        126.56710435025592        205.46079327492171        302.63932788776901        418.43011010889484        552.58483422936979        704.89016211289447        875.35750647552516     
   16.315426277379739        21.155692731339286        70.190791156871271        137.06859991409232        222.07109239093319        327.25982574472260        453.09690328768306        599.34856905983986        765.93323924596120        952.93350918479155     
   17.863580192457370        23.629301758826859        76.489227516184314        148.05753591721432        239.50272979282559        353.16720844533256        489.63719565273936        648.76682503448092        830.54902861128710        1035.2427849721228     
   19.558636830395095        26.296333105195622        83.085085501117248        159.53249479082075        257.75588765716776        380.37802944399351        528.08571259191399        700.85934359691885        898.81103340730192        1122.3602088806874     
   21.414535638539547        29.159878156657840        89.971075472872286        171.49352609589812        276.83347451814620        408.89160761671189        568.46802757213015        755.66069816579250        970.75713852813954        1214.3644981270982     
   23.446538763970572        32.221770228869730        97.139439554473014        183.94215027423149        296.74725838723475        438.71418468471296        610.78000179571927        813.19836544290706        1046.4272722926428        1311.3086598767331     
   25.671356563109935        35.482498467425209        104.58209967934256        196.87972460111757        317.50980612755336        469.86485625721087        655.03966867717588        873.47172592678999        1125.8425288754786        1413.2512606817361     
   28.107285020807289        38.940976866681098        112.29027502618207        210.30439644365237        339.11709579197310        502.33496550961388        701.24584999027354        936.50378891960315        1209.0252349772070        1520.1963459004894     
   30.774356208980628        42.594727522125979        120.25486747433155        224.21068469643305        361.56044069719604        536.12149252173606        749.39224101116736        1002.2689894928531        1295.9654954953846        1632.2136644550380     
   33.694503022121602        46.439686408504450        128.46620118865457        238.59315860418911        384.84307796746390        571.22125769382421        799.47127761740069        1070.7944925009940        1386.6906551431616        1749.2201559804384     
   36.891739544382439        50.470289333784507        136.91504889399837        253.45390599316769        408.97241937517913        607.62856688649288        851.47350308249599        1142.0039555649334        1481.1232462151906        1871.3709727457976     
   40.392358531509046        54.679347612159965        145.59384961203870        268.80070488814260        433.92318400053153        645.31057966628771        905.36053608340501        1215.9796389516389        1579.3647853269372        1998.3744802550177     
   44.225147631630513        59.057864361424002        154.49726436496502        284.63442676678028        459.70994621699066        684.29847549496515        961.15703353144715        1292.5227057663542        1681.1718275644942        2130.6470102633893     
   48.421626123015102        63.595016700128603        163.62185005708122        300.94790780109622        486.29794082463417        724.48702859443142        1018.7499872231965        1371.8681862422234        1786.8538408556626        2267.4801432677791     
   53.016304115627769        68.278652768499185        172.96416089673718        317.73505882942845        513.72440700437096        766.01163248092917        1078.2586044564305        1453.5908286899084        1895.8644517655448        2409.8061665878190     
   58.046966348054411        73.096466545436328        182.52049842148503        335.00173547053669        541.88795648535870        808.60498510434218        1139.4387162574430        1538.2216217068528        2008.8527947811151        2556.2311045201291     
   63.554982913623071        78.036294919446760        192.28804178943255        352.72936865719021        570.91101412768069        852.59920559328009        1202.5457092061388        1624.9231206589943        2124.9150650356742        2708.5224656570226     
   69.585649471004459        83.084996143188647        202.26523897512442        370.91316706990170        600.54947701486378        897.45729982914406        1267.1811136878880        1714.7359482681609        2244.9639093756978        2864.2144490211367     
   76.188559737046049        88.228028425283625        212.45208188577749        389.55789534516327        631.10916153854555        943.80907343992931        1333.6850336799196        1806.1364922663936        2367.9299343499279        3026.3359088391098     
   83.418013325063441        93.451600513978548        222.84950196527427        408.65037930239833        662.14756060802654        990.81262621548160        1401.6738623375516        1901.0163738067017        2494.6684521527486        3190.9306859735516     
   91.333462282486295        98.745989026045081        233.45682305042919        428.17665351565120        694.19271424343776        1039.4208598636067        1471.3345134858512        1996.8288110126191        2624.4713984610098        3362.5580964340825     
   100.00000000000004        104.09974350555510        244.28496571344073        448.12544684140897        726.54332944781743        1088.5086202954358        1542.6891734663284        2096.6925372899918        2757.4118106555711        3535.9206452861240     
