   1.0000000000000002E-003   1.6931867880994938E-008   3.6193698720585483E-008   6.0102325508884443E-008   8.6594444186536623E-008   1.1395743135096279E-007   1.4095965228127793E-007   1.6681834804855899E-007   1.9109945213356728E-007   2.1361157229279904E-007
   1.0948889651276870E-003   2.4015440005404439E-008   5.1335591195725792E-008   8.5246530282052679E-008   1.2282173550891074E-007   1.6163208548550051E-007   1.9993068472806067E-007   2.3660731000578718E-007   2.7104631161318504E-007   3.0297623866312668E-007
   1.1987818459583783E-003   3.4042756422552005E-008   7.2770042062567362E-008   1.2083995508740373E-007   1.7410401316135062E-007   2.2911883398782957E-007   2.8340813526309392E-007   3.3539815065587440E-007   3.8421619467387855E-007   4.2947749591051116E-007
   1.3125330147352270E-003   4.8235063717037800E-008   1.0310758379626549E-007   1.7121754476317984E-007   2.4668692388069055E-007   3.2463678150397348E-007   4.0155849201762097E-007   4.7522221831440231E-007   5.4439149027998375E-007   6.0852116097536169E-007
   1.4370779141993756E-003   6.8320672714955081E-008   1.4604264059877336E-007   2.4251409467170781E-007   3.4940925210160323E-007   4.5981749273452442E-007   5.6876917994364316E-007   6.7310599528399225E-007   7.7107664909018891E-007   8.6190904800147390E-007
   1.5734407502856105E-003   9.6747403307908221E-008   2.0680764131139070E-007   3.4341831332597921E-007   4.9478931664721110E-007   6.5113461617541216E-007   8.0541685404841671E-007   9.5316368755004342E-007   1.0918952573401245E-006   1.2205183194220164E-006
   1.7227429147699432E-003   1.3696371012470553E-007   2.9277393678225878E-007   4.8617064581894738E-007   7.0046254176261232E-007   9.2179560409219440E-007   1.1402072253564568E-006   1.3493661274301746E-006   1.5457617919496354E-006   1.7278467030086845E-006
   1.8862122071335180E-003   1.9383490386245213E-007   4.1434148363650102E-007   6.8804058142729123E-007   9.9130980401670130E-007   1.3045424063247065E-006   1.6136391419134946E-006   1.9096400577857521E-006   2.1875772744923590E-006   2.4452609970958790E-006
   2.0651929314796274E-003   2.7421437201722007E-007   5.8615983004428518E-007   9.7335405512340101E-007   1.4023782486982637E-006   1.8454949100485398E-006   2.2827583250463877E-006   2.7014934607740084E-006   3.0946728802709316E-006   3.4591992247266785E-006
   2.2611569515367451E-003   3.8773905684396173E-007   8.2882843040250891E-007   1.3763167110728775E-006   1.9829486054604002E-006   2.6095029291775695E-006   3.2277768178489518E-006   3.8198485280624247E-006   4.3757821609851215E-006   4.8911989053168450E-006
   2.4757157946593421E-003   5.4791755376042819E-007   1.1712223906794236E-006   1.9448755717279128E-006   2.8020983418442967E-006   3.6874663106380676E-006   4.5611264107998796E-006   5.3977545588248237E-006   6.1833117771877368E-006   6.9116117818111131E-006
   2.7106339043648361E-003   7.7365411526821149E-007   1.6537498757933644E-006   2.7461275123727844E-006   3.9564929516944202E-006   5.2065865797485636E-006   6.4401374119152918E-006   7.6213903200536833E-006   8.7305250205816103E-006   9.7588090153785948E-006
   2.9678431503900389E-003   1.0913515670992803E-006   2.3328467780010224E-006   3.8737818110443069E-006   5.5811359171792520E-006   7.3445110530036227E-006   9.0845308219959251E-006   1.0750761236820712E-005   1.2315247358746050E-005   1.3765674932491326E-005
   3.2494587155918438E-003   1.5377712694217745E-006   3.2870892694106562E-006   5.4583084952151420E-006   7.8639869763888082E-006   1.0348565736046561E-005   1.2800202776810813E-005   1.5147840513272042E-005   1.7352096551478509E-005   1.9395626593529202E-005
   3.5577964903394962E-003   2.1639290135474686E-006   4.6255201377498619E-006   7.6807614656641734E-006   1.1065872699578333E-005   1.4561949734129923E-005   1.8011616190839074E-005   2.1314892036002457E-005   2.4416371802496940E-005   2.7291660926975306E-005
   3.8953921174427275E-003   3.0404249540228108E-006   6.4990394552230412E-006   1.0791687873694573E-005   1.5547721500183941E-005   2.0459563359216050E-005   2.5306102409267879E-005   2.9946880849004886E-005   3.4304073096876373E-005   3.8343424027945638E-005
   4.2650218442334201E-003   4.2645937461137309E-006   9.1156843646705581E-006   1.5136491866096315E-005   2.1807091795074227E-005   2.8696057381613503E-005   3.5493269279475888E-005   4.2001749275953172E-005   4.8112373629343118E-005   5.3777129492622344E-005
   4.6697253532797080E-003   5.9702772260566636E-006   1.2761511909419419E-005   2.1190096282854104E-005   3.0528086209470135E-005   4.0171484007010766E-005   4.9686164236444877E-005   5.8796419077818520E-005   6.7349541324666700E-005   7.5278372717311218E-005
   5.1128307594829414E-003   8.3397470880314034E-006   1.7826073154927830E-005   2.9599218578061249E-005   4.2642219989953869E-005   5.6111341124479526E-005   6.9400213650700301E-005   8.2123799553837580E-005   9.4068889972349039E-005   1.0514177041443085E-004
   5.5979819791232878E-003   1.1621925709779171E-005   2.4841342488126978E-005   4.1246972839853330E-005   5.9421428391489511E-005   7.8188872475876435E-005   9.6704383156247955E-005   1.1443154236565998E-004   1.3107340623096705E-004   1.4649954122723956E-004
   6.1291686959257363E-003   1.6153217932533940E-005   3.4526216658591730E-005   5.7326694784430549E-005   8.2584319743474882E-005   1.0866474031685586E-004   1.3439375476531095E-004   1.5902605989634677E-004   1.8214922877852829E-004   2.0358224532989784E-004
   6.7107591705751436E-003   2.2385991820978919E-005   4.7847346102321076E-005   7.9442845129340211E-005   1.1444137236764052E-004   1.5057785102500206E-004   1.8622525871644964E-004   2.2035114858367019E-004   2.5238444550805664E-004   2.8207474120009468E-004
   7.3475361634921530E-003   3.0924474624047608E-005   6.6095790042629228E-005   1.0973812350647875E-004   1.5807778520932216E-004   2.0798558063430173E-004   2.5721432368015464E-004   3.0433849319610274E-004   3.4857000476105692E-004   3.8956369144604126E-004
   8.0447362662841772E-003   4.2569321833761293E-005   9.0982172356354047E-005   1.5105120311052241E-004   2.1758027516258891E-004   2.8626159623010999E-004   3.5400247763553986E-004   4.1884180434519303E-004   4.7969607354236534E-004   5.3609138636575649E-004
   8.8080929653170624E-003   5.8372301506482842E-005   1.2475340624159715E-004   2.0711013013053283E-004   2.9831499696321342E-004   3.9246058696913873E-004   4.8530725927635633E-004   5.7416784935569319E-004   6.5755883451060844E-004   7.3483243701326448E-004
   9.6438837915444661E-003   7.9700197617831319E-005   1.7032905710993661E-004   2.8275811486839911E-004   4.0725174070558256E-004   5.3574334214805542E-004   6.6244608884467274E-004   7.8369422565234049E-004   8.9746580364702129E-004   1.0028797143594179E-003
   1.0558981944335792E-002   1.0830733312775831E-004   2.3145605172884335E-004   3.8420948407148715E-004   5.5333101445489313E-004   7.2785744515497402E-004   8.9992790840779627E-004   1.0645661615422649E-003   1.2190304075721430E-003   1.3621287419417290E-003
   1.1560912813835747E-002   1.4641447221251411E-004   3.1287694635723549E-004   5.1932775045099376E-004   7.4786218994523463E-004   9.8365766201510526E-004   1.2160924275905381E-003   1.4384479337056482E-003   1.6470272590655569E-003   1.8402279913992893E-003
   1.2657915866672035E-002   1.9678379575780393E-004   4.2048975802130042E-004   6.9788920456009330E-004   1.0048997305209138E-003   1.3215958609800072E-003   1.6337095929626437E-003   1.9322247859363433E-003   2.2121880852424619E-003   2.4714600783604275E-003
   1.3859012403933871E-002   2.6278080097584121E-004   5.6147988221401021E-004   9.3179968516602079E-004   1.3415506577950950E-003   1.7641183120208179E-003   2.1804616779970863E-003   2.5785626226355529E-003   2.9518310908890782E-003   3.2974329554237704E-003
   1.5174079748634946E-002   3.4840228471492995E-004   7.4437970393403659E-004   1.2351909876250750E-003   1.7781072241774951E-003   2.3378304169768003E-003   2.8891341769812307E-003   3.4161188441335383E-003   3.9100859658445786E-003   4.3673141253616817E-003
   1.6613932472747905E-002   4.5825147938278197E-004   9.7901566592601547E-004   1.6243305599741764E-003   2.3379094718680303E-003   3.0733033134334661E-003   3.7973596876457014E-003   4.4892191056366297E-003   5.1375013187009806E-003   5.7373683565421539E-003
   1.8190411331788243E-002   5.9742980775228315E-004   1.2762778323148266E-003   2.1172375407913914E-003   3.0467846201626047E-003   4.0043216184386769E-003   4.9466667282496756E-003   5.8467062866405621E-003   6.6896976128871773E-003   7.4694216103311263E-003
   1.9916480638308576E-002   7.7132196813495973E-004   1.6476624866716713E-003   2.7329244553243913E-003   3.9319491936511955E-003   5.1664242661385914E-003   6.3806520370716501E-003   7.5397481294567038E-003   8.6248217635221721E-003   9.6279790662217452E-003
   2.1806334875063296E-002   9.8528869760557722E-004   2.1046186308650541E-003   3.4903175684885893E-003   5.0204536447337562E-003   6.5948473140841849E-003   8.1424147022719461E-003   9.6187704171033072E-003   1.0999997131258281E-002   1.2276215878661878E-002
   2.3875515424585839E-002   1.2443167439673073E-003   2.6578042250413954E-003   4.4070332094704344E-003   6.3374293262025991E-003   8.3222166895292517E-003   1.0271688813414120E-002   1.2130038305148978E-002   1.3867372705585941E-002   1.5471519970611605E-002
   2.6141038375114913E-002   1.5527502675219214E-003   3.3165173196892544E-003   5.4984507605451791E-003   7.9047766696720458E-003   1.0376838478527257E-002   1.2802731041092533E-002   1.5113143742060379E-002   1.7271219407047310E-002   1.9262211254268288E-002
   2.8621534453892730E-002   1.9144834288841227E-003   4.0891127898808055E-003   6.7784255205918416E-003   9.7422283042516728E-003   1.2784132609364961E-002   1.5766114275984424E-002   1.8603129539502942E-002   2.1250346961273418E-002   2.3690212428228816E-002
   3.1337402238589059E-002   2.3339028085966216E-003   4.9850208894099239E-003   8.2626595565716832E-003   1.1872246643161662E-002   1.5573124346147278E-002   1.9196789575826090E-002   2.2640038750835478E-002   2.5849026808376491E-002   2.8803220618344349E-002
   3.4310975906798831E-002   2.8183938596748445E-003   6.0201067625913068E-003   9.9776080247027457E-003   1.4332878123353389E-002   1.8793385184774802E-002   2.3155045086138568E-002   2.7293686616059642E-002   3.1145299349767085E-002   3.4686244848909586E-002
   3.7566708903115982E-002   3.3807655821765188E-003   7.2218584682422751E-003   1.1969099612593199E-002   1.7190189642420747E-002   2.2531418448270325E-002   2.7746769706805417E-002   3.2687591022047671E-002   3.7278283471563936E-002   4.1491978492192320E-002
   4.1131375034185735E-002   4.0459932272498651E-003   8.6438019001106921E-003   1.4326245603262048E-002   2.0572641598615635E-002   2.6955759520296448E-002   3.3179021517170754E-002   3.9064413255628171E-002   4.4522716192609550E-002   4.9523601962760726E-002
   4.5034288645458394E-002   4.8650046300520835E-003   1.0394968111196641E-002   1.7230289585313942E-002   2.4741216795302952E-002   3.2408786118280235E-002   3.9872858086470682E-002   4.6918490978446331E-002   5.3439542784587089E-002   5.9401685058002501E-002
   4.9307545690287481E-002   5.9055262405746344E-003   1.2620397426459554E-002   2.0922405517730575E-002   3.0043293112182436E-002   3.9346331862953103E-002   4.8388925481734610E-002   5.6907943689249015E-002   6.4775224551808688E-002   7.1951440097466332E-002
   5.3986287673825017E-002   7.2410714016419792E-003   1.5477699461670911E-002   2.5665050083050027E-002   3.6857486784174838E-002   4.8265881660167931E-002   5.9339597132326831E-002   6.9751697372981078E-002   7.9344703601832017E-002   8.8072672986696368E-002
   5.9108990642279875E-002   8.9573807807290639E-003   1.9150908584232382E-002   3.1765156504957384E-002   4.5627356536057838E-002   5.9751303415976210E-002   7.3444726540961305E-002   8.6295835455704378E-002   9.8107628936227098E-002  0.10882498217023770     
   6.4717781594067936E-002   1.1049401789505937E-002   2.3630612333628346E-002   3.9210367192842849E-002   5.6340542089177409E-002   7.3793250156578186E-002   9.0699670535811627E-002  0.10654015401751750       0.12106629566103927       0.13421020483423832     
   7.0858784914888756E-002   1.3383877986602385E-002   2.8634172387624460E-002   4.7537289403390644E-002   6.8340825534941904E-002   8.9545584090634053E-002  0.11008019342800394       0.12929773995959337       0.14688685355753112       0.16276206740232546     
   7.7582501685667909E-002   1.5678334030689720E-002   3.3560930073469990E-002   5.5757639739563422E-002   8.0223030702606543E-002  0.10518971437704944       0.12937931498580271       0.15200904869377416       0.17269611726166820       0.19133127233781522     
   8.4944224982638025E-002   1.7700171249705837E-002   3.7917553814884986E-002   6.3063032979861697E-002   9.0843817972697791E-002  0.11925532013814050       0.14682609415966311       0.17263795044824820       0.19623033807366749       0.21746197406750731     
   9.3004494584813954E-002   1.9534581841303751E-002   4.1890784801101644E-002   6.9774587792223966E-002  0.10068390141871582       0.13239910109213035       0.16326157923583548       0.19221167090447916       0.21869986880434442       0.24254117346178339     
  0.10182959482819059        2.1822739058022331E-002   4.6857761853188566E-002   7.8191034381071181E-002  0.11306694353800167       0.14899778471101821       0.18408660916474393       0.21708974653235547       0.24733887999270329       0.27458762139356269     
  0.11149209970080924        2.5566079469738417E-002   5.4970380188196534E-002   9.1904740071319449E-002  0.13318432682082651       0.17587853658533004       0.21770767059943491       0.25714202655143276       0.29333499940452584       0.32595297028093256     
  0.12207146966133181        3.1044712481308443E-002   6.6844807545190829E-002  0.11197489603543125       0.16261009661133458       0.21515862877529796       0.26677482811092440       0.31551372684785717       0.36027650506461395       0.40061173286920826     
  0.13365470508911154        3.6673232536758263E-002   7.9112596242809100E-002  0.13286344593975655       0.19346686905077792       0.25662320165696367       0.31885456832891967       0.37774046582993376       0.43188816692820647       0.48070437213206718     
  0.14633706173946351        4.0222532133310458E-002   8.7028569410548859E-002  0.14675109298352287       0.21460767912739151       0.28579119682726112       0.35629911595322372       0.42328207597941497       0.48506456803308773       0.54090058631580018     
  0.16022283408774773        4.3010312913854903E-002   9.3441360504227577E-002  0.15842544313284068       0.23298354162050208       0.31182236799712110       0.39039073954790399       0.46538274137830049       0.53482158259158119       0.59779519814690996     
  0.17542621300415920        4.9291948518387287E-002  0.10751860982741193       0.18320833468936834       0.27070412279195832       0.36369225571605857       0.45665473013339486       0.54557542029867867       0.62806048058389541       0.70300274339236513     
  0.19207222481239303        5.8375305504203445E-002  0.12785358588161524       0.21888883803011927       0.32471670250729684       0.43750358479422252       0.55039803727707470       0.65846966533096485       0.75881964964079462       0.85012055437758027     
  0.21029775945461360        6.3903334348618113E-002  0.14087461031881443       0.24300093309272047       0.36283587269822526       0.49129869196580495       0.62042745210935712       0.74453356171394680       0.86027771451637525       0.96609676201909134     
  0.23025269621793309        6.8951477436383371E-002  0.15325967221735687       0.26676070763650811       0.40128278180226867       0.54640790149237928       0.69306020426587300       0.83479709945635228       0.96780089562437510        1.0902021603705205     
  0.25210113627991265        7.9767483724025756E-002  0.17858560049551059       0.31295569108043264       0.47297846700411195       0.64605578145041898       0.82148311572136945       0.99171643684775523        1.1522143733790593        1.3006506081733769     
  0.27602275220902728        8.7611947627621894E-002  0.19814389297386509       0.35050856948858627       0.53339572969432492       0.73243746301444390       0.93559703011538453        1.1342539770364617        1.3230011978289753        1.4991180758329010     
  0.30221426551783803        9.6152733580007241E-002  0.21996731098283784       0.39296854971120376       0.60232931358748265       0.83198379867636185        1.0684628047629152        1.3020864830746435        1.5254130991464550        1.7351987553109762     
  0.33089106441964966       0.10805795520480006       0.24999387400661893       0.45048297639518131       0.69487653046047249       0.96520277245533326        1.2463286559659266        1.5254877456822993        1.7950083914081711        2.0497947272142163     
  0.36228897509242902       0.11783142202701680       0.27644115458754448       0.50362315852174222       0.78379543120295292        1.0975479363889613        1.4273429176356931        1.7584725578374290        2.0808432346423706        2.3879221391925642     
  0.39666620101612027       0.13121364264259572       0.31196504104587214       0.57407718584882150       0.90129918401459519        1.2723453256899750        1.6661166463356123        2.0651103816806464        2.4563822688164758        2.8315556825419628     
  0.43430544633167090       0.14402860300856585       0.34767056496185356       0.64763983360659139        1.0282916702856308        1.4655565391933731        1.9350798820222013        2.4150902594398338        2.8894842961654854        3.3475367179987550     
  0.47551624068340170       0.15888021334167207       0.38954214606271886       0.73534129074807830        1.1816303163462833        1.7015325190352559        2.2654661456656209        2.8468369831962259        3.4255578382806626        3.9879272807317152     
  0.52063748466325777       0.17518561258124646       0.43674500215696699       0.83713782080826971        1.3629994779991923        1.9839071156083208        2.6640249329855026        3.3707633405466577        4.0790539654472884        4.7714514739551666     
  0.57004023678963622       0.19275710883583602       0.48949756754469276       0.95450833852398076        1.5768041472274026        2.3208333059032125        3.1434712824397217        4.0047011889609054        4.8732649061332269        5.7270463610293678     
  0.62413076493974640       0.21220956701133209       0.55002419163709981        1.0931126221578014        1.8330302273726697        2.7281887316858295        3.7263936622822533        4.7784201439978933        5.8453611265956074        6.8993344036053514     
  0.68335388732923041       0.23363808374642867       0.61970449476129297        1.2570285157664960        2.1403073174670624        3.2205498570057958        4.4342659946173537        5.7208752304091322        7.0321045010930741        8.3330368305305100     
  0.74819663051388374       0.25737261165172803       0.70043042934330846        1.4519686411716886        2.5100900626966389        3.8166274949816037        5.2940103697024554        6.8677404404767781        8.4781980613869514        10.082000782948001     
  0.81919223449536838       0.28375256475295962       0.79464029134487524        1.6845090018635795        2.9555447438426325        4.5377569611153046        6.3360583996936741        8.2590396312184708        10.233510745149719        12.206058850838145     
  0.89692453786727211       0.31325771318228823       0.90516706588575868        1.9626767181316174        3.4923577279792948        5.4088318724480056        7.5953145622188796        9.9400689371287694        12.353917060752362        14.771766516210134     
  0.98203277906312625       0.34655697128836516        1.0355173917296234        2.2961278902706979        4.1388988522092287        6.4583287924953448        9.1109477179212561        11.960906736631344        14.900514717631632        17.851339740661253     
   1.0752168531898927       0.38433717852584276        1.1899243853444912        2.6962151137429449        4.9161608112140547        7.7179722860113715        10.925694193283590        14.375329447295551        17.938169392731687        21.520864480929951     
   1.1772430676769294       0.42760157757731931        1.3734313852691680        3.1760607989355862        5.8476372130218746        9.2222644068525064        13.084974305094521        17.239525012873653        21.533874015921793        25.858360508976499     
   1.2889504440725368       0.47743848146293649        1.5919865809163778        3.7505915181222340        6.9590794891483618        11.007829780260618        15.635812417995870        20.610654288974619        25.755044537502442        30.941896740761965     
   1.4112576178114535       0.53517051196403809        1.8525797087574913        4.4365799458286528        8.2782169949861668        13.112730130834731        18.625809319773200        24.545616346927162        30.668214676427038        36.848317819382942     
   1.5451703926941469       0.60241552405079746        2.1633686504153760        5.2526049349662935        9.8343438663094283        15.575683098100138        22.102159349673588        29.100075618557504        36.338244973702594        43.652738988574718     
   1.6917900122028373       0.68109216294122288        2.5336370655828775        6.2186685191722217        11.657449082020214        18.434841222104854        26.110368998396286        34.327404916225142        42.827676409152431        51.428391488928838     
   1.8523222156741213       0.77350064636963944        2.9738803320946672        7.3560015248811386        13.777705072239305        21.727231596604437        30.694019839432386        40.279053179311084        50.197816013171504        60.248410984099614     
   2.0280871538024625       0.88236821864453507        3.4957561947332918        8.6866415712060494        16.224773488820620        25.488195229648152        35.894767414861093        47.005326038111619        58.510284761250496        70.188018156023148     
   2.2205302450155360        1.0108821975246360        4.1119524630048661        10.232916960349396        19.027159808869289        29.751117781032775        41.752841582703894        54.556709315640106        67.828947533636992        81.326790863998809     
   2.4312340619997870        1.1627687314839934        4.8361186200723401        12.017127426507875        22.212036515943154        34.547927264008820        48.308459487314153        62.985966765798153        78.222251223180876        93.750918574655898     
   2.6619313461261318        1.3423163192767287        5.6826361408860286        14.061073191927997        25.805024915074206        39.909624502925880        55.603095119628932        72.349601363117898        89.764331827100591        107.55378239090147     
   2.9145192568009906        1.5544037808727156        6.6663922526839166        16.385727505082009        29.830307235995832        45.867200082157837        63.680821228933553        82.708805608814572        102.53518317178323        122.83556538255634     
   3.1910749729235515        1.8045052370341155        7.8025188760326802        19.010981161319105        34.310912578399225        52.452611620229952        72.589175945947062        94.129388749224219        116.61980354917213        139.70237205695236     
   3.4938727747491285        2.0987018852762063        9.1061941867925977        21.955594057430357        39.269309038836859        59.699846838347469        82.379528701977094        106.68106549377970        132.10738581378996        158.26631519659486     
   3.8254027466328799        2.4436480754117542        10.592401904274537        25.237144434325316        44.727968359726418        67.645518268984802        93.106461810427575        120.43624855465612        149.09108747842032        178.64671253042528     
   4.1883912544574775        2.8465212786268284        12.275730280827004        28.872081390235145        50.710003236796631        76.329005119211033        104.82665789718338        135.46951497351543        167.66919008766121        200.97206004712896     
   4.5858233661428098        3.3149662867402978        14.170234082716918        32.875899580155853        57.239832303695422        85.792087777396091        117.59796568420902        151.85844996018179        187.94704487788215        225.38117383812491     
   5.0209673996144657        3.8570070698477461        16.289286440086659        37.263316986342140        64.343602423684331        96.077983819206338        131.47918888827400        169.68532080064634        210.03799028547368        252.02190855162621     
   5.4974018001037450        4.4809394768961948        18.645436553818403        42.048494783982321        72.049280617293860        107.23024461844582        146.53103543830829        189.03834624847318        234.06215811520769        281.04717472656097     
   6.0190445678066622        5.1952818838952028        21.250431065579921        47.245556713287904        80.386634930932502        119.29254635570035        162.81811995594532        210.01174835404552        260.14343075766391        312.60897786356878     
   6.5901854779032725        6.0086460411375153        24.115068992302390        52.868876546669355        89.386399965921527        132.30903308188789        180.40973360111181        232.70311268083347        288.40360993681668        346.85301627066622     
   7.2155213579010242        6.9296427814277868        27.249149032607843        58.933502367190499        99.079384335431811        146.32574370031310        199.37915263839722        257.20900428847420        318.95810037791694        383.92370895932902     
   7.9001947124089602        7.9668171597888700        30.661494560391535        65.455597107780633        109.49592234560775        161.39210396826485        219.80126595147536        283.62032140170498        351.92082195352447        423.97720237547696     
   8.6498360129766851        9.1285409506236252        34.359907616488812        72.452530816407958        120.66587169089139        177.56097216166611        241.74827484624214        312.02319054289154        387.41550095787994        467.18104894733193     
   9.4706100007722398        10.422965770662485        38.351296437430811        79.942863955441226        132.61980314826121        194.88735266099232        265.28639144121053        342.50944731408345        425.57562836518002        513.69653381113721     
   10.369266382873457        11.857883129509949        42.641662314400861        87.945677873685312        145.39019132042409        213.42507173412457        290.47894315381745        375.18163287612117        466.52802570031901        563.66806092203694     
   11.353195339077612        13.440772765154790        47.236561612545962        96.480295081175086        159.01276594657404        233.22374861839569        317.39688797133954        410.14200304357496        510.38491278919207        617.24686147700913     
   12.430488295695186        15.178544654866638        52.140998460287811        105.56514153461498        173.52521146886963        254.32773066427322        346.11863788744506        447.47744494750572        557.26328652762106        674.59879746285844     
   13.610004466105526        17.077665014271766        57.360189156124989        115.21838229839450        188.96602221153893        276.78411071909130        376.71847399637176        487.27153704602756        607.29434144979894        735.87344128394864     
   14.901443705277449        19.143921069403859        62.899596997487535        125.45823823115650        205.37086954973364        300.64782501210289        409.25729414234064        529.62460191405364        660.59357812024962        801.21462736561853     
   16.315426277379739        21.382381430527605        68.765338690369859        136.30443891902220        222.77060851714899        325.97514780582333        443.79803726937450        574.63024050910417        717.27065022811348        870.77782011560691     
   17.863580192457370        23.797444605967463        74.964642790508734        147.77949194124497        241.19447830238661        352.81343223803765        480.41570082073440        622.36409637780923        777.44654670547845        944.70550708548978     
   19.558636830395095        26.392688920306838        81.505695923678104        159.90798276068909        260.67679045508396        381.20499261324755        519.17544097759662        672.92179825307790        841.23276742842279        1023.1527567218359     
   21.414535638539547        29.170840700228805        88.397367698492644        172.71495632310754        281.25836547177431        411.20074199372203        560.13990275573485        726.39437464498155        908.75053789494427        1106.2495976775408     
   23.446538763970572        32.133868952279940        95.648709790295712        186.22397429301591        302.97751822193771        442.84953209796151        603.37913511722616        782.86279039771046        980.09707335095015        1194.1339909229901     
   25.671356563109935        35.283054709067727        103.26840699557303        200.45451864531424        325.86054263710446        476.19185252128176        648.94022700427672        842.40069971170726        1055.3753767618541        1286.9565971795807     
   28.107285020807289        38.618800224142277        111.26486601566006        215.42129993328876        349.93082355244951        511.28319107296562        696.89443524321439        905.09119296881113        1134.7098846376016        1384.8784445396186     
   30.774356208980628        42.140588174039728        119.64761969315698        231.14186933574834        375.22548055172058        548.16687396033581        747.32090054962873        971.04780545825361        1218.2370737283570        1488.0162271660361     
   33.694503022121602        45.846822984383827        128.42753328098038        247.64446074156115        401.78211191414692        586.85992056835937        800.27166144571095        1040.3513718296404        1306.0209925236866        1596.4188549804974     
   36.891739544382439        49.735127187308848        137.61666327439104        264.95995350220727        429.62400657852754        627.40882457175451        855.74877784085618        1112.9943356277174        1398.0769384597040        1710.3305581249945     
   40.392358531509046        53.802941992936745        147.22877994861634        283.10394107933064        458.76743602581456        669.89746954292298        913.83472004889916        1189.0747116825678        1494.6659906387504        1830.0210387414500     
   44.225147631630513        58.047804344036891        157.27821353078326        302.08471253985647        489.24330370657674        714.36361821992159        974.69903527362351        1268.8525083355266        1595.9799430921212        1955.2345467348121     
   48.421626123015102        62.466589618758178        167.77709551598176        321.93289312154661        521.13137961418272        760.75507807904910        1038.3125142394549        1352.2555363095194        1701.6914933941414        2086.1449058200642     
   53.016304115627769        67.055759636081831        178.73758520087176        342.67917943979160        554.44956580386270        809.17862551313328        1104.5443346962131        1439.0860692516712        1812.1067564192510        2223.6084790902651     
   58.046966348054411        71.813640223294087        190.17335300957495        364.31326127343760        589.11591387232568        859.83874966532062        1173.7991879722863        1530.0004884474138        1927.9569920850065        2366.9180619117183     
   63.554982913623071        76.739766712667844        202.09470593694459        386.83357517354438        625.21129091336650        912.56159516437413        1246.2025694581603        1625.0383392933234        2048.4035139310336        2515.8583286788894     
   69.585649471004459        81.832980494026572        214.50822836632864        410.31601786594149        662.92877891205967        967.17788129070448        1321.1545894538428        1723.3651848111369        2173.4385934666111        2672.4841169072556     
   76.188559737046049        87.094089782997884        227.42494891475718        434.79834953487176        702.11858338524098        1024.3025639466737        1399.1316877862751        1825.9509043800224        2304.9022921360688        2835.0365089561919     
   83.418013325063441        92.524047968667944        240.87469699390141        460.16792613028230        742.61569368359346        1083.8048844550653        1480.8824145920348        1933.4047585680123        2440.8310966546442        3003.0975080448866     
   91.333462282486295        98.125362932321153        254.87801041059851        486.48088496990596        784.93793320911107        1145.0317796595557        1565.1318417189425        2043.8447151513933        2581.3945329955409        3180.1435593785395     
   100.00000000000004        103.90515358117531        269.39248693894905        513.95642468987000        828.93730144457061        1208.9112590341874        1652.2991429657645        2158.8858811126561        2729.5485086285189        3362.8270077721336     
