   1.0000000000000002E-003   1.2201690707195500E-008   2.7067199820321000E-008   4.6834450508458717E-008   7.0191748117653839E-008   9.5535883210199261E-008   1.2130721243857573E-007   1.4625789285356298E-007   1.6958615680748263E-007   1.9081978003837949E-007
   1.0948889651276870E-003   1.7427171876643610E-008   3.8654488852400734E-008   6.6880281393488230E-008   1.0023181677647598E-007   1.3642012313518338E-007   1.7321813344448844E-007   2.0884420484039519E-007   2.4215386117695737E-007   2.7247238807579906E-007
   1.1987818459583783E-003   2.4877926275345840E-008   5.5174160069813977E-008   9.5458007829238061E-008   1.4305612399968549E-007   1.9470281606979661E-007   2.4721970054341318E-007   2.9806395449989138E-007   3.4560196685049383E-007   3.8887080025780957E-007
   1.3125330147352270E-003   3.5494135223246869E-008   7.8709623705333564E-008   1.3616990276151202E-007   2.0406374129994126E-007   2.7773125625716750E-007   3.5263966984275874E-007   4.2516166992799966E-007   4.9296730846351938E-007   5.5468354943664061E-007
   1.4370779141993756E-003   5.0607773158422957E-008   1.1221225355466181E-007   1.9412149715456739E-007   2.9090255272758747E-007   3.9591334984331127E-007   5.0269149506420990E-007   6.0606769134692184E-007   7.0272118176304956E-007   7.9069298520578864E-007
   1.5734407502856105E-003   7.2106034718361868E-008   1.5986431910392327E-007   2.7654511750470547E-007   4.1441052874411122E-007   5.6399663235315639E-007   7.1609918101958373E-007   8.6335441251894170E-007   1.0010317325238839E-006   1.1263427073159883E-006
   1.7227429147699432E-003   1.0265539011883352E-007   2.2757419318101889E-007   3.9365966577029372E-007   5.8989476754349734E-007   8.0281002620334647E-007   1.0193066693421440E-006   1.2289016054048066E-006   1.4248629296742600E-006   1.6032232946277439E-006
   1.8862122071335180E-003   1.4602180784813740E-007   3.2368491559455184E-007   5.5989086051951370E-007   8.3897061782864912E-007   1.1417691936677764E-006   1.4496575835522727E-006   1.7477287455620097E-006   2.0264078395807596E-006   2.2800554837954435E-006
   2.0651929314796274E-003   2.0750990205528044E-007   4.5994876763710056E-007   7.9556203472538650E-007   1.1920821177780879E-006   1.6222975735640480E-006   2.0597368342758481E-006   2.4832218687125232E-006   2.8791538704927119E-006   3.2395210702316144E-006
   2.2611569515367451E-003   2.9458452593549186E-007   6.5290085932080279E-007   1.1292600300165730E-006   1.6920584521940787E-006   2.3026699480551535E-006   2.9235256756086509E-006   3.5245683538547422E-006   4.0864986253335651E-006   4.5979427004502395E-006
   2.4757157946593421E-003   4.1772507094035505E-007   9.2574815337300976E-007   1.6011164401061897E-006   2.3990084662578172E-006   3.2646716239825772E-006   4.1448395516588295E-006   4.9969088160913789E-006   5.7935211864021552E-006   6.5185596482378882E-006
   2.7106339043648361E-003   5.9160894000406079E-007   1.3110046839703554E-006   2.2673234007237262E-006   3.3971088816141255E-006   4.6228274812782250E-006   5.8690644862237907E-006   7.0754886785037204E-006   8.2033710621897341E-006   9.2299053993835256E-006
   2.9678431503900389E-003   8.3675625069708333E-007   1.8540934028259371E-006   3.2064206422027132E-006   4.8039996034944568E-006   6.5371864195753359E-006   8.2993476147413194E-006   1.0005181938813079E-005   1.1599932485930980E-005   1.3051364116652205E-005
   3.2494587155918438E-003   1.1817616447905041E-006   2.6183253320928530E-006   4.5278449136179375E-006   6.7835850842623569E-006   9.2307225640174994E-006   1.1718697948275074E-005   1.4127091657087113E-005   1.6378625750359106E-005   1.8427833373313560E-005
   3.5577964903394962E-003   1.6662772494604717E-006   3.6914984073376061E-006   6.3833182723116706E-006   9.5630935188978358E-006   1.3012554452969109E-005   1.6519477183742856E-005   1.9914145825173225E-005   2.3087635457125492E-005   2.5975824618356744E-005
   3.8953921174427275E-003   2.3451493354449703E-006   5.1950296661156548E-006   8.9827097736847128E-006   1.3456810344124652E-005   1.8310169324425740E-005   2.3244213026903124E-005   2.8020224651458463E-005   3.2484894524225277E-005   3.6547880144360985E-005
   4.2650218442334201E-003   3.2940534224472810E-006   7.2964191407194576E-006   1.2615496871480121E-005   1.8898198228385093E-005   2.5713212118334175E-005   3.2641226570190901E-005   3.9347078800558853E-005   4.5615626885636320E-005   5.1320196713656401E-005
   4.6697253532797080E-003   4.6173558404738742E-006   1.0226679665287277E-005   1.7680869188866955E-005   2.6485023636375915E-005   3.6034594811990563E-005   4.5742145622127445E-005   5.5137938130523837E-005   6.3920691681131991E-005   7.1913237661864636E-005
   5.1128307594829414E-003   6.4574406515408995E-006   1.4300883919397290E-005   2.4723338696238272E-005   3.7032484885653975E-005   5.0383109490110672E-005   6.3953767658885693E-005   7.7088160947408156E-005   8.9365175579244566E-005   1.0053682422744628E-004
   5.5979819791232878E-003   9.0083057319384409E-006   1.9948501685480749E-005   3.4484692921128574E-005   5.1651070902013397E-005   7.0268627244419896E-005   8.9192092361328271E-005   1.0750593161299022E-004   1.2462330181481983E-004   1.4019948367304135E-004
   6.1291686959257363E-003   1.2532857205770951E-005   2.7750920019758165E-005   4.7969463898841759E-005   7.1844400148598337E-005   9.7735664676255033E-005   1.2405080902221853E-004   1.4951635162113716E-004   1.7331660078030061E-004   1.9497334571776719E-004
   6.7107591705751436E-003   1.7385050347727391E-005   3.8491353795204675E-005   6.6530108299706580E-005   9.9636703663921381E-005   1.3553625307510079E-004   1.7202062676400780E-004   2.0732433465947835E-004   2.4031704498997413E-004   2.7033630805781063E-004
   7.3475361634921530E-003   2.4038164675227941E-005   5.3216738991525403E-005   9.1975248153565174E-005   1.3773470988314199E-004   1.8734980577717091E-004   2.3776744092508318E-004   2.8655118052226989E-004   3.3213916656061427E-004   3.7361292752690505E-004
   8.0447362662841772E-003   3.3120759878716470E-005   7.3317499458016289E-005   1.2670584207920483E-004   1.8973055747414173E-004   2.5805808632983095E-004   3.2748389897691932E-004   3.9465248467284299E-004   4.5741468129460673E-004   5.1450923271462580E-004
   8.8080929653170624E-003   4.5460584643865399E-005   1.0062362918639649E-004   1.7388109526838961E-004   2.6034997885869652E-004   3.5408416587139117E-004   4.4931333794242059E-004   5.4143418021344099E-004   6.2750221707541748E-004   7.0579212711992766E-004
   9.6438837915444661E-003   6.2135697323181539E-005   1.3751883674239623E-004   2.3761535975104104E-004   3.5574776929655111E-004   4.8378775480106774E-004   6.1385239087907381E-004   7.3965577123007240E-004   8.5717908151782614E-004   9.6406817919096621E-004
   1.0558981944335792E-002   8.4535023565962268E-005   1.8707436985067468E-004   3.2320973523207924E-004   4.8384967022267273E-004   6.5793523574480216E-004   8.3474435930367622E-004   1.0057346907487031E-003   1.1654501850955081E-003   1.3106986062113523E-003
   1.1560912813835747E-002   1.1442434003747455E-004   2.5319186428140566E-004   4.3739546857447342E-004   6.5471871115067371E-004   8.9018569138468848E-004   1.1292992913516612E-003   1.3605067430839937E-003   1.5764327970157165E-003   1.7727740671864742E-003
   1.2657915866672035E-002   1.5401146774039482E-004   3.4074981181260694E-004   5.8858770928925722E-004   8.8092978362178792E-004   1.1976158995013555E-003   1.5191390010264258E-003   1.8299724846875551E-003   2.1202124367576672E-003   2.3840846808110918E-003
   1.3859012403933871E-002   2.0600338332067453E-004   4.5572931041680634E-004   7.8709875483347466E-004   1.1778886018917159E-003   1.6011258474944968E-003   2.0307350466549890E-003   2.4459687382732275E-003   2.8336106752365428E-003   3.1859741725839327E-003
   1.5174079748634946E-002   2.7364522597257863E-004   6.0529569434077341E-004   1.0452776645586356E-003   1.5640402402574746E-003   2.1257246778434609E-003   2.6957229679872431E-003   3.2465228685079933E-003   3.7606082887118907E-003   4.2278170548100168E-003
   1.6613932472747905E-002   3.6071679598953944E-004   7.9778972043357882E-004   1.3774965112920055E-003   2.0608205197932502E-003   2.8004887423888989E-003   3.5508939490591926E-003   4.2758382057925051E-003   4.9523026047927216E-003   5.5669371910151925E-003
   1.8190411331788243E-002   4.7146579269684102E-004   1.0425861003011459E-003   1.7998978717305245E-003   2.6923073474086831E-003   3.6580349923194229E-003   4.6374791874212971E-003   5.5834123769089913E-003   6.4658807101866424E-003   7.2675297963108202E-003
   1.9916480638308576E-002   6.1047246875125432E-004   1.3497830863156404E-003   2.3298502024064471E-003   3.4844077168714981E-003   4.7334149757487362E-003   5.9997559468098179E-003   7.2224360572658479E-003   8.3627793932984865E-003   9.3983918367501664E-003
   2.1806334875063296E-002   7.8241955315495925E-004   1.7296984157295053E-003   2.9850947606784488E-003   4.4635303451325860E-003   6.0623546268211434E-003   7.6828933908810564E-003   9.2470777074848513E-003   1.0705492038220975E-002   1.2029677951225372E-002
   2.3875515424585839E-002   9.9182425802413665E-004   2.1922703668566831E-003   3.7827073705657649E-003   5.6550805487575141E-003   7.6792899174218492E-003   9.7302500729282704E-003   1.1709315288069311E-002   1.3554115856148925E-002   1.5228683059340560E-002
   2.6141038375114913E-002   1.2427980817271674E-003   2.7465597406345780E-003   4.7382217841033421E-003   7.0821991617518324E-003   9.6153739548683372E-003   1.2181298698832539E-002   1.4656537835296791E-002   1.6963234592288344E-002   1.9056764748039245E-002
   2.8621534453892730E-002   1.5391120928840076E-003   3.4008143642048228E-003   5.8658234877173440E-003   8.7659761324129885E-003   1.1899300475196701E-002   1.5072213720859056E-002   1.8132272679151372E-002   2.0983367402429547E-002   2.3570408109771335E-002
   3.1337402238589059E-002   1.8847681130100065E-003   4.1638699147931351E-003   7.1807284770732775E-003   1.0729161885529187E-002   1.4561892294249404E-002   1.8442212276693432E-002   2.2183713241881294E-002   2.5669130849367026E-002   2.8831515858134645E-002
   3.4310975906798831E-002   2.2857609022491009E-003   5.0489434486804844E-003   8.7057037055211263E-003   1.3005844782347399E-002   1.7649675738967755E-002   2.2350335910614919E-002   2.6882522950303567E-002   3.1104337751985442E-002   3.4934505125701849E-002
   3.7566708903115982E-002   2.7526227956545407E-003   6.0793011296264065E-003   1.0481010489783752E-002   1.5656459214082524E-002   2.1245083206860513E-002   2.6901971811143004E-002   3.2356055243109728E-002   3.7436681346512686E-002   4.2046313634567199E-002
   4.1131375034185735E-002   3.3019810459069109E-003   7.2917371861950945E-003   1.2570247367727177E-002   1.8776459812387476E-002   2.5478424272347030E-002   3.2262868712204816E-002   3.8805131328555842E-002   4.4900450290709888E-002   5.0431420912662325E-002
   4.5034288645458394E-002   3.9725284969839361E-003   8.7717614726978334E-003   1.5121197372005577E-002   2.2587375825645409E-002   3.0651465303796966E-002   3.8816795000532124E-002   4.6692987951669526E-002   5.4033392875183835E-002   6.0696285594524904E-002
   4.9307545690287481E-002   4.8179482343619247E-003   1.0638080905601300E-002   1.8339000834359478E-002   2.7396519950706452E-002   3.7182871050081695E-002   4.7096083097224031E-002   5.6662677775778499E-002   6.5582583674415509E-002   7.3682679448134419E-002
   5.3986287673825017E-002   5.8979842747723041E-003   1.3022843316661122E-002   2.2452292992524412E-002   3.3547284274393720E-002   4.5541093367572408E-002   5.7697334285963089E-002   6.9435554733507501E-002   8.0386686637540061E-002   9.0337057153186281E-002
   5.9108990642279875E-002   7.2700392392378507E-003   1.6053264326037240E-002   2.7681819396790350E-002   4.1372018631438648E-002   5.6181427281397751E-002   7.1202454263506312E-002   8.5717992706223670E-002   9.9270064753423440E-002  0.11159177014995701     
   6.4717781594067936E-002   8.9735242454401440E-003   1.9817300931362761E-002   3.4181586993915714E-002   5.1105093098338571E-002   6.9428477170329905E-002   8.8030935804624399E-002  0.10602416413752186       0.12283733480691220       0.13813559619138047     
   7.0858784914888756E-002   1.0918650190391748E-002   2.4118330050932862E-002   4.1616893765445688E-002   6.2254433918677327E-002   8.4625665427004018E-002  0.10736539971016627       0.12938678105153303       0.14998641171125557       0.16874818937045633     
   7.7582501685667909E-002   1.2901198444356951E-002   2.8508028981243785E-002   4.9221256320060254E-002   7.3686551572200346E-002  0.10025191545257528       0.12730077128705569       0.15353805276417240       0.17811731849397902       0.20053218281573360     
   8.4944224982638025E-002   1.4697445621707219E-002   3.2495888355241948E-002   5.6157111666385193E-002   8.4165827809255508E-002  0.11465302523597495       0.14577031147770972       0.17602351215458997       0.20442232062664020       0.23036518320741037     
   9.3004494584813954E-002   1.6326965828589741E-002   3.6128590613896269E-002   6.2515136723640202E-002   9.3845999028302790E-002  0.12806418658419463       0.16310483063909798       0.19727644015212012       0.22943787000099311       0.25888305703321868     
  0.10182959482819059        1.8206263930574368E-002   4.0330215392529040E-002   6.9901152182308759E-002  0.10514802404915344       0.14380268612439501       0.18354146459797974       0.22243082385128143       0.25913835456730827       0.29282359817272213     
  0.11149209970080924        2.1103289557883688E-002   4.6803443345016515E-002   8.1268431652399442E-002  0.12251646438777798       0.16794169428497804       0.21481313384014186       0.26082352842357492       0.30435444013353286       0.34437032232144427     
  0.12207146966133181        2.5466191222235982E-002   5.6550026021445092E-002   9.8374503327551890E-002  0.14862524760456400       0.20416844727421202       0.26164585901420079       0.31818470399670196       0.37174710093444902       0.42102288946845318     
  0.13365470508911154        3.0356794406214350E-002   6.7515195529674027E-002  0.11771840528574946       0.17831396225533175       0.24556335170196009       0.31536145764495543       0.38415429620604169       0.44939765411977239       0.50945574607304378     
  0.14633706173946351        3.3846666487602352E-002   7.5459056406518690E-002  0.13203747707661606       0.20080973806270463       0.27760765155383188       0.35768499335467557       0.43686205309780490       0.51211157459853163       0.58148304151769969     
  0.16022283408774773        3.6271193021690851E-002   8.1143914002019299E-002  0.14269961463173292       0.21823898537166533       0.30327639434243009       0.39245984130184947       0.48099744630391655       0.56538074585550224       0.64334024954128755     
  0.17542621300415920        4.0868075005317250E-002   9.1764753441357275E-002  0.16220564051240505       0.24938667788556310       0.34813556491545816       0.45207936045757569       0.55549708176151680       0.65420967232859528       0.74552996313590936     
  0.19207222481239303        4.8381901845509646E-002  0.10902911502791780       0.19362153795116319       0.29896800378483984       0.41867769590525444       0.54481384281150891       0.67035537131096401       0.79023380773931862       0.90121366120368573     
  0.21029775945461360        5.3993880730256801E-002  0.12232731181896701       0.21871952597366348       0.33983906615735637       0.47819825123186588       0.62442476579167705       0.77032643645497978       0.91001481387175631        1.0397103728042920     
  0.23025269621793309        5.7916949961863924E-002  0.13218776813880617       0.23851311702660755       0.37362063759203923       0.52903121407361764       0.69409228391375866       0.85959021851869588        1.0188351616498255        1.1674173398386183     
  0.25210113627991265        6.6284709882916779E-002  0.15233015015003845       0.27691642893824109       0.43624093448226015       0.62007108658271592       0.81587567792290605        1.0129437858542718        1.2033721775346129        1.3817923454416945     
  0.27602275220902728        7.3963105642381857E-002  0.17145940592014877       0.31449372751092025       0.49876931328965657       0.71243812943915830       0.94127793418486483        1.1730368750222107        1.3983413530586590        1.6108163716831054     
  0.30221426551783803        8.0406068544305348E-002  0.18845953238309410       0.34942995288145590       0.55873096907223296       0.80334001870325822        1.0676075435812800        1.3379377173855154        1.6021758660256626        1.8527891387183797     
  0.33089106441964966        9.0612035907738933E-002  0.21463408853963067       0.40155546247843560       0.64623681409759581       0.93434210557663400        1.2482250965635713        1.5714591307053580        1.8899095124121790        2.1934388351890162     
  0.36228897509242902        9.8756081294120002E-002  0.23708385375822763       0.44864650074120205       0.72863932921623842        1.0623105538437292        1.4301197772215193        1.8121485601431970        2.1917005090574264        2.5557226079878745     
  0.39666620101612027       0.10986275729273490       0.26722971009392144       0.51095384347463468       0.83719018668616374        1.2309303419677333        1.6691179287530262        2.1283540448384710        2.5875888919437067        3.0304685813846124     
  0.43430544633167090       0.12036251192363145       0.29720637825405510       0.57530419767752927       0.95333903757125060        1.4161515265021585        1.9373443939086854        2.4883011421111831        3.0431685719170249        3.5814884080645069     
  0.47551624068340170       0.13285673710719853       0.33308977799075951       0.65311295534021085        1.0956698431094025        1.6449591528457574        2.2701925018711697        2.9364404989836972        3.6118208158897329        4.2707038482829285     
  0.52063748466325777       0.14608187370083331       0.37231425394767759       0.74097203752943752        1.2604376632211323        1.9145030160193710        2.6665463534305647        3.4742114569266782        4.2981729936127531        5.1063757974066837     
  0.57004023678963622       0.16054173102866978       0.41644776021012742       0.84303024998542453        1.4557360872730822        2.2378123750833159        3.1456761891948681        4.1277940208343917        5.1356787507634882        6.1293775451463945     
  0.62413076493974640       0.17649561723070539       0.46670232508405807       0.96272059420080203        1.6891466397504564        2.6280202092811749        3.7274404421337164        4.9245659810743909        6.1596968654605329        7.3832155327105138     
  0.68335388732923041       0.19401234274785295       0.52407812030780909        1.1037170045538056        1.9684435412656525        3.0989758022705578        4.4330501707019563        5.8939482814556996        7.4083913285215299        8.9151193682515810     
  0.74819663051388374       0.21321627651937033       0.58997358299307756        1.2703581855261852        2.3032117024270096        3.6673894299440164        5.2876729061381420        7.0704385248697594        8.9261429321330272        10.779672974041715     
  0.81919223449536838       0.23436221376167229       0.66610850960750911        1.4682612817951579        2.7053970500924529        4.3535148893820939        6.3211635846308747        8.4942911791983242        10.764133924724696        13.039362506049700     
  0.89692453786727211       0.25783711950501881       0.75497190024704619        1.7044102948347071        3.1893807573202082        5.1810993551245375        7.5677687114058614        10.210921137946414        12.979444261531791        15.763375230171594     
  0.98203277906312625       0.28405871472847077       0.85921318875209907        1.9867897948267772        3.7713780564639414        6.1763549213943660        9.0645788277750690        12.268810493536726        15.632424958848272        19.024474177013605     
   1.0752168531898927       0.31356835218494100       0.98199808332120975        2.3247294130277134        4.4697484242197509        7.3681014576270760        10.851384740063805        14.719034373056932        18.785899150268307        22.897902657525162     
   1.1772430676769294       0.34691984411031657        1.1271764829595377        2.7291700031270536        5.3051777491265391        8.7876702046503148        12.970209127119807        17.614414126817191        22.503986950739826        27.459951878942025     
   1.2889504440725368       0.38497329213639664        1.2993596076532143        3.2126579169744311        6.3004133274185152        10.468180131777492        15.464098780204321        21.007918033270343        26.850210853306745        32.785807272298690     
   1.4112576178114535       0.42865390091012151        1.5039807640578919        3.7893424007942080        7.4798435951943869        12.443630884862021        18.375837732041141        24.951125066905878        31.885833209981673        38.947885184810616     
   1.5451703926941469       0.47908989291835313        1.7474038164711632        4.4749036722114379        8.8690814166177603        14.748094144192819        21.746918216446986        29.493273488999396        37.669153830943685        46.015383951712188     
   1.6917900122028373       0.53761998003642464        2.0369184349526281        5.2862794291480784        10.494181303227926        17.414612391837998        25.616421403855483        34.680363306884452        44.255025010250549        54.054208557438265     
   1.8523222156741213       0.60585746376773586        2.3808421186995821        6.2415162366894217        12.381189775236434        20.474657101819819        30.020932061857447        40.555820692452777        51.696217028374242        63.129002441629581     
   2.0280871538024625       0.68572771881739025        2.7884918009598221        7.3593846887924430        14.555437734865182        23.957602976912696        34.994511428244067        47.161203323507621        60.044845959346247        73.304924659570659     
   2.2205302450155360       0.77949735607202109        3.2701200167913518        8.6589367110655857        17.040952802273718        27.890538651331163        40.569422850865493        54.537652689178465        69.354179574957030        84.649782786773784     
   2.4312340619997870       0.88983449173910767        3.8368379562424662        10.159174805753336        19.860224118318701        32.298687856658326        46.777331219754615        62.727620763949190        79.680416004341183        97.235407664233477     
   2.6619313461261318        1.0198400943315620        4.5004855501853713        11.878620365244377        23.033959522795811        37.205926290210300        53.650497461404846        71.775904954463783        91.083156930110903        111.13802758520549     
   2.9145192568009906        1.1730823887577193        5.2734124690054296        13.834943103662502        26.581179715975797        42.635672341376527        61.222850927860428        81.730102935086293        103.62511841727586        126.43769114910306     
   3.1910749729235515        1.3536141864287530        6.1682749987918601        16.044743856194192        30.519432441974089        48.611716001011800        69.530491594288392        92.640128087661040        117.37128965437564        143.21801522966570     
   3.4938727747491285        1.5659957073327195        7.1978441902292296        18.523380677472161        34.865299926584612        55.159111095017359        78.611638475570388        104.55746708321108        132.38889246046585        161.56733824745990     
   3.8254027466328799        1.8152850458199552        8.3747475711245993        21.284900389422415        39.634837678755133        62.304507581761946        88.505838856667026        117.53460031129688        148.74828889468347        181.58053839008235     
   4.1883912544574775        2.1070176421347342        9.7113211633044809        24.342078780355337        44.844202143684299        70.076301221173082        99.253037673911891        131.62517180473188        166.52448862856778        203.36020105817266     
   4.5858233661428098        2.4471776898394086        11.219405402816207        27.706510661909416        50.510248456888768        78.503949589928538        110.89314200489397        146.88545832946195        185.79799725470542        227.01562005529027     
   5.0209673996144657        2.8421242839910050        12.910220926274887        31.388704931695553        56.650822059909274        87.617181256608106        123.46640608853430        163.37544600912219        206.65393992615270        252.65894621950693     
   5.4974018001037450        3.2985373465347725        14.794240427015909        35.398355075855392        63.284969784053381        97.445114534161561        137.01473191159420        181.15892042752239        229.17958505778924        280.40043398607770     
   6.0190445678066622        3.8233471579236169        16.881185048082315        39.744626300970133        70.432880212917937        108.01627045059878        151.58289223888832        200.30187409734805        253.46002313754300        310.34372620866833     
   6.5901854779032725        4.4236381905119142        19.179951402621711        44.436609758338300        78.115240546969389        119.35927311772235        167.21842414443094        220.86927200427075        279.57317884160869        342.58685097341720     
   7.2155213579010242        5.1065644692553933        21.698514647989288        49.483621043223735        86.352436525232164        131.50418778424265        183.97014820562401        242.92112810443857        307.59192167490869        377.23259457620014     
   7.9001947124089602        5.8792711502361312        24.444001777378553        54.895746387574704        95.164196112667923        144.48349402516030        201.88532996599940        266.51154878932033        337.59433798772005        414.39319732513741     
   8.6498360129766851        6.7487990792122705        27.422615088980127        60.684135840015131        104.56956884685852        158.33182844578602        221.00644499116487        291.69543092141271        369.66663144051745        454.17692239776864     
   9.4706100007722398        7.7220261004450341        30.639612845290809        66.861152193925477        114.58799183085021        173.08461310375247        241.37135376313861        318.53498089583729        403.89095312630786        496.67590910387764     
   10.369266382873457        8.8055344101352997        34.099261818806696        73.439976806359809        125.24052121152457        188.77532584624839        263.01973111844939        347.09392163692581        440.33468834322804        541.97933833251898     
   11.353195339077612        10.005661470771638        37.805035114354880        80.434277895631439        136.55106182080277        205.43353991796621        285.99895818524288        377.42670899877749        479.06387950063839        590.19052507583638     
   12.430488295695186        11.328265272732713        41.759427854834449        87.856898035064177        148.54511644593674        223.08593318820658        310.35712870585797        409.58022859817737        520.15804483924182        641.40109105579143     
   13.610004466105526        12.778866281704536        45.964387983313131        95.719718582010671        161.24861804046304        241.76364810571349        336.13458053993691        443.61211754627789        563.68771165038174        695.69096768797385     
   14.901443705277449        14.362495567512543        50.421299924364909        104.03325835505694        174.68465250498028        261.50284458764315        363.36680094738807        479.58276379190954        609.71429022179177        753.15869230784290     
   16.315426277379739        16.083636181244930        55.131699861122037        112.80716953556279        188.87059141726800        282.33635170074967        392.09664095592876        517.53928836601983        658.31670525594836        813.88888962811791     
   17.863580192457370        17.946233797524386        60.098364785616056        122.05191791119050        203.81946772417422        304.28761023558519        422.36407688683062        557.53106230364494        709.55271692495967        877.96099874232641     
   19.558636830395095        19.953517954517661        65.325866153193815        131.78026447127027        219.54652968179539        327.37727355414637        454.19892345077932        599.60521747734606        763.48172302178216        945.45639444638755     
   21.414535638539547        22.108050666509012        70.819906007113872        142.00938410645824        236.07344022403220        351.62903510460495        487.63825954989125        643.80652668006201        820.16961484291937        1016.4641281886921     
   23.446538763970572        24.411857922051336        76.585918175387789        152.75955786244262        253.42284892000970        377.05983959029453        522.70486128981554        690.18242312178609        879.67948257227602        1091.0535876282429     
   25.671356563109935        26.866386860958507        82.628675596584202        164.04789612970873        271.61270280759402        403.69342158287282        559.41037853340356        738.74797709283177        942.03852630849383        1169.2715720907795     
   28.107285020807289        29.471953200966976        88.953462210806052        175.88289621936605        290.66508566266288        431.57381057406110        597.79497211157366        789.52356516100622        1007.2687756483483        1251.1583529943377     
   30.774356208980628        32.228037579701606        95.568187193827470        188.26866932013780        310.61070495276186        460.72546015147537        637.92905160069301        842.58133607460229        1075.4415112971105        1336.8158628179319     
   33.694503022121602        35.133869270329427        102.48027427693202        201.21624378818905        331.45587184262666        491.16353519487757        679.85430857897722        898.02517715765339        1146.6894732863543        1426.3613477956494     
   36.891739544382439        38.189003780423420        109.69188624889676        214.74821530185019        353.18855349416401        522.91757301907194        723.55265083976428        955.86725945488786        1221.0358623605221        1519.7375227213288     
   40.392358531509046        41.392293625978034        117.20452435404358        228.88370377551200        375.84341454354325        556.01779025059386        769.04818057982641        1016.0467987221945        1298.4060400041569        1617.0483916524065     
   44.225147631630513        44.740447175007979        125.02998975834613        243.62333582383945        399.47867647028096        590.45404465194406        816.45830076709865        1078.7283881240812        1379.0790997289218        1718.7335343402433     
   48.421626123015102        48.228176751308403        133.18855640140529        258.96506391022069        424.09091604348009        626.23458007451529        865.77528659751920        1144.0425035078931        1463.1548584068346        1824.4536839280518     
   53.016304115627769        51.850998286447066        141.69485982068059        274.92819254202021        449.60908927858691        663.47431051386923        916.86876101088035        1211.6944442803194        1550.1238890499494        1933.8034799604716     
   58.046966348054411        55.607570735861721        150.54781563076608        291.54319818379253        476.08555576168999        702.19349242649037        970.00929468982713        1281.8774242474549        1640.4928705155078        2048.1203877746634     
   63.554982913623071        59.496860512468082        159.73776547818628        308.84303279828924        503.68029336465668        742.18973646115433        1025.3026641480608        1355.1462966438089        1734.9840781913470        2166.9588625967945     
   69.585649471004459        63.515289031670058        169.27362795691042        326.81187341147256        532.34916057164207        783.63399564267797        1082.2714229306898        1430.7472381499360        1832.1680985974513        2289.0069679092812     
   76.188559737046049        67.658424775556540        179.18593809942007        345.36510696167949        561.89420254944673        826.92246241395924        1141.2609395084073        1508.5471904686096        1932.4726407309349        2416.5837092416077     
   83.418013325063441        71.924059020856305        189.48321825772652        364.57691700279929        592.53892474635563        871.62907089983457        1203.0493953317871        1590.2953074547079        2037.9827148137238        2549.0651220701452     
   91.333462282486295        76.314349276051047        200.14690243798069        384.58935093228621        624.38502595501359        917.39308840805438        1266.4258491573526        1674.4499621773352        2145.8654798081161        2684.3656220348034     
   100.00000000000004        80.830957960069270        211.19834125068130        405.27601681364376        657.08842243239428        965.26702595305323        1331.4080123123322        1760.4651852962340        2257.1380918607651        2826.5738801810558     
