   1.0000000000000002E-003   2.5755908795149830E-008   5.7051625085489940E-008   9.8518326982444929E-008   1.4723960041482575E-007   1.9973001762782554E-007   2.5268045699820993E-007   3.0353465917912092E-007   3.5068417596593553E-007   3.9335921423118687E-007
   1.0948889651276870E-003   3.6758330993959186E-008   8.1422945031605697E-008   1.4060333040509320E-007   2.1013718502463040E-007   2.8505013868275038E-007   3.6061947447844757E-007   4.3319697525996370E-007   5.0048713558196472E-007   5.6139135700882473E-007
   1.1987818459583783E-003   5.2436287141567762E-008   1.1615095658416987E-007   2.0057246929058875E-007   2.9976315157407936E-007   4.0662693399568530E-007   5.1442679059166880E-007   6.1795853474386983E-007   7.1394766620753743E-007   8.0082708125604938E-007
   1.3125330147352270E-003   7.4762446440337828E-008   1.6560526530903181E-007   2.8597121631001705E-007   4.2739434807236379E-007   5.7975715127892333E-007   7.3345412993435272E-007   8.8106536013429468E-007   1.0179222600254962E-006   1.1417906001677386E-006
   1.4370779141993756E-003   1.0653103000616229E-007   2.3597525899365083E-007   4.0748742365067819E-007   6.0900389939189946E-007   8.2610781205105352E-007   1.0451120371188369E-006   1.2554438758595450E-006   1.4504511581333979E-006   1.6269504649986420E-006
   1.5734407502856105E-003   1.5170108658230758E-007   3.3603047069283344E-007   5.8026428253149147E-007   8.6722337239570956E-007   1.1763777207975899E-006   1.4882367673655937E-006   1.7877451673162115E-006   2.0654305544252997E-006   2.3167600547547853E-006
   1.7227429147699432E-003   2.1586448705913039E-007   4.7815718734489938E-007   8.2569026891459806E-007   1.2340177381369234E-006   1.6739257631153758E-006   2.1176801178914279E-006   2.5438581286163851E-006   2.9389816631001987E-006   3.2966012217521225E-006
   1.8862122071335180E-003   3.0691689783604510E-007   6.7984464323186604E-007   1.1739653703898201E-006   1.7545203814212852E-006   2.3799725995879327E-006   3.0108895120748463E-006   3.6168131085904213E-006   4.1785812763142327E-006   4.6870251301243034E-006
   2.0651929314796274E-003   4.3597875505002651E-007   9.6572493398940949E-007   1.6676233663114237E-006   2.4922967394328262E-006   3.3807399436755306E-006   4.2769388908516594E-006   5.1376290860289173E-006   5.9355925168548273E-006   6.6578064796401709E-006
   2.2611569515367451E-003   6.1869414479851907E-007   1.3704499329008036E-006   2.3664992477565474E-006   3.5367673630422852E-006   4.7975184958364231E-006   6.0692639080092246E-006   7.2906097776164557E-006   8.4229346316411034E-006   9.4477611534215374E-006
   2.4757157946593421E-003   8.7700727666251355E-007   1.9426259608370519E-006   3.3545228256735161E-006   5.0133596210875079E-006   6.8004362752238375E-006   8.6030772456583074E-006   1.0334260280553954E-005   1.1939244766001936E-005   1.3391844201894697E-005
   2.7106339043648361E-003   1.2416354701024201E-006   2.7502910239852479E-006   4.7491754575405980E-006   7.0976384080938987E-006   9.6276227689327412E-006   1.2179608054519700E-005   1.4630398723880097E-005   1.6902504989506041E-005   1.8958862120187289E-005
   2.9678431503900389E-003   1.7555079217291402E-006   3.8885308829683985E-006   6.7146390999729839E-006   1.0034953267330894E-005   1.3611853239375814E-005   1.7219800955918149E-005   2.0684627050962258E-005   2.3896788345788328E-005   2.6803895934067679E-005
   3.2494587155918438E-003   2.4783525877813158E-006   5.4896375367267540E-006   9.4793339063031082E-006   1.4166641210076722E-005   1.9216081130256234E-005   2.4309253440667606E-005   2.9200295035835533E-005   3.3734586587094245E-005   3.7838194434822659E-005
   3.5577964903394962E-003   3.4931084444110424E-006   7.7373097880982524E-006   1.3360432817408794E-005   1.9966651610278757E-005   2.7083100120060989E-005   3.4261018722695360E-005   4.1153913628423909E-005   4.7543906485355361E-005   5.3326837254937354E-005
   3.8953921174427275E-003   4.9145010573956695E-006   1.0885643601332556E-005   1.8796642390298630E-005   2.8090516599260518E-005   3.8101939939058281E-005   4.8199562133902466E-005   5.7895960067780396E-005   6.6884681617528714E-005   7.5019259908903096E-005
   4.2650218442334201E-003   6.9006898867671660E-006   1.5284923090310466E-005   2.6392719026537082E-005   3.9441846097762874E-005   5.3498013124039658E-005   6.7674737938283711E-005   8.1287713923646596E-005   9.3906778289550176E-005   1.0532640030327591E-004
   4.6697253532797080E-003   9.6687286651432413E-006   2.1415852030937609E-005   3.6978547315988894E-005   5.5260563154033697E-005   7.4952718123157155E-005   9.4812987787276859E-005   1.1388275529031852E-004   1.3155954689268167E-004   1.4755560798439195E-004
   5.1128307594829414E-003   1.3515210637473840E-005   2.9935260881806572E-005   5.1688013109117874E-005   7.7240685411939295E-005   1.0476306612041679E-004   1.3251910269649171E-004   1.5916912110846906E-004   1.8387136618895221E-004   2.0622397478196848E-004
   5.5979819791232878E-003   1.8842977070059616E-005   4.1735229402391315E-005   7.2061008718791517E-005   1.0768261822026870E-004   1.4604803472382285E-004   1.8473698739373865E-004   2.2188220934701803E-004   2.5631078684806055E-004   2.8746305413182636E-004
   6.1291686959257363E-003   2.6196662008873740E-005   5.8021758022356397E-005   1.0017914033601395E-004   1.4969572055163817E-004   2.0302297589068296E-004   2.5679634184095810E-004   3.0842068625928535E-004   3.5626645838024212E-004   3.9955659571456131E-004
   6.7107591705751436E-003   3.6306947850824868E-005   8.0412696540067149E-005   1.3883460407932785E-004   2.0745029372612854E-004   2.8134084915567621E-004   3.5584360933268116E-004   4.2736330436226878E-004   4.9364330567686814E-004   5.5360833559515673E-004
   7.3475361634921530E-003   5.0146954275021773E-005   1.1106248994339273E-004   1.9174523742827252E-004   2.8649834984490098E-004   3.8852641948757807E-004   4.9139011147579644E-004   5.9012600735131331E-004   6.8162026806730064E-004   7.6439048754370332E-004
   8.0447362662841772E-003   6.9001273519511862E-005   1.5281484645780937E-004   2.6381758562631959E-004   3.9416579175983600E-004   5.3450682191864666E-004   6.7598146397263698E-004   8.1176400140718185E-004   9.3757475545452028E-004   1.0513784641269068E-003
   8.8080929653170624E-003   9.4547104503490159E-005   2.0938207050998504E-004   3.6145571492203032E-004   5.4001245068276138E-004   7.3223343963782061E-004   9.2598159138822776E-004   1.1119104406789411E-003   1.2841638298045574E-003   1.4399602772441383E-003
   9.6438837915444661E-003   1.2894914543894569E-004   2.8555467295786726E-004   4.9292187335826223E-004   7.3636886979057837E-004   9.9840683089023234E-004   1.2624857912094830E-003   1.5158686421663935E-003   1.7505811918648816E-003   1.9628415584890323E-003
   1.0558981944335792E-002   1.7495578180947135E-004   3.8741357438572472E-004   6.6870103248044157E-004   9.9887788416035215E-004   1.3542067470488999E-003   1.7122384881240686E-003   2.0557079681612685E-003   2.3738163450624833E-003   2.6614509625719701E-003
   1.1560912813835747E-002   2.3599623417076414E-004   5.2254405518393035E-004   9.0186764034542132E-004   1.3470381717238763E-003   1.8260229683349505E-003   2.3085497518114946E-003   2.7713556964781907E-003   3.1999064981601509E-003   3.5873348177788041E-003
   1.2657915866672035E-002   3.1624531224426196E-004   7.0017748317133862E-004   1.2083266972794991E-003   1.8045584247832853E-003   2.4459271423985245E-003   3.0918816346722972E-003   3.7112895072695749E-003   4.2847242332807603E-003   4.8030282899471193E-003
   1.3859012403933871E-002   4.2063527727721344E-004   9.3121534518527532E-004   1.6068505437625380E-003   2.3994045963774630E-003   3.2517261913456307E-003   4.1099027494992295E-003   4.9325886700553150E-003   5.6940217727843544E-003   6.3820903111749070E-003
   1.5174079748634946E-002   5.5476570091926927E-004   1.2280268405548851E-003   2.1187237895290536E-003   3.1632603859479964E-003   4.2862185598885596E-003   5.4165332020340556E-003   6.4997714280482727E-003   7.5020721850766713E-003   8.4075642101164322E-003
   1.6613932472747905E-002   7.2463494289281476E-004   1.6038511522907127E-003   2.7667055752145695E-003   4.1299679554183096E-003   5.5950684637871458E-003   7.0692433824981957E-003   8.4815379043405269E-003   9.7878944940672386E-003   1.0967732307989513E-002
   1.8190411331788243E-002   9.3613592827379436E-004   2.0716781064153483E-003   3.5730927967555846E-003   5.3326286792014883E-003   7.2228685938956171E-003   9.1240694482523556E-003   1.0944780559438953E-002   1.2628333511311029E-002   1.4148354598752119E-002
   1.9916480638308576E-002   1.1942490510894218E-003   2.6424597298468529E-003   4.5566327178866587E-003   6.7989935046528721E-003   9.2068969677906246E-003   1.1627730549936564E-002   1.3945135434812538E-002   1.6087167449296530E-002   1.8020476750246327E-002
   2.1806334875063296E-002   1.5018768796974263E-003   3.3225323032096544E-003   5.7280819426662440E-003   8.5448479271427579E-003   1.1568179821581870E-002   1.4606371819204352E-002   1.7513519335940746E-002   2.0199620042549719E-002   2.2623125989793748E-002
   2.3875515424585839E-002   1.8584789610028697E-003   4.1106019876146795E-003   7.0850267149723421E-003   1.0566319334782198E-002   1.4301130911999135E-002   1.8052554545874424E-002   2.1640616306886039E-002   2.4954561438509833E-002   2.7943472617164084E-002
   2.6141038375114913E-002   2.2586709810158176E-003   4.9946604601665227E-003   8.6066024335060415E-003   1.2832067857774703E-002   1.7363080924808056E-002   2.1912166665580140E-002   2.6261334719581149E-002   3.0276744261369202E-002   3.3897099373988653E-002
   2.8621534453892730E-002   2.6915630692097882E-003   5.9505459634400003E-003   1.0251071616640305E-002   1.5279776758173701E-002   2.0669676067825618E-002   2.6078801970055420E-002   3.1248283190071238E-002   3.6019506873220329E-002   4.0320057441328536E-002
   3.1337402238589059E-002   3.1415372651469485E-003   6.9436952248823217E-003   1.1958916443036389E-002   1.7820889167168688E-002   2.4101465836139657E-002   3.0402295183493376E-002   3.6422248675642692E-002   4.1977114477782587E-002   4.6982942470044732E-002
   3.4310975906798831E-002   3.5921395010275864E-003   7.9377798816725655E-003   1.3667786061001047E-002   2.0363003021097812E-002   2.7534357988311563E-002   3.4727343000944787E-002   4.1598691735290190E-002   4.7938580960683694E-002   5.3651367148258085E-002
   3.7566708903115982E-002   4.0329862791174346E-003   8.9099883463199560E-003   1.5338850401545100E-002   2.2849199838524258E-002   3.0892887783342357E-002   3.8960798371894118E-002   4.6668477072239901E-002   5.3780828555658106E-002   6.0190345981529197E-002
   4.1131375034185735E-002   4.4703144524192310E-003   9.8743213828695157E-003   1.6996881525135947E-002   2.5317717763342244E-002   3.4230857425230750E-002   4.3173325531699461E-002   5.1719594154153753E-002   5.9608914129022965E-002   6.6721189665357603E-002
   4.5034288645458394E-002   4.9504805422175462E-003   1.0933426664817383E-002   1.8819338796189192E-002   2.8034435876083133E-002   3.7910180446175307E-002   4.7824628966912003E-002   5.7306594943842971E-002   6.6066168547340098E-002   7.3968244159267685E-002
   4.9307545690287481E-002   5.5654846440419481E-003   1.2290701783561330E-002   2.1157071319963493E-002   3.1523575875957721E-002   4.2642272766656331E-002   5.3815559928927205E-002   6.4512931431156412E-002   7.4405960785574404E-002   8.3339118285155930E-002
   5.3986287673825017E-002   6.4507581446548688E-003   1.4245373286469016E-002   2.4525897258367214E-002   3.6555353850751746E-002   4.9471708777656553E-002   6.2467970652366235E-002   7.4927340573540849E-002   8.6464987256135259E-002   9.6895223632495017E-002
   5.9108990642279875E-002   7.7965245899092065E-003   1.7217615209581715E-002   2.9650040001356265E-002   4.4211120895660351E-002   5.9864949358599755E-002   7.5637388080654039E-002   9.0779580500220974E-002  0.10482037170169196       0.11752811482184408     
   6.4717781594067936E-002   9.7980202999668076E-003   2.1638929180928836E-002   3.7274265101001111E-002   5.5604968580262239E-002   7.5335925773218126E-002   9.5243124890025815E-002  0.11437998177996690       0.13214610570390656       0.14824130917915404     
   7.0858784914888756E-002   1.2505353024577327E-002   2.7621441361003234E-002   4.7596494342376415E-002   7.1041525029328229E-002   9.6311286943379010E-002  0.12184175086738373       0.14641556137447556       0.16925433081042671       0.18996276754524796     
   7.7582501685667909E-002   1.5609630117180444E-002   3.4486864785445222E-002   5.9459421436486769E-002   8.8815474908691974E-002  0.12051211457351839       0.15259177742203264       0.18351808077661191       0.21229890534804421       0.23842125862436064     
   8.4944224982638025E-002   1.8292650856519408E-002   4.0435273669661924E-002   6.9781433732436490E-002  0.10436543296540418       0.14181209857784399       0.17981638091595356       0.21654565752665655       0.25079873405205588       0.28193808935204895     
   9.3004494584813954E-002   1.9585749783451682E-002   4.3335300085849120E-002   7.4912053425331651E-002  0.11228587278056014       0.15294875315388373       0.19441254953685791       0.23465578366051928       0.27232116731654893       0.30665919170168365     
  0.10182959482819059        1.9368264325268763E-002   4.2924316244898959E-002   7.4410301283429223E-002  0.11194212974762249       0.15309746953757442       0.19538157014269100       0.23669666476038709       0.27558320453106666       0.31119126766343336     
  0.11149209970080924        1.9157045079516818E-002   4.2552820698405339E-002   7.4051457615721142E-002  0.11195510322821334       0.15393840875314743       0.19747741541941424       0.24035792025136207       0.28097891265554226       0.31836004906073023     
  0.12207146966133181        2.1486139458300104E-002   4.7827151022312109E-002   8.3518606900917197E-002  0.12680230218964395       0.17510285339271436       0.22549904924932798       0.27535857202963249       0.32274421065441095       0.36644722046708256     
  0.13365470508911154        2.8120152078804285E-002   6.2670399290945838E-002  0.10963144182434675       0.16674001520916387       0.23055431720406744       0.29712399022848557       0.36290254059660698       0.42531204090584857       0.48277189234422691     
  0.14633706173946351        3.6345652687127174E-002   8.1117718636968650E-002  0.14218177983932692       0.21664453577127932       0.29993303166252872       0.38676358338017902       0.47243566862865677       0.55358655221861885       0.62819226810056905     
  0.16022283408774773        3.9049565033237948E-002   8.7468156848450662E-002  0.15415346493107124       0.23629603310180120       0.32892012981605856       0.42604115099919609       0.52227138127246608       0.61373652234833131       0.69807227517855819     
  0.17542621300415920        3.5925410186076548E-002   8.1034044134454850E-002  0.14434423808218316       0.22388582350617336       0.31507751017710239       0.41194959505463435       0.50895640204262438       0.60200626506080812       0.68848853755256911     
  0.19207222481239303        3.8525580840809863E-002   8.7435187974997469E-002  0.15708993964871551       0.24572715566477940       0.34825673826601827       0.45788484943548452       0.56829800912892070       0.67479830448346012       0.77430400654741005     
  0.21029775945461360        5.1424132165039618E-002  0.11694476303759452       0.21039665602636065       0.32897978315080734       0.46544706239065353       0.61070946453663877       0.75661021400475559       0.89715205746374038        1.0283917789459300     
  0.23025269621793309        5.7078994451785055E-002  0.13066763360622069       0.23695632985888884       0.37300615225559719       0.53052462665299960       0.69919453929454800       0.86968571679612461        1.0349367676099710        1.1904134016719905     
  0.25210113627991265        5.2994105791240663E-002  0.12300167459872020       0.22696295882290698       0.36313497994450333       0.52389085826564552       0.69917233256693156       0.87931397708984171        1.0566553649220671        1.2249474405961511     
  0.27602275220902728        6.4676822484550131E-002  0.15094671030349385       0.27972258329336286       0.44857493223623762       0.64830252052234372       0.86687787158049112        1.0925292799192712        1.3149485578007722        1.5269852780628381     
  0.30221426551783803        7.3453588519778290E-002  0.17292609350144339       0.32303164295661480       0.52139730466799794       0.75813398080755279        1.0197014248220651        1.2914521874376235        1.5613316696798214        1.8199019197762312     
  0.33089106441964966        7.2241498400164458E-002  0.17302480265693423       0.32916066841266906       0.54039139546800818       0.79841096140123746        1.0887375030282609        1.3955479304777998        1.7041191260376460        2.0028622294654350     
  0.36228897509242902        8.7829463537373559E-002  0.21161478280499313       0.40407609544496292       0.66568051398384354       0.98700675281888528        1.3505355531142862        1.7359387815929002        2.1245871733817663        2.5017378388576406     
  0.39666620101612027        8.8323355420012850E-002  0.21688395588830936       0.42235242139020329       0.70939667386606542        1.0701543516575003        1.4860308267113453        1.9332277659058201        2.3893151613539483        2.8360389200096305     
  0.43430544633167090       0.10244609740125583       0.25393702801989121       0.49891546509657103       0.84554477434599973        1.2857939349624525        1.7968947036904059        2.3494443339584645        2.9154151318675869        3.4718253240413177     
  0.47551624068340170       0.10662767894862137       0.26948916475241447       0.54079772735552578       0.93500619709092392        1.4461109745041221        2.0483411935095250        2.7067317335168157        3.3870372582352766        4.0607034174584999     
  0.52063748466325777       0.11945600081121258       0.30617640294929149       0.62393309657827589        1.0942175295848013        1.7114369255349504        2.4448873704020673        3.2517084351664578        4.0894641163665773        4.9225522958150423     
  0.57004023678963622       0.12912958425907359       0.33745642216984945       0.70256038773409146        1.2552718755710530        1.9916664785185187        2.8757264900717172        3.8553882890416666        4.8784558007178029        5.9008492985501819     
  0.62413076493974640       0.13885375541507317       0.37119460021151046       0.79162918102084667        1.4427809796037308        2.3229696850841930        3.3896216539464370        4.5794155005706907        5.8283263601481483        7.0820756142874064     
  0.68335388732923041       0.15064333115779335       0.41257921477861376       0.90199091657164443        1.6756025076157037        2.7340765836487657        4.0262368258786880        5.4747806067819349        7.0013635323432064        8.5395518337714176     
  0.74819663051388374       0.16561157162636034       0.46511563975791553        1.0415188274776155        1.9684843430975125        3.2484268336052731        4.8187350486226119        6.5848026639086541        8.4511377922584785        10.337029960091845     
  0.81919223449536838       0.18094842917048096       0.52312268286923380        1.2020399362701679        2.3120072615877696        3.8567769584875089        5.7593143975536165        7.9042243282982980        10.175945647842353        12.477325565106071     
  0.89692453786727211       0.19667122379351748       0.58761446341049828        1.3876910404681970        2.7158069272574585        4.5759540159316625        6.8728785416483467        9.4664360689133140        12.217916157063932        15.011558134747849     
  0.98203277906312625       0.21409341765016046       0.66288084210633713        1.6089320616130349        3.1994198121492667        5.4361496572823462        8.2006861609088517        11.323634624043473        14.639981168539357        18.013303714017479     
   1.0752168531898927       0.23398458633061131       0.75228806004711823        1.8749435836667547        3.7805175406796403        6.4646455056935750        9.7796339186226273        13.522008843750051        17.497441181611670        21.547059660387308     
   1.1772430676769294       0.25646582437883764       0.85785243546837753        2.1927486809465675        4.4733599043546386        7.6834697512470509        11.639119690605989        16.097902042114551        20.833553222999630        25.663383755344860     
   1.2889504440725368       0.28171589779261402       0.98207053282500156        2.5704605497063562        5.2935378250404268        9.1155773809057177        13.808575133898357        19.086611671047066        24.689506568275739        30.409935540342012     
   1.4112576178114535       0.31031014810259033        1.1287302072058738        3.0186723365075880        6.2598377875489337        10.787107798406916        16.320125813696155        22.525515235799372        29.108080725827929        35.835700639630005     
   1.5451703926941469       0.34302013184779201        1.3024529818904484        3.5494670732677442        7.3924530803075612        12.724770459494405        19.205329271224553        26.450424788850821        34.129870098953482        41.987281890885377     
   1.6917900122028373       0.38065046000462338        1.5082827300173878        4.1754577244458986        8.7112769991431929        14.953482626517900        22.492431251891151        30.892779187143930        39.790676006375946        48.906664970918811     
   1.8523222156741213       0.42411612015846861        1.7518449814731971        4.9098532761638856        10.235824979294069        17.496341071941153        26.206683833825682        35.880584844772883        46.123239392270072        56.633790259568627     
   2.0280871538024625       0.47451941128322805        2.0394872812278106        5.7664831868128958        11.985176332198797        20.374748458889030        30.370981398421655        41.439814423056916        53.159488183145783        65.209581548964394     
   2.2205302450155360       0.53318763201476838        2.3782945460860363        6.7596030413904939        13.977683592559123        23.608342498707433        35.006339153766078        47.595626234401777        60.932443908175642        74.678315616198219     
   2.4312340619997870       0.60168921667105169        2.7760184267076626        7.9035771951292553        16.230598681173280        27.214899896379137        40.132376731609448        54.373492503308000        69.477727384761778        85.089097992571112     
   2.6619313461261318       0.68184030035399645        3.2409522620758628        9.2125198625148599        18.759725647417913        31.210326786792102        45.767889245869888        61.800212193148859        78.834486040982952        96.496172454485134     
   2.9145192568009906       0.77574493068323347        3.7818730725230520        10.700131348833915        21.579423548426263        35.609126408483156        51.931913157619995        69.905138854372652        89.046023363980751        108.95848428293863     
   3.1910749729235515       0.88580497782957202        4.4078930345370839        12.379443497656972        24.702507457521044        40.424731416727639        58.644459872560056        78.720542922109402        100.15901276269628        122.53770829314537     
   3.4938727747491285        1.0147560871048773        5.1283811191397595        14.262758718538993        28.140451325173842        45.670216356770105        65.927422519021761        88.281632648204365        112.22223817744604        137.29645062350104     
   3.8254027466328799        1.1656614410388091        5.9527863888409849        16.361459626268942        31.903418369850833        51.358760473956536        73.804762565507602        98.625351863929524        125.28455122211038        153.29692240271260     
   4.1883912544574775        1.3419233668493793        6.8905335886877932        18.685976567314313        36.000546751667713        57.504374288385790        82.302498533302057        109.78902082421700        139.39394575841780        170.60205098882315     
   4.5858233661428098        1.5472744233160767        7.9508968568350733        21.245727185064524        40.440222776553725        64.122448681506370        91.448025374499650        121.80906905170835        154.59819580286972        189.27821500313129     
   5.0209673996144657        1.7857469923601890        9.1428518100202769        24.049028802284887        45.230348070215001        71.229974777043481        101.26891858280732        134.72077658115111        170.94704503574647        209.39769761322916     
   5.4974018001037450        2.0616544809220909        10.474990739218926        27.103130501596656        50.378831866262146        78.845548199277900        111.79199660109425        148.55983419498619        188.49484408630619        231.03904241228133     
   6.0190445678066622        2.3795632191791865        11.955441276684745        30.414231613937300        55.894143005516099        86.988923471078593        123.04311321303236        163.36476857373287        207.30129093667134        254.28427268681776     
   6.5901854779032725        2.7442413549338984        13.591752731900980        33.987397471706046        61.785683335166297        95.680160631425494        135.04813981523415        179.17846261697289        227.42927131612319        279.21318874876653     
   7.2155213579010242        3.1606137048904244        15.390821211286982        37.826561766535711        68.063871051527457        104.93878718918775        147.83514195557706        196.04787422285176        248.94062551667642        305.89641718202301     
   7.9001947124089602        3.6337042798493440        17.358793727665773        41.934671742933297        74.739737412288591        114.78293921225107        161.43590504307548        214.02171780026364        271.89077774441159        334.39446551103299     
   8.6498360129766851        4.1686000797597931        19.501028702066531        46.314125880159693        81.824667241165542        125.22915967991227        175.88493524454483        233.14607645321016        296.32723446023749        364.77176556267619     
   9.4706100007722398        4.7703969597100295        21.822024104816187        50.967130727487245        89.330417519820926        136.29360016246042        191.21557703224966        253.45795842009738        322.29770022691957        397.10980336475188     
   10.369266382873457        5.4441309785213798        24.325355685693669        55.895789164284345        97.269011032041192        147.99478007103710        207.45619537898816        274.98432363150783        349.85871798007702        431.49356388115933     
   11.353195339077612        6.1947956995251339        27.013885776945870        61.102368950945937        105.65230398451034        160.35628715567995        224.62974220410632        297.75447984576306        379.06742542741625        467.98373676116711     
   12.430488295695186        7.0271923532106726        29.889565255209387        66.589356724912207        114.48992417666733        173.40471797989255        242.75685379900065        321.80938628288823        409.96322854781624        506.61556267283152     
   13.610004466105526        7.9459937756579073        32.953693497182755        72.361084096336683        123.78978059696185        187.16364700400538        261.86558216430763        347.19559295108030        442.57521768014925        547.44244785258491     
   14.901443705277449        8.9555864398994309        36.206773176517785        78.423767185421099        133.56160567259485        201.64550330136780        281.99006464000104        373.95043994913419        476.95802332038272        590.53900098123097     
   16.315426277379739        10.060018274420436        39.648778476324267        84.784396776710963        143.82099562865056        216.85704362595746        303.15332032597831        402.09763458344872        513.17925146949381        635.96450551757380     
   17.863580192457370        11.262987734133812        43.279132232051403        91.450630038088548        154.58636663221108        232.81543007965317        325.36537921621647        431.65716946010861        551.26005709862068        683.77769181586768     
   19.558636830395095        12.567870680370858        47.096074812077241        98.431593727522142        165.87506664435506        249.54674164402010        348.64676720333472        462.65203710640799        591.21000230540801        734.01393677507451     
   21.414535638539547        13.977680103946625        51.096064475037537        105.73551795609160        177.70439284026483        267.07228746454365        373.03210198620832        495.11541195364020        633.07227947171100        786.68235785227762     
   23.446538763970572        15.495126591738586        55.274859339104637        113.36701868400934        190.08913029874205        285.41305842494552        398.54279547268271        529.08927648576400        676.89792790305171        841.85769998414639     
   25.671356563109935        17.122387132819757        59.629523606301738        121.32759782285753        203.03760725331995        304.59142113112136        425.19452322840721        564.59093932548069        722.73346656267961        899.60657321085523     
   28.107285020807289        18.860932834613308        64.160043639635731        129.61958321181703        216.55585661125582        324.62482407364024        453.02969038463397        601.64132718041117        770.56750270426016        959.90667034408762     
   30.774356208980628        20.711760820451349        68.868296772876505        138.25249027976460        230.64822654130623        345.51556066151272        482.08330423273020        640.30863815821863        820.48513135731457        1022.8888483114978     
   33.694503022121602        22.675560553434206        73.753802441723977        147.24600998301941        245.31964157467758        367.25123355946698        512.33262109444127        680.64297716269721        872.61102461666746        1088.6678918009304     
   36.891739544382439        24.752514079430309        78.813696152184093        156.62104571924164        260.58618251667104        389.85373121412198        543.73143646811786        722.53645666077762        926.78984649061067        1157.0236927098995     
   40.392358531509046        26.941955445340980        84.049914251867605        166.38137232738367        276.48525777227707        413.34377288927595        576.36189611676696        765.98851961193714        983.01808053221225        1228.2235932194126     
   44.225147631630513        29.242817964439670        89.470011260560526        176.51615492619399        293.03409494234160        437.71460335118041        610.28252013181248        811.23103034724954        1041.6155872630300        1302.3707596441952     
   48.421626123015102        31.653670965006842        95.077113144643960        187.02796570475147        310.17954986284718        463.06897728006243        645.36753996967821        858.05118792842700        1102.1787437663993        1378.8168470614576     
   53.016304115627769        34.172296627904501        100.87086039821318        197.94608859373471        327.94267725103623        489.38787359577924        681.83067094901048        906.49004818809578        1164.8567622431513        1458.3982244826234     
   58.046966348054411        36.796087027745145        106.85561116659370        209.28773215476201        346.41618686696199        516.47305037391152        719.71768688809493        957.08480942946971        1230.4253258969734        1541.3336383919723     
   63.554982913623071        39.521992451200084        113.03719688801804        221.02685567715434        365.50035470449939        544.55889044808396        758.55098740847427        1009.0627558607085        1297.7408517677952        1626.3324358444636     
   69.585649471004459        42.346358408976116        119.41696013747338        233.16868782433306        385.19265901124555        573.80751257358622        798.85132348015543        1062.5674358920887        1367.1811124727164        1714.9921863377531     
   76.188559737046049        45.265303383606664        125.99461252453996        245.77831011870816        405.69569867137386        603.71697373397490        840.85750082625907        1118.6183303551536        1439.8384568252616        1806.7463414168028     
   83.418013325063441        48.274227463455489        132.78889996899412        258.79859769713278        426.76990639595743        634.65860696708728        883.54742625027075        1175.8072895856328        1513.8213916724237        1900.2861881698309     
   91.333462282486295        51.368545120546045        139.80816034165269        272.19112993596201        448.41600186610475        666.94548067790390        927.96534718082387        1234.7951142982863        1590.6474473125932        1998.7480321905623     
   100.00000000000004        54.543852003647494        147.03179855757892        286.12436114485314        471.03391209449160        699.66192460786635        974.14234587446572        1296.5402086960262        1670.6185381875339        2099.1813926939190     
