   1.0000000000000002E-003   1.5665633928392469E-008   3.4712246949839909E-008   5.9946526638426892E-008   8.9596170745828245E-008   1.2153663429956570E-007   1.5375611765097356E-007   1.8469932640540669E-007   2.1341389384022022E-007   2.3937183250099488E-007
   1.0948889651276870E-003   2.2367374626534096E-008   4.9557442595528398E-008   8.5580549595294010E-008   1.2790536909215657E-007   1.7350089773106388E-007   2.1949476898935635E-007   2.6366626766983079E-007   3.0465646272106322E-007   3.4171238590030849E-007
   1.1987818459583783E-003   3.1920407064000160E-008   7.0716728679318256E-008   1.2211507492413823E-007   1.8250592174493989E-007   2.4756296060016220E-007   3.1318838720702024E-007   3.7621295534817859E-007   4.3469836829791023E-007   4.8757141637609212E-007
   1.3125330147352270E-003   4.5528058290574581E-008   1.0085397145026331E-007   1.7415009639099725E-007   2.6027077542959938E-007   3.5304446156467655E-007   4.4662882110226767E-007   5.3650535484813294E-007   6.1990823658337171E-007   6.9530590778399927E-007
   1.4370779141993756E-003   6.4894255976919266E-008   1.4374181334864374E-007   2.4819933140277716E-007   3.7093196353544783E-007   5.0314726495381652E-007   6.3651666624468724E-007   7.6460231463251950E-007   8.8346293185496476E-007   9.9091481325271309E-007
   1.5734407502856105E-003   9.2431488637118727E-008   2.0472168047050727E-007   3.5348303587018565E-007   5.2826986648945941E-007   7.1656155038188863E-007   9.0649629903110002E-007   1.0889055184120982E-006   1.2581764793215661E-006   1.4112005143080581E-006
   1.7227429147699432E-003   1.3154419962841084E-007   2.9132991422700256E-007   5.0301118350085832E-007   7.5172581817712559E-007   1.0196527228662997E-006   1.2899201043083636E-006   1.5494803777520797E-006   1.7903448101198386E-006   2.0080867765990600E-006
   1.8862122071335180E-003   1.8703294895543247E-007   4.1419302440673637E-007   7.1512965233797063E-007   1.0687077442694731E-006   1.4496020526054470E-006   1.8338231630065259E-006   2.2028191089003251E-006   2.5452350314427326E-006   2.8547831728001955E-006
   2.0651929314796274E-003   2.6564863101527561E-007   5.8825732117797647E-007   1.0156304730405116E-006   1.5177645381256351E-006   2.0586842123681470E-006   2.6043269345387861E-006   3.1283490872163174E-006   3.6146255622934358E-006   4.0542219677213966E-006
   2.2611569515367451E-003   3.7686809528749715E-007   8.3448537583615208E-007   1.4407156209792835E-006   2.1529804645890257E-006   2.9202610860323172E-006   3.6942401571409243E-006   4.4375424771383672E-006   5.1273002089413703E-006   5.7508532368203502E-006
   2.4757157946593421E-003   5.3395172842339472E-007   1.1822368308863716E-006   2.0410380099865382E-006   3.0500380144432435E-006   4.1369724187107081E-006   5.2333829790852529E-006   6.2863430280542026E-006   7.2634521077117635E-006   8.1467558458061385E-006
   2.7106339043648361E-003   7.5540490026422842E-007   1.6724520799727892E-006   2.8872647447056228E-006   4.3145355173900154E-006   5.8520257064608993E-006   7.4029185096804334E-006   8.8923376201391201E-006   1.0274460687231273E-005   1.1523906847744231E-005
   2.9678431503900389E-003   1.0669853804218258E-006   2.3621323993730605E-006   4.0777685768496915E-006   6.0934203309532414E-006   8.2647224467023954E-006   1.0454925579109462E-005   1.2558308173459503E-005   1.4510153328955476E-005   1.6274607201873062E-005
   3.2494587155918438E-003   1.5044338807515584E-006   3.3303377472575255E-006   5.7489801892747042E-006   8.5905261997796693E-006   1.1651474933088123E-005   1.4739052383411586E-005   1.7704197388149027E-005   2.0455689237901497E-005   2.2943030391269227E-005
   3.5577964903394962E-003   2.1171450866700889E-006   4.6863260865906203E-006   8.0894359740329693E-006   1.2087523250500199E-005   1.6394245225430283E-005   2.0738370654996720E-005   2.4910263257015752E-005   2.8781537753171302E-005   3.2280994403447852E-005
   3.8953921174427275E-003   2.9731845540505830E-006   6.5806094922895246E-006   1.1358846264555177E-005   1.6972324451140440E-005   2.3019070713867007E-005   2.9118267429476460E-005   3.4975531309830472E-005   4.0410660917685815E-005   4.5323822939468834E-005
   4.2650218442334201E-003   4.1659363463125989E-006   9.2197473022260408E-006   1.5913496575528420E-005   2.3777140107142020E-005   3.2247567536025030E-005   4.0791365702037212E-005   4.8996081178522675E-005   5.6609414890527688E-005   6.3491747579204073E-005
   4.6697253532797080E-003   5.8230546139952330E-006   1.2885903710550664E-005   2.2240102547907968E-005   3.3228958063645359E-005   4.5065445289078827E-005   5.7004074145512130E-005   6.8468794952322810E-005   7.9107117201650444E-005   8.8723704556850508E-005
   5.1128307594829414E-003   8.1182155022776127E-006   1.7962913376203615E-005   3.1000736599896253E-005   4.6316385749126938E-005   6.2813018345920564E-005   7.9451942329768655E-005   9.5429946055810267E-005   1.1025569784231029E-004   1.2365735223205263E-004
   5.5979819791232878E-003   1.1286406655513528E-005   2.4970072083111869E-005   4.3091098250655886E-005   6.4377055150549164E-005   8.7303683003378004E-005   1.1042732757731094E-004   1.3263214700671229E-004   1.5323524077352465E-004   1.7185834769491010E-004
   6.1291686959257363E-003   1.5644214487013096E-005   3.4606837149451195E-005   5.9716720750674545E-005   8.9211137888022611E-005   1.2097764775161545E-004   1.5301618347026162E-004   1.8378016814088401E-004   2.1232401821750848E-004   2.3812513728575565E-004
   6.7107591705751436E-003   2.1615090178323050E-005   4.7808287531388781E-005   8.2490299848465005E-005   1.2322602211985059E-004   1.6709780693904648E-004   2.1134320314134038E-004   2.5382761559006057E-004   2.9324510888364687E-004   3.2887274474342840E-004
   7.3475361634921530E-003   2.9761886979461109E-005   6.5817069781381340E-005   1.1355344724600457E-004   1.6961832210018229E-004   2.2999695463285280E-004   2.9088648894519154E-004   3.4934962365788493E-004   4.0358944130690247E-004   4.5261068649223165E-004
   8.0447362662841772E-003   4.0832614017615559E-005   9.0284095125616482E-005   1.5575027148255754E-004   2.3263339865740398E-004   3.1542712866879314E-004   3.9891640561622201E-004   4.7907364484776839E-004   5.5343585507439716E-004   6.2063979417138261E-004
   8.8080929653170624E-003   5.5784980222210068E-005   1.2332141635909997E-004   2.1272024427325441E-004   3.1770154201378096E-004   4.3074420124509269E-004   5.4473157915097459E-004   6.5415984745935190E-004   7.5566631197023014E-004   8.4739723955483545E-004
   9.6438837915444661E-003   7.5865052586549135E-005   1.6767773881510586E-004   2.8919768348035596E-004   4.3188620724904402E-004   5.8552007677743279E-004   7.4042151357029773E-004   8.8911417846741726E-004   1.0270312042933391E-003   1.1516523104890054E-003
   1.0558981944335792E-002   1.0264619002897478E-004   2.2682178128400891E-004   3.9115518981557929E-004   5.8409678595007009E-004   7.9181906888141471E-004   1.0012293642330209E-003   1.2022225763936951E-003   1.3886287062206393E-003   1.5570405396931977E-003
   1.1560912813835747E-002   1.3815296852590854E-004   3.0521214343002097E-004   5.2626603194904991E-004   7.8577333347655336E-004   1.0651277385034948E-003   1.3467145623101055E-003   1.6169450317228766E-003   1.8675247373900862E-003   2.0938794364330315E-003
   1.2657915866672035E-002   1.8485198387848306E-004   4.0827973343294702E-004   7.0387426140189639E-004   1.0508411856347307E-003   1.4242948630841523E-003   1.8006820962891401E-003   2.1618139977965952E-003   2.4966153403041544E-003   2.7990040129300649E-003
   1.3859012403933871E-002   2.4570609131926199E-004   5.4254314204121553E-004   9.3518829611458879E-004   1.3960080712265980E-003   1.8919235138693700E-003   2.3916245778496689E-003   2.8709841696674091E-003   3.3152922385719565E-003   3.7164447531467266E-003
   1.5174079748634946E-002   3.2421034657177905E-004   7.1569358457717052E-004   1.2334282328003651E-003   1.8409580996033728E-003   2.4946228894003105E-003   3.1531239324167253E-003   3.7846259085696425E-003   4.3697600763773778E-003   4.8979348639809697E-003
   1.6613932472747905E-002   4.2435483966278743E-004   9.3649237270443245E-004   1.6136410191954179E-003   2.4080655206992711E-003   3.2626147238243031E-003   4.1232413711685600E-003   4.9483021067398669E-003   5.7124887176553743E-003   6.4019874740065411E-003
   1.8190411331788243E-002   5.5048243329870023E-004   1.2144746932786306E-003   2.0921852248026074E-003   3.1216561898502948E-003   4.2287178060526282E-003   5.3432517268239962E-003   6.4112570935129232E-003   7.3999863999575470E-003   8.2916325902312113E-003
   1.9916480638308576E-002   7.0708929416177224E-004   1.5594841525865583E-003   2.6859289436491174E-003   4.0067771920332370E-003   5.4266669012259516E-003   6.8554576006529680E-003   8.2238488601528489E-003   9.4899151403903710E-003   1.0630994146993028E-002
   2.1806334875063296E-002   8.9852652403995474E-004   1.9810508534595333E-003   3.4111823141772554E-003   5.0875432919553227E-003   6.8888068000782987E-003   8.7003720089527774E-003   1.0434203453658024E-002   1.2037186384406259E-002   1.3480763290589197E-002
   2.3875515424585839E-002   1.1287089580897134E-003   2.4877140267277882E-003   4.2825111716359296E-003   6.3854774718283885E-003   8.6439036073009956E-003   1.0913721172961641E-002   1.3084357369437439E-002   1.5089349238034412E-002   1.6893314067884004E-002
   2.6141038375114913E-002   1.4008945640246488E-003   3.0865575061111224E-003   5.3119551654616974E-003   7.9182683202473868E-003   1.0715486828429160E-002   1.3524448481878592E-002   1.6208070223688441E-002   1.8684316225857180E-002   2.0909871581014927E-002
   2.8621534453892730E-002   1.7178776898592479E-003   3.7836815141774321E-003   6.5098982211437397E-003   9.7011341152128568E-003   1.3123611478933886E-002   1.6557261078457060E-002   1.9833949783304626E-002   2.2853698736301595E-002   2.5564501499563956E-002
   3.1337402238589059E-002   2.0829952021670902E-003   4.5863768524880581E-003   7.8887800636994118E-003   1.1752406948323364E-002   1.5892712824225629E-002   2.0042029958452223E-002   2.3996767819084362E-002   2.7636598070802893E-002   3.0899591223661049E-002
   3.4310975906798831E-002   2.5024646022466217E-003   5.5082763332672006E-003   9.4720697749005271E-003   1.4106913775896252E-002   1.9069445922172096E-002   2.4037098545478631E-002   2.8765621139105992E-002   3.3111667477547617E-002   3.7002469162283447E-002
   3.7566708903115982E-002   2.9872447597506790E-003   6.5735636020381035E-003   1.1301383941187603E-002   1.6826655807746376E-002   2.2737473079442953E-002   2.8647644131595901E-002   3.4265960373149995E-002   3.9423009504799877E-002   4.4034220843142062E-002
   4.1131375034185735E-002   3.5605590981826747E-003   7.8333302190568138E-003   1.3464555133517415E-002   2.0042219103154457E-002   2.7072929417787845E-002   3.4095169752898849E-002   4.0762518648063142E-002   4.6875176536544855E-002   5.2335014439879174E-002
   4.5034288645458394E-002   4.2681789583110278E-003   9.3880234933791072E-003   1.6133621514543915E-002   2.4008568390671531E-002   3.2418322777334453E-002   4.0808652616288986E-002   4.8765841400474588E-002   5.6053522789816498E-002   6.2557332429291429E-002
   4.9307545690287481E-002   5.1699416893580567E-003   1.1368493290136488E-002   1.9532063590518858E-002   2.9055244492308004E-002   3.9214294207574267E-002   4.9337760540603383E-002   5.8927393411505165E-002   6.7701453145161142E-002   7.5525909247522047E-002
   5.3986287673825017E-002   6.3294893376915065E-003   1.3913589244268752E-002   2.3895181111145213E-002   3.5527161482829805E-002   4.7919218063358991E-002   6.0250510689497688E-002   7.1916434903219500E-002   8.2578438225346773E-002   9.2077667623784429E-002
   5.9108990642279875E-002   7.8156343077748023E-003   1.7172091591402979E-002   2.9473703332233394E-002   4.3788227774723895E-002   5.9011529084591223E-002   7.4134001850364811E-002   8.8417554936381426E-002  0.10145333885978787       0.11305315781066068     
   6.4717781594067936E-002   9.6158939257705838E-003   2.1115211484599761E-002   3.6215347276858975E-002   5.3757292713260907E-002   7.2379008481427975E-002   9.0844213110888028E-002  0.10825518911371608       0.12412029206338568       0.13821815219629616     
   7.0858784914888756E-002   1.1612192549613052E-002   2.5485835967958306E-002   4.3685729272179438E-002   6.4804352881880078E-002   8.7197183901993075E-002  0.10937582324020297       0.13026218074346016       0.14927185568451223       0.16614797409327459     
   7.7582501685667909E-002   1.3539852195652980E-002   2.9714290564446889E-002   5.0939265068710375E-002   7.5585475786001735E-002  0.10174134999408388       0.12766342050059545       0.15208327071569319       0.17431590389174501       0.19406230350250933     
   8.4944224982638025E-002   1.5197734878714904E-002   3.3378928297763677E-002   5.7303004698507895E-002   8.5191696384614907E-002  0.11490539559525033       0.14444988681503890       0.17235687173870062       0.19782859854768661       0.22050997963765726     
   9.3004494584813954E-002   1.6708989792326642E-002   3.6763696920868789E-002   6.3300450084160673E-002   9.4453408119915275E-002  0.12785876304570978       0.16124689389123387       0.19292812049550698       0.22197020716043556       0.24793897541774626     
  0.10182959482819059        1.8655883658810369E-002   4.1131737588727083E-002   7.1063396823237424E-002  0.10645215920782183       0.14460670266310813       0.18290375934833872       0.21939043017630611       0.25297446719192984       0.28312294469958049     
  0.11149209970080924        2.1876334857582096E-002   4.8264352460816867E-002   8.3511248655319129E-002  0.12526092284176399       0.17026678323296032       0.21543345911246536       0.25849646149539202       0.29818906441206611       0.33387888174836239     
  0.12207146966133181        2.6548722552642477E-002   5.8513468971054930E-002  0.10115386525460260       0.15146417394747072       0.20542493227468830       0.25939024372869030       0.31075125760198891       0.35805952639834487       0.40058878149604699     
  0.13365470508911154        3.1172473215625825E-002   6.8731631255264505E-002  0.11890847093918014       0.17803318078262584       0.24135856823553858       0.30471108354982501       0.36509121144110673       0.42080622331139683       0.47098137920714311     
  0.14633706173946351        3.4009475960794268E-002   7.5404791953900915E-002  0.13136197258042515       0.19790966287727202       0.26984132517051718       0.34247742044586699       0.41228897677794796       0.47716451131171994       0.53593525562052780     
  0.16022283408774773        3.6394819510247353E-002   8.1422940660841200E-002  0.14330191077212234       0.21790957160122762       0.29964057353160939       0.38318077117239951       0.46427930801391798       0.54024334549319986       0.60949738075577919     
  0.17542621300415920        4.1836818815342465E-002   9.3907960154165249E-002  0.16567911872199279       0.25238828969325611       0.34772598419256423       0.44556465030338760       0.54088911398187212       0.63046749125823920       0.71236612535872579     
  0.19207222481239303        4.9274206386641504E-002  0.11057186729966305       0.19472480094041247       0.29613898961137020       0.40766920929775380       0.52229397537192901       0.63420738581486014       0.73963806262756537       0.83627946907600315     
  0.21029775945461360        5.3689050487825941E-002  0.12163003011297586       0.21618102296359379       0.33172435468089551       0.46041665950193772       0.59404843768876503       0.72557954350647991       0.85028458992861433       0.96518565166474923     
  0.23025269621793309        5.8246329767031708E-002  0.13350044481991732       0.23998261179083086       0.37221780610530736       0.52146773056286178       0.67802346836456973       0.83330532578407779       0.98140462405373374        1.1185168196410908     
  0.25210113627991265        6.7125493153925075E-002  0.15394774393540811       0.27689878748571611       0.43016339792376307       0.60399767901589008       0.78732323541518956       0.97014398113038403        1.1454162948607576        1.3084536788537431     
  0.27602275220902728        7.3480837919451050E-002  0.17036698316390228       0.30989363354142763       0.48650723311116023       0.68926593437033634       0.90510630838374884        1.1219362740439469        1.3310441645610254        1.5265180953056463     
  0.30221426551783803        8.0926381349005580E-002  0.18959790949575725       0.34867274036557733       0.55292263685375032       0.79006946010754942        1.0447798763375145        1.3025054809836671        1.5525366629213573        1.7874560998972882     
  0.33089106441964966        9.0349069128708867E-002  0.21316182279586318       0.39524355505379011       0.63189016051168823       0.90959165800475483        1.2105779438180244        1.5174509033834265        1.8170716339389263        2.1001170017412245     
  0.36228897509242902        9.8697145427987854E-002  0.23629184137707987       0.44459490181676120       0.71975816022120331        1.0465996022146566        1.4041382944128882        1.7713516427123657        2.1320617056183799        2.4745980730694641     
  0.39666620101612027       0.10924926522085660       0.26442601006273581       0.50344066232997764       0.82389864566888027        1.2091736631959644        1.6347154490712819        2.0751600854450247        2.5105634511030614        2.9262771581236846     
  0.43430544633167090       0.11975498766886007       0.29448883057795949       0.56941261991747871       0.94411157415992031        1.4001752301258925        1.9086483648634971        2.4388368098987723        2.9661677495839291        3.4723265848381661     
  0.47551624068340170       0.13149011751568862       0.32870330980859047       0.64577311828874762        1.0851840456672319        1.6266919400551603        2.2360765312191191        2.8761193472597872        3.5165317367341653        4.1344569109184217     
  0.52063748466325777       0.14433800465221752       0.36734031320852767       0.73409744573288371        1.2511257122637913        1.8961826513778615        2.6286554817630563        3.4033311642887369        4.1829086061886329        4.9389513159834797     
  0.57004023678963622       0.15819454668580207       0.41089960653915658       0.83657941988791784        1.4470826123053073        2.2178886683879879        3.1005908634633914        4.0402057860897882        4.9908770261505015        5.9173909937116518     
  0.62413076493974640       0.17341757019473120       0.46051846260343943       0.95626618619967518        1.6795322899708138        2.6031358730901935        3.6690936874506872        4.8104810336978137        5.9710772286411657        7.1075139112502344     
  0.68335388732923041       0.19015800848366629       0.51726287812496807        1.0966469795636060        1.9562050388480645        3.0654731661478007        4.3546249313096377        5.7421959269885257        7.1595240764068544        8.5535623027563723     
  0.74819663051388374       0.20861562577383241       0.58246714128050170        1.2620060341022972        2.2864606472481812        3.6210824547470102        5.1813221224331523        6.8680997895918123        8.5979951142616322        10.306666928401365     
  0.81919223449536838       0.22905482651735598       0.65777450326815712        1.4575459153504571        2.6815084685335946        4.2890343238232287        6.1772042289597939        8.2257503046953744        10.333998318988659        12.424697982556486     
  0.89692453786727211       0.25179129390578114       0.74517979516829302        1.6895482445961230        3.1546531418287098        5.0915055226847024        7.3742387285891891        9.8573537962725215        12.420372264665861        14.971644223418517     
  0.98203277906312625       0.27720220783098426       0.84710226267956135        1.9655461350466015        3.7214952799249286        6.0538459771779776        8.8081297493432604        11.809196883302539        14.914346395585932        18.016345376464912     
   1.0752168531898927       0.30574147340560881       0.96647241527287497        2.2945033774506167        4.4000718599137327        7.2044624177924126        10.517778702889970        14.130621752431974        17.876044383051315        21.630569130265815     
   1.1772430676769294       0.33795637852040789        1.1068252299142212        2.6869816363853123        5.2108913001108510        8.5744570657565280        12.544369615899248        16.872539677013503        21.366484069235341        25.886562633394856     
   1.2889504440725368       0.37450695560268155        1.2724070566910965        3.1552743890571779        6.1768110881754570        10.196959405111057        14.930074935865900        20.085567415462354        25.445246623415542        30.854349181038600     
   1.4112576178114535       0.41618928848742565        1.4682854938845280        3.7134844993491143        7.3227202051657354        12.106174974970054        17.716468718843597        23.817999324960546        30.168191179866550        36.599286990814846     
   1.5451703926941469       0.46396468045229439        1.7004634525930173        4.3775234513111032        8.6750165958632266        14.336178546306304        20.942875331381671        28.114000100358513        35.585748777864502        43.180557369491872     
   1.6917900122028373       0.51899041242371824        1.9759839506048857        5.1649904845158456        10.260857182191296        16.919602257441436        24.644873873685960        33.012421417969918        41.742303600768707        50.651208877477806     
   1.8523222156741213       0.58265766571784827        2.3030182292781154        6.0949223328709374        12.107253032671078        19.886381263899096        28.853389052066301        38.546715369198225        48.677204017812748        59.060248638039901     
   2.0280871538024625       0.65663545751192876        2.6909225653511579        7.1873978672928560        14.240098135813719        23.262849527603422        33.594634809858654        44.746222028210795        56.427482878733592        68.456692428593669     
   2.2205302450155360       0.74291716374061245        3.1502488870461871        8.4630139233546640        16.683267818366801        27.071395606297585        38.891118357805652        51.638783299667736        65.031891790472457        78.894770425027446     
   2.4312340619997870       0.84393077351702672        3.6928526398983399        9.9425756007454389        19.458436758853431        31.331463272296752        44.764387341160926        59.255032284502668        74.536253007107874        90.439966955594514     
   2.6619313461261318       0.96232177038312117        4.3310185721548740        11.645040371285416        22.582652864949640        36.057792518647695        51.234035081889004        67.627585953189879        84.992136934698053        103.16681319119517     
   2.9145192568009906        1.1014594293547058        5.0785073344542591        13.589325501722641        26.072127057844018        41.266796928413470        58.326071862979390        76.800097050594729        96.465598246346488        117.16720394833784     
   3.1910749729235515        1.2651469410330167        5.9493454007303130        15.792188052067740        29.940221133775069        46.974635409795660        66.070036612079818        86.822267012523156        109.02977329448781        132.54088434771583     
   3.4938727747491285        1.4577694154723515        6.9577984580366188        18.268494290987984        34.199047029822992        53.199693252872549        74.500801217065586        97.749830049999431        122.76327087895423        149.39329618430781     
   3.8254027466328799        1.6843015556324066        8.1179943070553033        21.031348225303478        38.860334812493875        59.963176259041788        83.657404094196892        109.64126412193910        137.74621784118290        167.83225176534364     
   4.1883912544574775        1.9503378983838118        9.4436303198790394        24.092375606481855        43.936113582539953        67.288994643867824        93.581092878588791        122.55519937138924        154.05879702010870        187.96749671420744     
   4.5858233661428098        2.2620635603413168        10.947739676076678        27.461985364582631        49.439111529081835        75.203178845493909        104.31297668898914        136.54837899510264        171.78098543332970        209.91163074525053     
   5.0209673996144657        2.6261985301843871        12.642494124034510        31.149689807947436        55.382658180777767        83.732507635155486        115.89215921213358        151.67572106132792        190.99358680603191        233.78031242500700     
   5.4974018001037450        3.0499476060421689        14.539213687306978        35.164248562242534        61.780605075875108        92.903168692909063        128.35483690969448        167.99171347857845        211.77925532483434        259.69036956742940     
   6.0190445678066622        3.5409098659769187        16.648316335404878        39.513702376644460        68.647166596091409        102.73943115429346        141.73515844432376        185.55168936606731        234.22065366928905        287.75451238545332     
   6.5901854779032725        4.1069675265251915        18.979471359551898        44.205262537501397        75.996345686946427        113.26259003408677        156.06629968327135        204.41099180966594        258.39556847131956        318.07270812981886     
   7.2155213579010242        4.7561601917856500        21.541501131325120        49.245170889332897        83.841348415172291        124.49099863698842        171.38159652347389        224.62211654741338        284.37008185502015        350.72864710388887     
   7.9001947124089602        5.4965920817185374        24.342420347953990        54.638449103929609        92.193960069791018        136.44098093548456        187.71410485607410        246.22961082970988        312.19637498305622        385.80135792752105     
   8.6498360129766851        6.3363293451795730        27.389323133142288        60.389220250771601        101.06352838951943        149.12844376343227        205.09424169251096        269.26605061011503        341.92348417752908        423.38114670911921     
   9.4706100007722398        7.2833331172627513        30.688210591875187        66.500480342189576        110.45692658817661        162.56967259728935        223.54556615955391        293.75657987272928        373.61034521692665        463.56233664352874     
   10.369266382873457        8.3453643793909986        34.243723715745745        72.974213226862290        120.37819211916020        176.78044230897885        243.08194652187314        319.73198393099096        407.31736125619034        506.41279274003085     
   11.353195339077612        9.5300223595535787        38.059235492867970        79.811727344877880        130.83041957055272        191.77441490774945        263.71269193354425        347.23087662459204        443.08273344939533        551.97230735294295     
   12.430488295695186        10.844565491175540        42.136207434914859        87.013005896608149        141.81606399993481        207.55868072001371        285.45200289803745        376.27965820422236        480.92095177782647        600.29345409074040     
   13.610004466105526        12.296000622378726        46.474519329174868        94.577072180523047        153.33890483885639        224.13352271880893        308.32031610570090        406.88094608961387        520.86175833910772        651.43697263903948     
   14.901443705277449        13.890900940711873        51.072073245579034        102.50112279867589        165.40290630958899        241.49721471747179        332.32785396080845        439.03855952252815        562.93834302738935        705.41720336730589     
   16.315426277379739        15.635321726684548        55.924904582205222        110.78034195778217        178.01052392500594        259.65494366973400        357.46638956006501        472.77230934214685        607.14409048952564        762.25271397673055     
   17.863580192457370        17.534830525530619        61.027558380693669        119.40903837323388        191.16088271272190        278.61606410835481        383.73141420565901        508.07925996923132        653.48484567187757        821.96775116270919     
   19.558636830395095        19.594328864804567        66.373077198193371        128.38069693916444        204.84755086673800        298.37922630575542        411.13064085824271        544.94117844770813        701.96397791652794        884.54781413966998     
   21.414535638539547        21.817867148303069        71.953385405046291        137.68964191096575        219.06316880666563        318.92872310945506        439.65242441689844        583.36418146436745        752.55896765829789        949.99719491350322     
   23.446538763970572        24.208651325569072        77.759639250472333        147.33179352333016        233.80713457781522        340.25901467487421        469.27711131253972        623.31673764613208        805.26002210293200        1018.2902596469886     
   25.671356563109935        26.768876063253103        83.782793496554717        157.30476367438365        249.08300318517880        362.37164036986530        500.00185727608061        664.79311627516790        860.03876659960758        1089.3997657697571     
   28.107285020807289        29.499519991177660        90.013376470954711        167.60621717454154        264.88753522570943        385.24913976319453        531.79841978901197        707.75030993831797        916.86110550455908        1163.3101013807993     
   30.774356208980628        32.400455217160165        96.442383349806974        178.23246323229969        281.20567890233150        408.87433376525860        564.65604653199841        752.19214141243697        975.71300945716143        1239.9364464815603     
   33.694503022121602        35.470176788659806        103.06024678133456        189.17656025641708        298.03154516288953        433.24468642052278        598.53889507999179        798.03237861351022        1036.5092623990838        1319.3150926185469     
   36.891739544382439        38.705778999578051        109.85760882230618        200.43095225171390        315.36394580703598        458.32882416791864        633.44270208623425        845.32901565457018        1099.2917382416438        1401.2604769558839     
   40.392358531509046        42.102844309913550        116.82447414284194        211.99360568852657        333.19324250537204        484.12819631085853        669.31132552800682        893.90110230044456        1163.8717704413950        1485.9270679000865     
   44.225147631630513        45.655521238144345        123.95112317463891        223.86717380927152        351.49716737712100        510.59461263907298        706.15676606226464        943.94151297144367        1230.4357227301998        1572.9372405591791     
   48.421626123015102        49.356748441160171        131.22793252569363        236.04922809331890        370.28916704550147        537.75567045854825        743.89880029599863        995.06219695951881        1298.5858063936773        1662.7024446050764     
   53.016304115627769        53.198545322390103        138.64793008102217        248.52890585171323        389.51384790138519        565.51333348354103        782.58020700088309        1047.7331989262209        1368.7544679468147        1754.4803758856362     
   58.046966348054411        57.172216120960172        146.20727303334314        261.29735534339051        409.21817375834422        593.95298327751618        822.05559540752324        1101.2008858859003        1440.2789587685334        1849.1771342970203     
   63.554982913623071        61.267585054965814        153.90733172503479        274.35891872373503        429.29198466915750        622.89775375939894        862.47030776538998        1156.3796937660370        1513.8037927938369        1945.3533980755194     
   69.585649471004459        65.472577267230477        161.74687409136891        287.71223093020882        449.86232915584594        652.52160670690887        903.50823666406586        1211.9883358802374        1588.5512875768868        2044.8405418498808     
   76.188559737046049        69.773797987967939        169.72545241767102        301.34349565231980        470.73120919485393        682.58409307175043        945.58897126578256        1269.5457635749706        1665.1284422469332        2145.0157202265418     
   83.418013325063441        74.159251406385152        177.82685844252291        315.25468998297731        492.12035930957785        713.28991020313879        988.01918940920882        1327.1204380484410        1743.0311181714919        2249.1371813289038     
   91.333462282486295        78.618163923992014        186.06000752317524        329.41377090357537        513.71916629285090        744.43553627130530        1031.7560143165827        1386.9293755446188        1822.2905988770733        2353.0242611726953     
   100.00000000000004        83.137575350733741        194.41409550032694        343.82526043709544        535.81253365847533        776.04419303632358        1075.3736765871631        1446.3835844721550        1903.4504842428639        2461.5011432624669     
