   1.0000000000000002E-003   2.5755851987806923E-008   5.7051382970938490E-008   9.8517850710711777E-008   1.4723907137214001E-007   1.9972981852022691E-007   2.5268105555902044E-007   3.0353648921786974E-007   3.5068757496835561E-007   3.9336445590409717E-007
   1.0948889651276870E-003   3.6758259416281810E-008   8.1422644814790366E-008   1.4060280001078884E-007   2.1013680223055916E-007   2.8505059981250251E-007   3.6062159521672442E-007   4.3320149281285337E-007   5.0049460764603567E-007   5.6140221514500857E-007
   1.1987818459583783E-003   5.2436203543047482E-008   1.1615061674251038E-007   2.0057199686208702E-007   2.9976329731541149E-007   4.0662895378264325E-007   5.1443210390062418E-007   6.1796839486425394E-007   7.1396299637138020E-007   8.0084856252844056E-007
   1.3125330147352270E-003   7.4762362312230976E-008   1.6560494847463012E-007   2.8597107233561630E-007   4.2739582249079430E-007   5.7976249229267004E-007   7.3346580248457313E-007   8.8108549510118627E-007   1.0179523880084660E-006   1.1418317967910292E-006
   1.4370779141993756E-003   1.0653097520059073E-007   2.3597511907966030E-007   4.0748818969028225E-007   6.0900829173115367E-007   8.2611982912749874E-007   1.0451359499683554E-006   1.2554833067323204E-006   1.4505086474173052E-006   1.6270277123726761E-006
   1.5734407502856105E-003   1.5170112744026364E-007   3.3603084134139997E-007   5.8026713237113963E-007   8.6723373291483106E-007   1.1764026625061985E-006   1.4882836744477732E-006   1.7878201943721901E-006   2.0655379211928357E-006   2.3169024478239635E-006
   1.7227429147699432E-003   2.1586475978849811E-007   4.7815874428772585E-007   8.2569747732881358E-007   1.2340397775610043E-006   1.6739750717384966E-006   2.1177694331957796E-006   2.5439979001637985E-006   2.9391789030970340E-006   3.2968601765989062E-006
   1.8862122071335180E-003   3.0691766907011422E-007   6.7984869828486076E-007   1.1739812243081470E-006   1.7545645959256030E-006   2.3800669521467695E-006   3.0110559233641604E-006   3.6170693026208115E-006   4.1789389063755094E-006   4.6874909051937867E-006
   2.0651929314796274E-003   4.3598053017395784E-007   9.6573396014662508E-007   1.6676557780072866E-006   2.4923821395955613E-006   3.3809162939100016E-006   4.2772438248996998E-006   5.1380926282654109E-006   5.9362340268256229E-006   6.6586365473753624E-006
   2.2611569515367451E-003   6.1869785980216875E-007   1.3704684933003704E-006   2.3665625886777870E-006   3.5369279762282566E-006   4.7978422809392038E-006   6.0698153144981682E-006   7.2914395890458360E-006   8.4240749862626175E-006   9.4492287426582432E-006
   2.4757157946593421E-003   8.7701463447075292E-007   1.9426623358054935E-006   3.3546428606253476E-006   5.0136557425313807E-006   6.8010224284009738E-006   8.6040635156694739E-006   1.0335732408175500E-005   1.1941256040709547E-005   1.3394420874138045E-005
   2.7106339043648361E-003   1.2416495256265499E-006   2.7503600391924746E-006   4.7493978789547890E-006   7.0981759564190430E-006   9.6286717036811239E-006   1.2181355895047681E-005   1.4632989928069545E-005   1.6906027774819608E-005   1.8963357644597309E-005
   2.9678431503900389E-003   1.7555340929376620E-006   3.8886587937838727E-006   6.7150442043222807E-006   1.0035916913335927E-005   1.3613712188694967E-005   1.7222873713451606E-005   2.0689156425510363E-005   2.3902920071570743E-005   2.6811694279288345E-005
   3.2494587155918438E-003   2.4784003881252245E-006   5.4898703913008852E-006   9.4800616280368521E-006   1.4168350645448965E-005   1.9219347939471417E-005   2.4314616952078853E-005   2.9208162264296572E-005   3.3745197653297419E-005   3.7851649153697248E-005
   3.5577964903394962E-003   3.4931944364994903E-006   7.7377276759699537E-006   1.3361725236303262E-005   1.9969656722987519E-005   2.7088798193922794E-005   3.4270320025487239E-005   4.1167498348939366E-005   4.7562169002057584E-005   5.3349931505091852E-005
   3.8953921174427275E-003   4.9146538539034232E-006   1.0886384758349180E-005   1.8798915416170728E-005   2.8095757398154602E-005   3.8111811225647111E-005   4.8215594851119647E-005   5.7919287022550650E-005   6.6915948074596076E-005   7.5058701117030114E-005
   4.2650218442334201E-003   6.9009585694707873E-006   1.5286224441981008E-005   2.6396682609817906E-005   3.9450919971938740E-005   5.3515006143702909E-005   6.7702215210493032E-005   8.1327554803605227E-005   9.3960033767340258E-005   1.0539342563190888E-004
   4.6697253532797080E-003   9.6691968646938328E-006   2.1418116921522947E-005   3.6985405676540855E-005   5.5276168530639325E-005   7.4981795474608973E-005   9.4859817367092162E-005   1.1395044153024916E-004   1.3164979251114957E-004   1.4766894107363145E-004
   5.1128307594829414E-003   1.3516019938463133E-005   2.9939171515499471E-005   5.1699796175397916E-005   7.7267353663638635E-005   1.0481253221897131E-004   1.3259847701164798E-004   1.5928350685145550E-004   1.8402350469713013E-004   2.0641463455187367E-004
   5.5979819791232878E-003   1.8844365625270058E-005   4.1741932058659270E-005   7.2081116425315369E-005   1.0772791144073068E-004   1.4613170113068438E-004   1.8487078084712010E-004   2.2207447276539769E-004   2.5656590115090346E-004   2.8778210484392016E-004
   6.1291686959257363E-003   2.6199027873037894E-005   5.8033166274712245E-005   1.0021323086826819E-004   1.4977217911954729E-004   2.0316366917926774E-004   2.5702059492193973E-004   3.0874205405436117E-004   3.5669188100042671E-004   4.0008754051286313E-004
   6.7107591705751436E-003   3.6310951924539970E-005   8.0431982990962150E-005   1.3889202935921802E-004   2.0757857139463347E-004   2.8157603504149397E-004   3.5621728659779300E-004   4.2789734102510903E-004   4.9434858186235184E-004   5.5448669908198065E-004
   7.3475361634921530E-003   5.0153686290019130E-005   1.1109487692774725E-004   1.9184134254510688E-004   2.8671221413354759E-004   3.8891713342034158E-004   4.9200894708799293E-004   5.9100796030020812E-004   6.8278218213838873E-004   7.6583439986686582E-004
   8.0447362662841772E-003   6.9012517080962869E-005   1.5286886445831121E-004   2.6397735266192867E-004   3.9452000983963625E-004   5.3515168260179766E-004   6.7699957809901740E-004   8.1321085451368093E-004   9.3947602622551738E-004   1.0537357383850567E-003
   8.8080929653170624E-003   9.4565755460053672E-005   2.0947153659645198E-004   3.6171946330566931E-004   5.4059505826020747E-004   7.3329032554853891E-004   9.2764473075406288E-004   1.1142668600352711E-003   1.2872519344966778E-003   1.4437795915627008E-003
   9.6438837915444661E-003   1.2897986450624842E-004   2.8570176199662717E-004   4.9335405789641617E-004   7.3731998687042604E-004   1.0001258999002606E-003   1.2651816130105282E-003   1.5196759961979341E-003   1.7555561298020859E-003   1.9689779626048381E-003
   1.0558981944335792E-002   1.7500598709518900E-004   3.8765345971024270E-004   6.6940344012162052E-004   1.0004177099721004E-003   1.3569791375619197E-003   1.7165700495796422E-003   2.0618042634991257E-003   2.3817565381629691E-003   2.6712158681136459E-003
   1.1560912813835747E-002   2.3607765439810258E-004   5.2293213140841197E-004   9.0299980226557204E-004   1.3495099926971144E-003   1.8304550814994202E-003   2.3154467689273164E-003   2.7810257351200346E-003   3.2124565437773728E-003   3.6027180380037559E-003
   1.2657915866672035E-002   3.1637630677661349E-004   7.0080006584959662E-004   1.2101358527812772E-003   1.8084911188037760E-003   2.4529474289886363E-003   3.1027585810033645E-003   3.7264756955998272E-003   4.3043552660811920E-003   4.8270021838316577E-003
   1.3859012403933871E-002   4.2084406291195903E-004   9.3220434676257911E-004   1.6097121209476554E-003   2.4055956437287773E-003   3.2627242690962521E-003   4.1268604726322289E-003   4.9561537077470359E-003   5.7243480413140986E-003   6.4189703071703755E-003
   1.5174079748634946E-002   5.5509493105311276E-004   1.2295803187127882E-003   2.1231972608082403E-003   3.1728885342339418E-003   4.3032305200684969E-003   5.4426218600899575E-003   6.5358329290719948E-003   7.5482440653274457E-003   8.4634441342341382E-003
   1.6613932472747905E-002   7.2514761564732336E-004   1.6062591919851848E-003   2.7736029561149195E-003   4.1447270987337659E-003   5.6209888657073100E-003   7.1087497890769888E-003   8.5358145369231614E-003   9.8569792196485408E-003   1.1050874454050424E-002
   1.8190411331788243E-002   9.3692229909026468E-004   2.0753518679535836E-003   3.5835518679568894E-003   5.3548623650725010E-003   7.2616465539451823E-003   9.1827541876919102E-003   1.1024834278141967E-002   1.2729521285691362E-002   1.4269322186086633E-002
   1.9916480638308576E-002   1.1954334229481616E-003   2.6479574420902054E-003   4.5721748158019521E-003   6.8317821310599795E-003   9.2636238282723174E-003   1.1712861561150320E-002   1.4060283277849550E-002   1.6231496073215234E-002   1.8191619645107158E-002
   2.1806334875063296E-002   1.5036223064022146E-003   3.3305719076788614E-003   5.7506224209714369E-003   8.5919758256059377E-003   1.1648933269888671E-002   1.4726338665332983E-002   1.7674106893420787E-002   2.0398814447789435E-002   2.2856923361854506E-002
   2.3875515424585839E-002   1.8609879358155708E-003   4.1220506527418245E-003   7.1168090605071245E-003   1.0632058951323626E-002   1.4412466162148901E-002   1.8215901111735398E-002   2.1856440085666552E-002   2.5218734540724517E-002   2.8249452099766089E-002
   2.6141038375114913E-002   2.2621824182202949E-003   5.0105030251678022E-003   8.6500652491056582E-003   1.2920810683798096E-002   1.7511243197547668E-002   2.2126195616968769E-002   2.6539486161360610E-002   3.0611390887116372E-002   3.4277956732059030E-002
   2.8621534453892730E-002   2.6963504874446815E-003   5.9718581730951485E-003   1.0308732371861772E-002   1.5395715870735694E-002   2.0859946305847414E-002   2.6348468238246891E-002   3.1591531721871728E-002   3.6423385733160688E-002   4.0769101887723355E-002
   3.1337402238589059E-002   3.1479180094666193E-003   6.9716729582630461E-003   1.2033434558775256E-002   1.7968140287174701E-002   2.4338397138724509E-002   3.0730673027135499E-002   3.6829914918506061E-002   4.2443737908177716E-002   4.7486412695240579E-002
   3.4310975906798831E-002   3.6005066698453995E-003   7.9738829922245697E-003   1.3762384859782126E-002   2.0546576467051686E-002   2.7823683090172184E-002   3.5118947301583235E-002   4.2071894404973990E-002   4.8463854695731404E-002   5.4198826777324204E-002
   3.7566708903115982E-002   4.0438741007372617E-003   8.9562474654831092E-003   1.5458230495846969E-002   2.3077095204456048E-002   3.1245555147431828E-002   3.9428422776451415E-002   4.7220599105988435E-002   5.4377804846784845E-002   6.0794144330158312E-002
   4.1131375034185735E-002   4.4845020128549068E-003   9.9338120840845000E-003   1.7148586862521620E-002   2.5603947424759240E-002   3.4668654792143747E-002   4.3747249438242777E-002   5.2389913810405329E-002   6.0326396052227921E-002   6.7440253755905358E-002
   4.5034288645458394E-002   4.9690949614480031E-003   1.1010646679563077E-002   1.9014598236094291E-002   2.8400413898924958E-002   3.8467600399069400E-002   4.8554742864690796E-002   5.8162301136564488E-002   6.6990099862074909E-002   7.4908253003709180E-002
   4.9307545690287481E-002   5.5900444999252338E-003   1.2391506786573935E-002   2.1409981570586861E-002   3.1995183684499759E-002   4.3359503351412892E-002   5.4758061410201474E-002   6.5627337802435751E-002   7.5627234547710406E-002   8.4608449666655997E-002
   5.3986287673825017E-002   6.4830124624696232E-003   1.4375707885909623E-002   2.4848593760681097E-002   3.7150391646689526E-002   5.0369121001437908E-002   6.3641511209264270E-002   7.6312952855500882E-002   8.7985877622806796E-002   9.8482694049781744E-002
   5.9108990642279875E-002   7.8377035659780697E-003   1.7379036305694109E-002   3.0037679795180697E-002   4.4903171059942196E-002   6.0873381307170529E-002   7.6907842601818113E-002   9.2217839688555403E-002  0.10632333324460976       0.11900878301977573     
   6.4717781594067936E-002   9.8472907164261492E-003   2.1820187778312430E-002   3.7678530449745923E-002   5.6262928808277844E-002   7.6185123398559360E-002   9.6145946727708292E-002  0.11516715782052186       0.13265877430969572       0.14836172198466596     
   7.0858784914888756E-002   1.2558282971942955E-002   2.7791166421425904E-002   4.7905550346087553E-002   7.1390426337147525E-002   9.6468097551947352E-002  0.12149703365110549       0.14525741281861873       0.16702975096261921       0.18651448259326520     
   7.7582501685667909E-002   1.5659430919438125E-002   3.4602745477944140E-002   5.9534413710223277E-002   8.8536174768057821E-002  0.11938839447989963       0.15006297896422049       0.17907357955099359       0.20556732420134194       0.22921152140869833     
   8.4944224982638025E-002   1.8338887527468397E-002   4.0493947029525093E-002   6.9622677672596028E-002  0.10349131456357283       0.13951483447958282       0.17531664905155817       0.20915875914744991       0.24005650189094815       0.26763424271476349     
   9.3004494584813954E-002   1.9648987002986527E-002   4.3450471547146048E-002   7.4901950409427029E-002  0.11174171211887557       0.15123265905362357       0.19075417548300422       0.22834364497688359       0.26285947291224926       0.29383015709306204     
  0.10182959482819059        1.9492271905268758E-002   4.3331420776085768E-002   7.5302928385520440E-002  0.11345288061965765       0.15508722144653259       0.19740739863304560       0.23820769729259483       0.27611781924451589       0.31048248898672637     
  0.11149209970080924        1.9373077963665008E-002   4.3413266590822022E-002   7.6340676869710064E-002  0.11656218466294478       0.16135932201335751       0.20766992799619308       0.25296104866681890       0.29555415887313724       0.33455015515314335     
  0.12207146966133181        2.1745100518043018E-002   4.8883393093200729E-002   8.6404019846322358E-002  0.13260735051459777       0.18433009941026920       0.23802864368052620       0.29076452746377118       0.34055065866404827       0.38628543321311859     
  0.13365470508911154        2.8244203104603065E-002   6.3026514468348352E-002  0.11043439303938521       0.16780603514609599       0.23099419182207331       0.29581099133844402       0.35895049653837269       0.41824174053051599       0.47252243612380163     
  0.14633706173946351        3.6191027370683221E-002   8.0096344281071347E-002  0.13896842793599601       0.20889012553165809       0.28471129328323369       0.36167524157183856       0.43616591876376665       0.50586384492938197       0.56956141474059008     
  0.16022283408774773        3.8904867251681831E-002   8.6568885076892643E-002  0.15133414902557243       0.22919481988178012       0.31468945522234432       0.40253276815664585       0.48846235084900974       0.56957930382167488       0.64425300606180314     
  0.17542621300415920        3.6327599715808102E-002   8.2882605415661961E-002  0.14926929404201578       0.23259227643559471       0.32743960745701373       0.42762529136775695       0.52760797622502476       0.62333203539513582       0.71233527489729420     
  0.19207222481239303        3.9148135054240238E-002   9.0393564611459767E-002  0.16484714595152536       0.25974765850601095       0.36918449833429334       0.48593097350700742       0.60330014395275144       0.71630010716137771       0.82183364334392228     
  0.21029775945461360        5.1112375635182415E-002  0.11556843056899382       0.20595782174761129       0.31823473171663524       0.44585249653172976       0.58118436585893729       0.71716887624729797       0.84841954454569013       0.97147385474656267     
  0.23025269621793309        5.6571215737718360E-002  0.12846671790167274       0.23018002296361370       0.35795082057656685       0.50486202555457904       0.66226947539091274       0.82182527507343828       0.97694588314979114        1.1232522805573009     
  0.25210113627991265        5.4000101289639051E-002  0.12761686839772315       0.23798055794729295       0.38278534682253762       0.55397076976632031       0.74038533814534746       0.93112382925844683        1.1176363647939611        1.2942614718873715     
  0.27602275220902728        6.4605954647968394E-002  0.15067508936445315       0.27803475454327697       0.44465457412345699       0.64240920742846952       0.85934186727371342        1.0831299856002481        1.3036547085673211        1.5139148284202459     
  0.30221426551783803        7.2691052403510550E-002  0.16962256004023160       0.31413842162618888       0.50535943581435760       0.73504601046893669       0.98975192392003997        1.2549042416604308        1.5181388546018322        1.7706661278708238     
  0.33089106441964966        7.3499521463150502E-002  0.17812551478246078       0.34132953709814284       0.56330366010197519       0.83400485410427005        1.1369185841222642        1.4542906688886121        1.7710379865530737        2.0763283584816912     
  0.36228897509242902        8.6419819699772721E-002  0.20587506914008893       0.39141169665919023       0.64615371382835829       0.96120470650123890        1.3183664833784019        1.6964963081151416        2.0769504292199374        2.4460235768071783     
  0.39666620101612027        8.9296459874731310E-002  0.22077046336748060       0.43290516835752674       0.73041427572770112        1.1029339464526950        1.5289293372017623        1.9830999986689455        2.4427954355797481        2.8910888459734467     
  0.43430544633167090       0.10086938357134782       0.24855029975937884       0.49004518489356452       0.83497105910289426        1.2737830857342294        1.7815752135860901        2.3276912889020136        2.8841808761361234        3.4299032569542631     
  0.47551624068340170       0.10699827488917610       0.27189317018118969       0.54964277318448640       0.95369455488739563        1.4742760489693043        2.0824282491177666        2.7413267378078472        3.4167919238378199        4.0826479903435917     
  0.52063748466325777       0.11790629075420776       0.30266702268965545       0.62138331820171400        1.0946228379098837        1.7132900340123707        2.4433024012030788        3.2399899101669356        4.0614057984756196        4.8751853247427883     
  0.57004023678963622       0.12767096394062874       0.33524395208170205       0.70321855768681774        1.2602780675829230        1.9981423443232940        2.8766469921673297        3.8416505298244839        4.8418106568928936        5.8373138923622907     
  0.62413076493974640       0.13815806393654667       0.37219717768373950       0.79868734126115359        1.4567207569281653        2.3392096129114068        3.3984549233631092        4.5686914126340019        5.7872079134160685        7.0053041590252727     
  0.68335388732923041       0.15012105669743719       0.41466721042648536       0.91060825955412117        1.6904200432666214        2.7483251909397448        4.0270978941707058        5.4467280410006156        6.9308687339652710        8.4203666760955205     
  0.74819663051388374       0.16367925429953492       0.46342096110175102        1.0422214247540080        1.9691498619670049        3.2395405538600848        4.7840657880502002        6.5053417124880504        8.3108463048863648        10.129338827669262     
  0.81919223449536838       0.17823893819037459       0.51926381458573001        1.1974263338873938        2.3020470575984566        3.8290824276556950        5.6937684259770309        7.7776568361253204        9.9692958568380714        12.183752143332191     
  0.89692453786727211       0.19411010653108721       0.58363876005853166        1.3809729294640174        2.6998649865310016        4.5356125224667023        6.7836614707475738        9.3002371487285540        11.952099469690250        14.639184853246910     
  0.98203277906312625       0.21168643348091762       0.65819785777417694        1.5985101779030015        3.1751507919349531        5.3802950381200194        8.0840398317937332        11.112513047286336        14.307899663627282        17.553913488214874     
   1.0752168531898927       0.23122728521593544       0.74490647089498241        1.8568109139692943        3.7424657026159101        6.3868252171954882        9.6277107508977160        13.256026357197685        17.086912590800488        20.987320581632183     
   1.1772430676769294       0.25301246433938562       0.84617443535653958        2.1639195610341897        4.4184330709988888        7.5811391113758537        11.449217168819315        15.773145750286194        20.339181474578208        24.997740995081177     
   1.2889504440725368       0.27742439189947532       0.96491902265926177        2.5292415148539504        5.2216212636099275        8.9908303290068599        13.583701081397818        18.705439725448276        24.112571056197879        29.640166069376484     
   1.4112576178114535       0.30493370312826401        1.1046218844415472        2.9635875796239977        6.1722697570035674        10.644330280089171        16.065562171711822        22.091989364572431        28.450920295512628        34.964356867752777     
   1.5451703926941469       0.33609837457642827        1.2694051972355700        3.4791842108525528        7.2918925555294516        12.569971216640226        18.927161512552011        25.968031303697998        33.392874983747433        41.014008236669149     
   1.6917900122028373       0.37158371799667672        1.4641131797245921        4.0896208546072108        8.6027507850991700        14.795010098694716        22.197757530358427        30.364207566667783        38.971734793010434        47.827334368004024     
   1.8523222156741213       0.41218656060738706        1.6943911839098940        4.8097172748843589        10.127227036397208        17.344749984252225        25.902895226489235        35.306666583368269        45.216524217790635        55.439214658256738     
   2.0280871538024625       0.45886073372887454        1.9667494471727143        5.6552931598793190        11.887150864370742        20.241893052823183        30.064390484215885        40.818067583386124        52.154175709818539        63.884580275235173     
   2.2205302450155360       0.51274484949666044        2.2885996707970455        6.6428402186647224        13.903158093561814        23.506246855013416        34.700940507946676        46.919320478802582        59.812389379024218        73.202295978091342     
   2.4312340619997870       0.57521200638951053        2.6683117240139831        7.7892337874136466        16.194365840876007        27.155095259690096        39.829551638130141        53.632051000476523        68.222914003759584        83.439005633861470     
   2.6619313461261318       0.64781670400463431        3.1149206976331767        9.1107977566289762        18.777289920914765        31.202595608183373        45.465505689830707        60.978902560393898        77.421795585191830        94.648965804471032     
   2.9145192568009906       0.73248749690201576        3.6384936914961821        10.623816836743787        21.667282552178488        35.662515339630424        51.626154075201704        68.987899155347094        87.453684880419743        106.89778478945647     
   3.1910749729235515       0.83143461714025901        4.2496204640511595        12.343461487350810        24.877539643202237        40.547323684096185        58.329739410736906        77.690474631935444        98.368443805127413        120.25724386910044     
   3.4938727747491285       0.94723914542894616        4.9593926605282102        14.283897171938245        28.419926451055801        45.869449338360262        65.596680073461798        87.122105480110136        110.22046872463538        134.80321881373999     
   3.8254027466328799        1.0828683625381819        5.7791514346084796        16.458113469054069        32.305151557760617        51.641398929959372        73.449289781125202        97.320843741669336        123.06569038928131        150.61170064277513     
   4.1883912544574775        1.2417121466156860        6.7203112954938549        18.878023673633546        36.543093368840871        57.876015298071259        81.911579479455611        108.32581127097873        136.95910878243066        167.75664151065828     
   4.5858233661428098        1.4275983127466998        7.7941660006477083        21.554547026270075        41.142867047993477        64.586464016359514        91.008559146785430        120.17525634091326        151.95300015769993        186.30982486331368     
   5.0209673996144657        1.6447826688620011        9.0116897837031065        24.497602852323833        46.112651742961589        71.786008201617818        100.76503462803755        132.90471628639355        168.09665549033039        206.34277822717829     
   5.4974018001037450        1.8979471271330259        10.383451594098474        27.716176619810362        51.459678099594790        79.488001059843384        111.20450829751016        146.54658420166430        185.43839711639910        227.92986461449254     
   6.0190445678066622        2.1921818386395926        11.919566652715799        31.218284613142821        57.190237324204666        87.705754791040661        122.34817520175200        161.13113471707419        204.02819855405531        251.14953671147458     
   6.5901854779032725        2.5329344772142752        13.629615232083873        35.010719197046022        63.309559152363960        96.451983634339143        134.21438928586446        176.68850830926502        223.91879468921488        276.08179468129913     
   7.2155213579010242        2.9259587195799397        15.522599600614720        39.098762549449717        69.821691386780827        105.73792864014219        146.81933710848023        193.25085710359630        245.16454343754774        302.80216536707957     
   7.9001947124089602        3.3772431890689139        17.606856502439555        43.485845611897794        76.729160556535462        115.57180760045095        160.17794989379394        210.85221614686191        267.81681424644108        331.37347681968100     
   8.6498360129766851        3.8929630931315553        19.890026777707909        48.173517856484892        84.033066488568892        125.95779615941605        174.30442648517297        229.52493453465752        291.91652415370760        361.84423570399554     
   9.4706100007722398        4.4794137624814372        22.378939804637927        53.161505834808857        91.733587156037032        136.89679574758597        189.21209225962170        249.29280691578415        317.48902877823014        394.26180721371190     
   10.369266382873457        5.1429308786444281        25.079421877327491        58.447716473858918        99.830482419237470        148.38951695088323        204.91397727494547        270.16667454337784        344.55300731533686        428.68567923118695     
   11.353195339077612        5.8899190214152330        27.996377059756291        64.028566402052647        108.32338706922813        160.44057622463339        221.42422263995255        292.15255627775412        373.13989499565361        465.17531072419644     
   12.430488295695186        6.7266775478771343        31.133297969335370        69.898156654788437        117.20890568236049        173.05682925789438        238.75358166490773        315.26727274835548        403.29231206013236        503.76113205427549     
   13.610004466105526        7.6594944153750806        34.492583292187057        76.049519594476678        126.47986366437439        186.24266548130402        256.90450138411597        339.54393514674712        435.04248115817757        544.46010783517670     
   14.901443705277449        8.6944825673973494        38.075165135329314        82.475672911583729        136.12813532713520        199.99586911652673        275.87038967875918        365.00212441765837        468.39682667703642        587.32312438752524     
   16.315426277379739        9.8375460806267618        41.880478321601871        89.170251961467542        146.15083449511806        214.31553664282271        295.65304571050768        391.62407411666095        503.35493493166445        632.39097316960306     
   17.863580192457370        11.094338280671115        45.906343011539207        96.126553000952029        156.54806420229679        229.20488992074567        316.27420089311823        419.39835443324222        539.92218834290259        679.62246368434660     
   19.558636830395095        12.470182891816735        50.148427776678680        103.33776749071832        167.31884698382800        244.66134823213332        337.74329900154999        448.35595212702975        578.10038923073876        729.02287976510570     
   21.414535638539547        13.969918594637187        54.599266274787290        110.79547368322250        178.46547511474344        260.68658645842521        360.04118527264575        478.50719732648463        617.90887715321719        780.63479211863466     
   23.446538763970572        15.598013913984525        59.249036143714569        118.48618641179579        189.98658181848822        277.29559878604101        383.17293723076085        509.81682665449790        659.33455636121698        834.44446879382588     
   25.671356563109935        17.358425016293090        64.087277011742259        126.39412362527158        201.86633850175457        294.47942654616241        407.15393583790080        542.30943279608050        702.36011948892383        890.41664651981318     
   28.107285020807289        19.254406682266371        69.104510031455121        134.50830691664501        214.08838036998802        312.20438965344783        431.93233739680460        575.94343277927589        746.98459085270053        948.57783189535485     
   30.774356208980628        21.288394152512293        74.291684266012382        142.82759587202062        226.65185829429765        330.46345731375760        457.49633113790094        610.69644773384948        793.15858313918534        1008.8353673074668     
   33.694503022121602        23.461836468985052        79.635645135962363        151.35500320034410        239.57560816507478        349.26904213878862        483.81956436576843        646.48937388490833        840.80211670898132        1071.2112174526080     
   36.891739544382439        25.775481915375007        85.118516659101132        160.08309892990533        252.87707608419319        368.64182939212645        510.94322821413175        683.40800550337440        889.93995127352662        1135.4771743243723     
   40.392358531509046        28.229205977212231        90.726403833333862        168.99324154764594        266.52598773793608        388.55296282304408        538.82377908856427        721.31945009793606        940.50169531168410        1201.9026189555595     
   44.225147631630513        30.821629789810480        96.452299779192472        178.08905157150210        280.49612475247170        408.98079964777605        567.50120780981638        760.43571484185702        992.59634692742657        1270.0743578545200     
   48.421626123015102        33.550292293465525        102.28374542176297        187.38105595869817        294.80019083990163        429.86111463712047        596.74975693298438        800.30835737336577        1046.0259155093900        1340.5845750010260     
   53.016304115627769        36.411843219075926        108.20428209349413        196.86076725992393        309.47787641278376        451.29749400514868        626.83133187005103        841.36762406437037        1100.7468615944197        1412.3689948895601     
   58.046966348054411        39.401667628194652        114.20832435554294        206.50169752797640        324.44882024414011        473.16044759225503        657.40617233435546        883.05198111509867        1156.8016648429348        1486.5827639779554     
   63.554982913623071        42.514052490458795        120.28508705670787        216.34415663808016        339.76556263399834        495.55385441591017        688.90301776858348        926.06533775717298        1214.0199266682469        1561.7409565792552     
   69.585649471004459        45.742322571732032        126.42532371248338        226.35257371926221        355.35666269722134        518.24648109663633        720.59298123751262        969.44736662233731        1272.7518409327406        1639.6314094507595     
   76.188559737046049        49.078591745557752        132.61910742798767        236.57393160332919        371.32089824656413        541.58949963488465        753.40296683213319        1014.1032575206996        1332.0420452933654        1717.9634177104131     
   83.418013325063441        52.514098107677270        138.86550907577509        246.92451572994761        387.45287500275566        565.00991567234996        786.15881175988943        1059.2124401266583        1393.3681455185908        1799.0357238484276     
   91.333462282486295        56.039140835145496        145.14906736522434        257.51785903109885        404.04276206882508        589.24075615588515        820.12144321418089        1105.2301233536050        1454.5527090007720        1880.6014398303341     
   100.00000000000004        59.643262029301432        151.48563648520860        268.19837612359163        420.64485129938862        613.29988056847094        853.89667985328470        1152.0678789196688        1518.3079326699383        1964.3203823542847     
