   1.0000000000000002E-003   7.9501407282835222E-009   1.7610231912270016E-008   3.0409816950744660E-008   4.5448746808479188E-008   6.1651225060168413E-008   7.7995841180322910E-008   9.3693536809262705E-008   1.0824779832994130E-007   1.2142099254218024E-007
   1.0948889651276870E-003   1.1346160728599688E-008   2.5132703227018123E-008   4.3399821490887228E-008   6.4862853857835992E-008   8.7986460389260389E-008   1.1131291880838047E-007   1.3371611214505541E-007   1.5448743360120787E-007   1.7328774187214271E-007
   1.1987818459583783E-003   1.6185227242307193E-008   3.5851645024130769E-008   6.1909577337647467E-008   9.2526461149004910E-008   1.2551214151298605E-007   1.5878718462871622E-007   1.9074519046385507E-007   2.2037533576669824E-007   2.4719383838017118E-007
   1.3125330147352270E-003   2.3076139220257857E-008   5.1115598977062792E-008   8.8267782981144968E-008   1.3191990646499248E-007   1.7894934519935289E-007   2.2639133603936462E-007   2.7195554682829647E-007   3.1420079296380884E-007   3.5243732196591441E-007
   1.4370779141993756E-003   3.2881282772113385E-008   7.2834824200113294E-008   1.2577312614686157E-007   1.8797321721415857E-007   2.5498565074164106E-007   3.2258591706508960E-007   3.8751050880998690E-007   4.4770587609786232E-007   5.0218919059999102E-007
   1.5734407502856105E-003   4.6822385649259470E-008   1.0371555269998264E-007   1.7909880274649999E-007   2.6767068084955117E-007   3.6309523833559853E-007   4.5935683317503989E-007   5.5180827945138134E-007   6.3752535692652541E-007   7.1510853990083711E-007
   1.7227429147699432E-003   6.6624998707007623E-008   1.4758002859261474E-007   2.5484516976400258E-007   3.8087680745702099E-007   5.1665930464837655E-007   6.5363279877658569E-007   7.8518465471907691E-007   9.0715391016758480E-007   1.0175491467938062E-006
   1.8862122071335180E-003   9.4725682626694156E-008   2.0982544515348855E-007   3.6233225099054325E-007   5.4152076200089262E-007   7.3457274001213177E-007   9.2931795582617164E-007   1.1163547147443118E-006   1.2897670691320344E-006   1.4467236899141041E-006
   2.0651929314796274E-003   1.3455646852326877E-007   2.9805405069078451E-007   5.1468782220346367E-007   7.6922255142158962E-007   1.0434500414401645E-006   1.3200825842761260E-006   1.5857651670358222E-006   1.8320942716780881E-006   2.0550480684258451E-006
   2.2611569515367451E-003   1.9094461386726938E-007   4.2295864432114712E-007   7.3037651123826555E-007   1.0915783248427281E-006   1.4807253038270699E-006   1.8732849051605800E-006   2.2503054004765475E-006   2.5998616384350495E-006   2.9162464340779832E-006
   2.4757157946593421E-003   2.7066357799322085E-007   5.9954303759726780E-007   1.0353073271315674E-006   1.5473101559533238E-006   2.0989248648855864E-006   2.6553763908173200E-006   3.1898005685226412E-006   3.6852935272815936E-006   4.1337654558618051E-006
   2.7106339043648361E-003   3.8319712131458087E-007   8.4881460587643798E-007   1.4657564078165359E-006   2.1906341950733771E-006   2.9715926381152213E-006   3.7593978522156163E-006   4.5160161486209499E-006   5.2175155639164509E-006   5.8524429989489789E-006
   2.9678431503900389E-003   5.4178862304762280E-007   1.2001086271408660E-006   2.0723807567638170E-006   3.0972593330760176E-006   4.2014271787723749E-006   5.3152735079023479E-006   6.3850234370465674E-006   7.3768404560249803E-006   8.2745318188637823E-006
   3.2494587155918438E-003   7.6489573719887452E-007   1.6943104862183566E-006   2.9257824385529071E-006   4.3727030584494225E-006   5.9315619181629457E-006   7.5040813130768972E-006   9.0143412571973463E-006   1.0414571525093335E-005   1.1681911938813559E-005
   3.5577964903394962E-003   1.0781481236830339E-006   2.3881922437540336E-006   4.1239970883094485E-006   6.1634832199807318E-006   8.3607463737236302E-006   1.0577258094990611E-005   1.2706005090690380E-005   1.4679653652600692E-005   1.6465982818122187E-005
   3.8953921174427275E-003   1.5170169584455571E-006   3.3603258726177967E-006   5.8027050461914847E-006   8.6723787492942627E-006   1.1764046555990684E-005   1.4882786427695739E-005   1.7878022074152121E-005   2.0655011364358179E-005   2.3168419887035310E-005
   4.2650218442334201E-003   2.1304804439287781E-006   4.7192027449589483E-006   8.1492522850683764E-006   1.2179384058454374E-005   1.6521268213498117E-005   2.0901150560814201E-005   2.5107559330698018E-005   2.9007440420395322E-005   3.2537131030365517E-005
   4.6697253532797080E-003   2.9858076752811140E-006   6.6138304106296310E-006   1.1420949145342129E-005   1.7069056395429656E-005   2.3154050993829624E-005   2.9292259884821237E-005   3.5187303888790143E-005   4.0652712682735665E-005   4.5599272522531765E-005
   5.1128307594829414E-003   4.1751341816753447E-006   9.2482981450230880E-006   1.5970222343828551E-005   2.3868104957005231E-005   3.2376853505524391E-005   4.0959942097474799E-005   4.9202922526612997E-005   5.6845050763432739E-005   6.3761591159935607E-005
   5.5979819791232878E-003   5.8240283241971794E-006   1.2900752496355267E-005   2.2277382075993169E-005   3.3294359727049943E-005   4.5163371356085403E-005   5.7135954023116888E-005   6.8633957075989931E-005   7.9293664921004163E-005   8.8941105760655538E-005
   6.1291686959257363E-003   8.1028649085428161E-006   1.7948591169742860E-005   3.0994126684609765E-005   4.6321785619189046E-005   6.2834714222347133E-005   7.9491508064642917E-005   9.5487755005360615E-005   1.1031743295461652E-004   1.2373854505219310E-004
   6.7107591705751436E-003   1.1241463838844456E-005   2.4900889416497864E-005   4.2999535798465660E-005   6.4264156830225896E-005   8.7172884254669918E-005   1.1028078679160493E-004   1.3247179450447200E-004   1.5304389724336127E-004   1.7166144666074285E-004
   7.3475361634921530E-003   1.5548247042819074E-005   3.4440834989825982E-005   5.9473344992870295E-005   8.8884551479165324E-005   1.2056926005223523E-004   1.5252870716975288E-004   1.8321911012887529E-004   2.1166953906985264E-004   2.3741590544227047E-004
   8.0447362662841772E-003   2.1434541054994819E-005   4.7479561431156764E-005   8.1988900568489886E-005   1.2253424562171794E-004   1.6621292700600123E-004   2.1026903249327097E-004   2.5257410524775776E-004   2.9178969729344009E-004   3.2727629624043858E-004
   8.8080929653170624E-003   2.9444925702461911E-005   6.5223374278278301E-005   1.1262923650918823E-004   1.6832614123916137E-004   2.2832579510277966E-004   2.8884156948960957E-004   3.4694918177499175E-004   4.0081009686239558E-004   4.4954629225623245E-004
   9.6438837915444661E-003   4.0295470801167318E-005   8.9258450145472809E-005   1.5413331505002799E-004   2.3035323543783769E-004   3.1245871686326834E-004   3.9526635780306134E-004   4.7477358891825797E-004   5.4846457125770306E-004   6.1513858774282868E-004
   1.0558981944335792E-002   5.4919262641326663E-005   1.2165168875891181E-004   2.1007015727949775E-004   3.1394872751478852E-004   4.2584395467290445E-004   5.3868888950092588E-004   6.4702719828568138E-004   7.4743037438398886E-004   8.3826345575251896E-004
   1.1560912813835747E-002   7.4521414777111840E-005   1.6507256785981095E-004   2.8504920322088966E-004   4.2600014019842779E-004   5.7782061585313221E-004   7.3091710904012272E-004   8.7788375304425693E-004   1.0140689742728574E-003   1.1372568954649976E-003
   1.2657915866672035E-002   1.0064279439490373E-004   2.2293425488353972E-004   3.8496377137773739E-004   5.7531253636357034E-004   7.8032596511164263E-004   9.8704060236279550E-004   1.1854512557841819E-003   1.3692771110854389E-003   1.5355302348303834E-003
   1.3859012403933871E-002   1.3523107622857847E-004   2.9955106496305491E-004   5.1726294291594562E-004   7.7301439978339664E-004   1.0484445986908609E-003   1.3261226039104101E-003   1.5925989784805555E-003   1.8394366214813706E-003   2.0626288302809589E-003
   1.5174079748634946E-002   1.8071877396456544E-004   4.0031122783724352E-004   6.9124944252177292E-004   1.0330013416410750E-003   1.4010069964322130E-003   1.7719514412986672E-003   2.1278517585759443E-003   2.4574370012790184E-003   2.7553667605090520E-003
   1.6613932472747905E-002   2.4010192546922819E-004   5.3185115392655657E-004   9.1838006684770456E-004   1.3723831510735244E-003   1.8611912802284770E-003   2.3537934983701705E-003   2.8262822902353625E-003   3.2636907069279906E-003   3.6589476368080734E-003
   1.8190411331788243E-002   3.1701984845978272E-004   7.0223204699559633E-004   1.2125698724271179E-003   1.8119353656421428E-003   2.4571285360984029E-003   3.1071461989510413E-003   3.7303970075756960E-003   4.3071330338147785E-003   4.8280590565205140E-003
   1.9916480638308576E-002   4.1583109753463512E-004   9.2110812799707921E-004   1.5904815903519784E-003   2.3765274091658919E-003   3.2224730058842597E-003   4.0744406213557511E-003   4.8909529942315535E-003   5.6461318712952187E-003   6.3278543659903803E-003
   2.1806334875063296E-002   5.4168431841431853E-004   1.1998836555857865E-003   2.0717954318901599E-003   3.0955197680454885E-003   4.1969260070089977E-003   5.3056780015717621E-003   6.3676848407613756E-003   7.3492806525347794E-003   8.2347896637279313E-003
   2.3875515424585839E-002   7.0059575475801958E-004   1.5518848802852574E-003   2.6795044522190501E-003   4.0031973389097119E-003   5.4268035741308193E-003   6.8591122742650001E-003   8.2300742953169189E-003   9.4962265225022741E-003   1.0637485975820118E-002
   2.6141038375114913E-002   8.9955700875972184E-004   1.9925992985449417E-003   3.4403258575340660E-003   5.1393734593465443E-003   6.9658290014629762E-003   8.8022063096642525E-003   1.0558435303400176E-002   1.2178849369294843E-002   1.3637973447535055E-002
   2.8621534453892730E-002   1.1467370888431693E-003   2.5401239471543593E-003   4.3854724633998459E-003   6.5505280508048611E-003   8.8766407893177864E-003   1.1213480120216678E-002   1.3446056835829896E-002   1.5503652433420055E-002   1.7354289726324412E-002
   3.1337402238589059E-002   1.4518325219051130E-003   3.2159414648359730E-003   5.5519880080850351E-003   8.2917814676277853E-003   1.1233421400952529E-002   1.4185761744185284E-002   1.7003019111109900E-002   1.9596083622828685E-002   2.1925252599464748E-002
   3.4310975906798831E-002   1.8266349428726818E-003   4.0461764476045813E-003   6.9849063753972826E-003   1.0430086539915560E-002   1.4126158428625590E-002   1.7831483908768292E-002   2.1362458435743595E-002   2.4607693472375208E-002   2.7518439006027740E-002
   3.7566708903115982E-002   2.2848348235189352E-003   5.0611637301216867E-003   8.7365042439684192E-003   1.3043092988815893E-002   1.7659069979001678E-002   2.2280665647458141E-002   2.6678154983293467E-002   3.0713417349166137E-002   3.4327261618474214E-002
   4.1131375034185735E-002   2.8427707274109168E-003   6.2971049628824764E-003   1.0869144419402756E-002   1.6223353409271824E-002   2.1956255240239090E-002   2.7688037861173423E-002   3.3133139284105523E-002   3.8121642457367960E-002   4.2582441022287185E-002
   4.5034288645458394E-002   3.5242967840434856E-003   7.8067929007015046E-003   1.3473641147361541E-002   2.0105472606014495E-002   2.7198087685931158E-002   3.4278571833391634E-002   4.0993842187165931E-002   4.7136210142930922E-002   5.2620967072502897E-002
   4.9307545690287481E-002   4.3482526508342887E-003   9.6319698481431588E-003   1.6621825377391646E-002   2.4795847789436921E-002   3.3527050604480198E-002   4.2230070219927536E-002   5.0471232294619348E-002   5.7998383524493435E-002   6.4711243873790819E-002
   5.3986287673825017E-002   5.3276228145256958E-003   1.1801562803193829E-002   2.0363785411962345E-002   3.0369218096053887E-002   4.1044282869327660E-002   5.1670501919611977E-002   6.1719482646604922E-002   7.0887022605961220E-002   7.9054699508636153E-002
   5.9108990642279875E-002   6.4941851146913627E-003   1.4385945012581069E-002   2.4820776433031055E-002   3.7006102842990191E-002   4.9993761629628791E-002   6.2907588773799886E-002   7.5106963558344814E-002   8.6225725254984037E-002   9.6123752277286520E-002
   6.4717781594067936E-002   7.8428540687155573E-003   1.7374782430614265E-002   2.9977358793789165E-002   4.4688387436958764E-002   6.0359097673389331E-002   7.5930986169826131E-002   9.0631877391755822E-002  0.10402203112172351       0.11593529245785499     
   7.0858784914888756E-002   9.3763328031518326E-003   2.0775678209131111E-002   3.5851268455068405E-002   5.3452093942974468E-002   7.2203204555456077E-002   9.0835423403813842E-002  0.10842127639838668       0.12443373727108012       0.13867608069641293     
   7.7582501685667909E-002   1.1116936822361265E-002   2.4640308364455979E-002   4.2538621740931065E-002   6.3454256070680920E-002   8.5755378390600351E-002  0.10792411358454147       0.12884800530277551       0.14789824653389802       0.16484379092215093     
   8.4944224982638025E-002   1.3146928958305219E-002   2.9152152013159013E-002   5.0361372436310670E-002   7.5183611535744335E-002  0.10167930885082924       0.12802566577379257       0.15289023308519706       0.17552929535509598       0.19567508383041107     
   9.3004494584813954E-002   1.5523143822382223E-002   3.4440064180098796E-002   5.9552035919149413E-002   8.8998975246130471E-002  0.12046082883370982       0.15174364447379440       0.18126350030441701       0.20815095389782709       0.23209742175928721     
  0.10182959482819059        1.8272151884546686E-002   4.0569356267632604E-002   7.0241317338940262E-002  0.10511163844563429       0.14238861001979070       0.17944569538021607       0.21442380996075361       0.24631402161723290       0.27475614447934482     
  0.11149209970080924        2.1368093028045331E-002   4.7496808742694741E-002   8.2386835485333279E-002  0.12348689656796344       0.16744152077547159       0.21115047699029951       0.25245760586612426       0.29018845564279389       0.32390924814985494     
  0.12207146966133181        2.4721323541557646E-002   5.5051433851583668E-002   9.5747302015255095E-002  0.14382027786306595       0.19528707628243741       0.24655489018994500       0.29513454042725151       0.33963911634462851       0.37952519791025485     
  0.13365470508911154        2.8380720713719707E-002   6.3369055312920364E-002  0.11059199771949470       0.16653757242826764       0.22655607144666332       0.28653522160640904       0.34358613311491432       0.39604263449613514       0.44320724193854333     
  0.14633706173946351        3.2599586144569113E-002   7.3020378054014401E-002  0.12787883410359874       0.19301185008708047       0.26306698803492079       0.33334579159677319       0.40046244854116142       0.46239668490948188       0.51825494081958123     
  0.16022283408774773        3.7379647152213320E-002   8.4042221146530247E-002  0.14768794067348459       0.22341961601742277       0.30516718969630002       0.38754278284938043       0.46654298238415221       0.53970709325834532       0.60589616118186362     
  0.17542621300415920        4.2516754808564386E-002   9.6051990729561942E-002  0.16946273041966581       0.25715181853783514       0.35232573314955362       0.44876698214002142       0.54170532914117731       0.62812755704460688       0.70657793985060213     
  0.19207222481239303        4.8119901526240100E-002  0.10932211401931723       0.19371758763673558       0.29509530001379675       0.40587361327098015       0.51882238588231000       0.62823236030102725       0.73040860373820549       0.82349535870530677     
  0.21029775945461360        5.4424246662288449E-002  0.12436707679239500       0.22135198820145557       0.33863972172186196       0.46772649734740268       0.60016099890431807       0.72910950667041885       0.85005454566829686       0.96064804272170357     
  0.23025269621793309        6.1289845630552307E-002  0.14094758185632378       0.25216777769611676       0.38781018545152707       0.53829221910451153       0.69370695489674383       0.84586665094257985       0.98924420899333065        1.1208702777892341     
  0.25210113627991265        6.8777945805920726E-002  0.15925051019492509       0.28666881211788131       0.44359515443239728       0.61918679890129225       0.80181524114231228       0.98166361188970297        1.1519646178919578        1.3089657903597531     
  0.27602275220902728        7.7012644453314488E-002  0.17960662946805800       0.32559955885537206       0.50732860191630103       0.71250171032803389       0.92747024534213374        1.1404623645324894        1.3431897753193061        1.5309155061987758     
  0.30221426551783803        8.5963347259286435E-002  0.20209206820449138       0.36939793015853462       0.58008630120994487       0.82022593844350344        1.0737890009792703        1.3266391544388436        1.5686094542359046        1.7937198779264474     
  0.33089106441964966        9.5721425031161919E-002  0.22705639285605347       0.41894340501130273       0.66358720564372276       0.94522639347844284        1.2450299603404373        1.5459975677558444        1.8356408664490471        2.1064129791366990     
  0.36228897509242902       0.10632451675192174       0.25479527943220404       0.47512729027034262       0.75973972329977080        1.0908402604565757        1.4462784201269669        1.8055704851313310        2.1533545027687415        2.4801111016662976     
  0.39666620101612027       0.11784928413648926       0.28571917983991502       0.53910170201303220       0.87095976946418441        1.2612536444956592        1.6838849884476612        2.1141229230019132        2.5330479318877765        2.9286641256711179     
  0.43430544633167090       0.13038231825610463       0.32030550981969458       0.61224867672335836        1.0001926321992674        1.4616067247779689        1.9656736678038429        2.4824733705133863        2.9886852815144120        3.4692158049379169     
  0.47551624068340170       0.14403453054625773       0.35913307353180207       0.69625914394021848        1.1510603255843184        1.6982307379495076        2.3012832350266885        2.9239490607553149        3.5374731784782618        4.1229065571055479     
  0.52063748466325777       0.15892342123175587       0.40287652010012387       0.79318091320607531        1.3279997359863871        1.9788993587501145        2.7025429929493363        3.4548916709834168        4.2005012210517654        4.9156554248179036     
  0.57004023678963622       0.17519679920692424       0.45236645091918642       0.90553864212656998        1.5364689961580749        2.3131429652026410        3.1839074019302140        4.0952192196372215        5.0034379025007043        5.8790004306211925     
  0.62413076493974640       0.19303756690023230       0.50862156689202720        1.0364314633624239        1.7831508088319734        2.7125793388981019        3.7629167024356276        4.8690132571441200        5.9772461102705998        7.0509537835198701     
  0.68335388732923041       0.21267455149037437       0.57289011990407723        1.1896520081885542        2.0761917463322246        3.1912823853076957        4.4606805564171559        5.8051029198718842        7.1588664321381579        8.4767998720968514     
  0.74819663051388374       0.23436292150838223       0.64667303920225216        1.3698168126771804        2.4254677679813521        3.7661630111526536        5.3023357341510620        6.9375719315729318        8.5917695758846513        10.209713786864491     
  0.81919223449536838       0.25839988620953808       0.73179780147595108        1.5825460761554215        2.8428815147265980        4.4573413966004010        6.3174315987194962        8.3061158361837908        10.326278715705028        12.311075650029411     
  0.89692453786727211       0.28516732735225120       0.83050575483316080        1.8346537861410304        3.3426538049443959        5.2884555785464471        7.5401580023210144        9.9561310913070589        12.419512292373337        14.850302291361094     
  0.98203277906312625       0.31511003893699385       0.94551208400731968        2.1343460352235271        3.9415961033117934        6.2868606588354279        9.0093366169424964        11.938430257013231        14.934820989932252        17.904051978881682     
   1.0752168531898927       0.34876386310333313        1.0801123177642538        2.4914374927072780        4.6593255412682311        7.4836401317060925        10.768067837201311        14.308460479285332        17.940591655750758        21.554673237614100     
   1.1772430676769294       0.38678081260644070        1.2382954363977525        2.9175613541277512        5.5183811779469671        8.9133638362895287        12.862963096784410        17.124974396291915        21.508400655645005        25.887914678270739     
   1.2889504440725368       0.42994788228738023        1.4248656885248385        3.4263490722514880        6.5441779572563830        10.613510206362507        15.342902995897379        20.448151748845177        25.710589482326974        30.990041902322218     
   1.4112576178114535       0.47921489301943249        1.6455764250740494        4.0335561887509135        7.7647492847660207        12.623522692430438        18.257369536402930        24.337338228763240        30.617559878478545        36.944781667458557     
   1.5451703926941469       0.53572967886679856        1.9072682431800219        4.7571008324928306        9.2102350353574352        14.983520002164919        21.654506676648790        28.848724228431152        36.295279700241885        43.830736304830175     
   1.6917900122028373       0.60087677439059684        2.2179993949345662        5.6169727023486447        10.912089417343614        17.732749511998108        25.579181055893653        34.033427426550652        42.803631807396172        51.720041302582935     
   1.8523222156741213       0.67632420345262145        2.5871588139125827        6.6349841821033655        12.902045573215089        20.907994675369746        30.071462682718291        39.936568577116702        50.196305594693044        60.679038684788402     
   2.0280871538024625       0.76407602344512404        3.0255452202389073        7.8343426694249976        15.210928157468633        24.542228744933343        35.165985012800341        46.597856793138774        58.522708021973365        70.771369604218251     
   2.2205302450155360       0.86653114209861848        3.5453914085581824        9.2390439542199676        17.867468540970176        28.663849684467518        40.892559924606893        54.053912436012588        67.831860857390723        82.063186914440436     
   2.4312340619997870       0.98670174156538781        4.1607335277040107        10.873910244195017        20.898525269009337        33.298380896961106        47.280121653128020        62.344319811037685        78.180079652533408        94.632114596204815     
   2.6619313461261318        1.1276131338458633        4.8854623339506791        12.760390384390957        24.323433976275165        38.462789236594148        54.351423828517355        71.506167875964849        89.624826802538408        108.56036728194559     
   2.9145192568009906        1.2934336239190123        5.7359566068501682        14.921192854441035        28.162278295135501        44.178420427745287        62.139873981631119        81.593241053505011        102.24530475327177        123.95663791184278     
   3.1910749729235515        1.4887573318955678        6.7286433744523775        17.375761074892591        32.430665955999146        50.465485985044843        70.682387902044582        92.665959351311557        116.12947300678837        140.94099978211827     
   3.4938727747491285        1.7188998090014111        7.8802493853877262        20.141234292638522        37.142889498249005        57.347790899410946        80.023474059300199        104.79380259097027        131.37542577466681        159.64611126332383     
   3.8254027466328799        1.9899080146638024        9.2072994355791398        23.232411473045914        42.313237898000963        64.853796145696904        90.213904159233223        118.05192296601176        148.08741660899588        180.21326525832487     
   4.1883912544574775        2.3085677137755489        10.725702661121392        26.662156082413691        47.957299014263391        73.016602396599595        101.30814506677481        132.51789055371319        166.37327342560872        202.79005193203608     
   4.5858233661428098        2.6823724963955771        12.450406564412241        30.441963829885005        54.092714809423562        81.872621372363199        113.36138834548170        148.26970023183355        186.34334456522777        227.52881112732922     
   5.0209673996144657        3.1194489364359912        14.395161314676846        34.582505091223979        60.739254408682172        91.459400465102931        126.42744615281430        165.38535552026775        208.10988114704605        254.58428149177439     
   5.4974018001037450        3.6284772748996086        16.572517223566177        39.094168719145834        67.918533132236476        101.81365810826718        140.55856178418020        183.94343743786496        231.78570649878398        284.10934312430919     
   6.0190445678066622        4.2185627870079969        18.993890334568384        43.987277350302335        75.653153812647801        112.96978369569457        155.80612087535994        204.02245300110022        257.48013645167208        316.24742656561250     
   6.5901854779032725        4.8990843572656146        21.669679435228286        49.272082978457227        83.965542859463014        124.95946356242844        172.22123952662602        225.69811011109110        285.29234710447355        351.12621176231511     
   7.2155213579010242        5.6795607000691746        24.609428259451551        54.958749730470117        92.876822223841202        137.81259834676266        189.85430745381225        249.03859930982301        315.30717939185558        388.86318825956550     
   7.9001947124089602        6.5694506362951914        27.821711418768736        61.056960551924661        102.40537347036771        151.55796685891147        208.75187218128320        274.09949365103120        347.60104771461090        429.58015998034028     
   8.6498360129766851        7.5781091324130960        31.314269445217050        67.576112832191171        112.56681718889229        166.22426056134765        228.95307775349170        300.92754463160628        382.25628866832454        473.40528588616752     
   9.4706100007722398        8.7146486815801101        35.093729890535982        74.524905616539016        123.37408502063884        181.83866262223913        250.48636032218374        329.57112825072880        419.35832489313032        520.44917390785770     
   10.369266382873457        9.9878510336036701        39.165349170964340        81.910927303455850        134.83841738146211        198.42393502337941        273.37392791565065        360.08311842729364        458.97360832035127        570.78999652245443     
   11.353195339077612        11.406260097313304        43.533161544716798        89.740749073397978        146.97132764432322        215.99581645840124        297.64266627025029        392.50734262837449        501.14287500466554        624.50531266465885     
   12.430488295695186        12.977931816614090        48.199313302741992        98.018518628644955        159.78376948244443        234.56127800933555        323.32178539239362        426.86387575135149        545.91012888653484        681.68327354914379     
   13.610004466105526        14.710595791290295        53.164522380189503        106.74642469133198        173.28631770796937        254.12721330303498        350.42982933805632        463.16921871487500        593.32855918630105        742.37711726993939     
   14.901443705277449        16.611402490369521        58.427677312946678        115.92407768360341        187.48572311402100        274.70613066383686        378.96663123755411        501.45060858076170        643.41481327080555        806.62184908405732     
   16.315426277379739        18.686939528488420        63.986257103261536        125.54974640171935        202.38270030925713        296.31038334711445        408.93493577191703        541.71662949907022        696.18148534482725        874.46711879439033     
   17.863580192457370        20.943067299832052        69.836455521462682        135.62144948425711        217.97258690435041        318.93811865278354        440.34581262227948        583.95898090674473        751.64895446556511        945.91848025830188     
   19.558636830395095        23.384882492145913        75.973670160964531        146.13835298051853        234.25300997017985        342.57745156141607        473.18945000166798        628.18295732850527        809.80271773674997        1020.9962273063250     
   21.414535638539547        26.016427296332978        82.392392207583725        157.10034221497526        251.22820012865029        367.22796167016304        507.45249362780027        674.37157838865983        870.64269460886499        1099.6845530202006     
   23.446538763970572        28.840651036624987        89.086574372075347        168.50724613378384        268.90117833371869        392.88802899456806        543.12823339130387        722.50772728674917        934.14220419638229        1181.9811578588444     
   25.671356563109935        31.859266788408423        96.049606700615129        180.35672590305776        287.26269368275825        419.53741828228050        580.19399300705686        772.57076407813781        1000.2798183348769        1267.8452256751139     
   28.107285020807289        35.072517169320996        103.27395455319699        192.64188711379106        306.29691649877628        447.16344397072265        618.62872045848712        824.52919310095172        1069.0254262240285        1357.2571412323382     
   30.774356208980628        38.479329550963413        110.75155526550490        205.35466495015592        326.00275217812373        475.75479401482443        658.41103830931468        878.35321502694410        1140.3199395833506        1450.1520202597242     
   33.694503022121602        42.077032720470100        118.47352540175292        218.49036773428949        346.37423411190332        505.28189385463349        699.50134805777680        934.00091290481146        1214.1637760554661        1546.5204221601330     
   36.891739544382439        45.861375619883489        126.43087885658898        232.05122012619415        367.39151411856619        535.74039374911763        741.89877468694215        991.44896566727391        1290.4251573716138        1646.2110697450269     
   40.392358531509046        49.826517194504618        134.61571389746786        246.03528608081382        389.04223369249348        567.07966238962695        785.50887630724912        1050.6134776172569        1369.1895345922185        1749.3403450310157     
   44.225147631630513        53.965280816449550        143.02227424928620        260.43398088772574        411.32231749761837        599.32130848560246        830.41293827229890        1111.5387775010054        1450.1842603567952        1855.5185748997014     
   48.421626123015102        58.268990412521831        151.64688150944292        275.23304126903599        434.19356383453692        632.36634795521695        876.38178938402541        1174.0154338850373        1533.6704627732574        1965.1986482106943     
   53.016304115627769        62.727708215188159        160.48696412774925        290.44034856226818        457.67619441895886        666.30545539405387        923.68811842489947        1238.2724729772456        1619.1435286628860        2077.5245193107239     
   58.046966348054411        67.330545569804698        169.54049697532591        306.03485466783081        481.69862172464593        700.93749584505690        971.83850536859359        1303.8479421129100        1707.1611837708874        2193.5237510251823     
   63.554982913623071        72.065805742373300        178.80238213749462        322.02823104050185        506.31702542867373        736.48446867630753        1021.4443723302496        1371.2674654932277        1796.8090397141698        2311.6233198249588     
   69.585649471004459        76.921373150494944        188.26897642969396        338.37270577283988        531.41433363481042        772.58043778101126        1071.5998753303984        1439.7591464469431        1889.2110421697612        2433.7077170319089     
   76.188559737046049        81.884836710575158        197.93374380288864        355.12780861114970        557.10307122872962        809.65538159356652        1123.3983261654168        1510.1507485626576        1982.6982532886680        2557.2565993665107     
   83.418013325063441        86.944417558769274        207.80653151816239        372.17557471626208        583.18973850168118        847.08367652214622        1175.3849858620549        1581.4084785020725        2079.3923923574894        2685.0779310602238     
   91.333462282486295        92.088458808519988        217.88086039624125        389.66021033684564        609.89014954414961        885.62320671609348        1229.2856683964260        1654.5312056456125        2176.3547155349993        2813.9345225059096     
   100.00000000000004        97.307033170793659        228.16759626631148        407.35700207144777        636.87253908700040        924.23900600779893        1282.9500315877931        1728.5264030380465        2277.2673450578377        2946.9779515822847     
