   1.0000000000000002E-003   4.7934680370745536E-008   1.0618120921984946E-007   1.8335749052528660E-007   2.7403547507157691E-007   3.7172793019152031E-007   4.7027605323218865E-007   5.6492236597536035E-007   6.5267346636558684E-007   7.3209690034639320E-007
   1.0948889651276870E-003   6.6817920507858175E-008   1.4801005412420634E-007   2.5558905792058605E-007   3.8198844862557727E-007   5.1816530380269034E-007   6.5553459700758925E-007   7.8746473398828443E-007   9.0978317365354384E-007   1.0204932479042657E-006
   1.1987818459583783E-003   9.3096221942806999E-008   2.0621998462566861E-007   3.5610806206747622E-007   5.3221800518770075E-007   7.2195026797888309E-007   9.1334342049181239E-007   1.0971578353667516E-006   1.2675801080673336E-006   1.4218284541676310E-006
   1.3125330147352270E-003   1.2964259240834410E-007   2.8717512975340157E-007   4.9590427534442682E-007   7.4114864960303278E-007   1.0053622402031339E-006   1.2718878763310325E-006   1.5278588704974314E-006   1.7651798837563238E-006   1.9799773291267927E-006
   1.4370779141993756E-003   1.8042804506594200E-007   3.9967186252779450E-007   6.9016751308993983E-007   1.0314818837065523E-006   1.3991950856669452E-006   1.7701246238508728E-006   2.1263636650415219E-006   2.4566460000318001E-006   2.7555810095640921E-006
   1.5734407502856105E-003   2.5094601227215184E-007   5.5587893497589193E-007   9.5991105007993976E-007   1.4346223581740845E-006   1.9460479828641475E-006   2.4619446506888221E-006   2.9574071883386650E-006   3.4167667290834865E-006   3.8325264426592230E-006
   1.7227429147699432E-003   3.4876837149605107E-007   7.7256914845452235E-007   1.3340984362055672E-006   1.9938562944428345E-006   2.7046366023173378E-006   3.4216269103944116E-006   4.1102142031420796E-006   4.7486226682519841E-006   5.3264341771171719E-006
   1.8862122071335180E-003   4.8432976711280335E-007   1.0728567188447329E-006   1.8526435005082459E-006   2.7688347811455579E-006   3.7558741055852598E-006   4.7515306509711362E-006   5.7077387701387239E-006   6.5942603886889245E-006   7.3966297897013839E-006
   2.0651929314796274E-003   6.7197180916618172E-007   1.4885102830688523E-006   2.5704042845414064E-006   3.8415423020289473E-006   5.2109664628993443E-006   6.5923355413116129E-006   7.9189636733319706E-006   9.1489006106883812E-006   1.0262079229998323E-005
   2.2611569515367451E-003   9.3138461448006193E-007   2.0631460273400392E-006   3.5626966095715008E-006   5.3245360141809296E-006   7.2225873739453073E-006   9.1371769362291713E-006   1.0975877841584792E-005   1.2680549855461251E-005   1.4223383985457437E-005
   2.4757157946593421E-003   1.2895030632557839E-006   2.8564279902124956E-006   4.9325465462581569E-006   7.3717832171316788E-006   9.9995765410918966E-006   1.2650237105162058E-005   1.5195804789079841E-005   1.7555792405009451E-005   1.9691706676163796E-005
   2.7106339043648361E-003   1.7831381356733504E-006   3.9498965090058191E-006   6.8207538581123971E-006   1.0193698797959873E-005   1.3827333373360159E-005   1.7492539360706472E-005   2.1012380694536613E-005   2.4275572316258096E-005   2.7228899140044321E-005
   2.9678431503900389E-003   2.4624399438190200E-006   5.4546387095554740E-006   9.4191354144087892E-006   1.4076933397236368E-005   1.9094652055252194E-005   2.4155887248833521E-005   2.9016312093961868E-005   3.3522269023655602E-005   3.7600293154627878E-005
   3.2494587155918438E-003   3.3955049772034921E-006   7.5214931008947987E-006   1.2988143014148616E-005   1.9410696211563449E-005   2.6329415951967844E-005   3.3308005282333904E-005   4.0009581842339408E-005   4.6222301828500716E-005   5.1844901183287621E-005
   3.5577964903394962E-003   4.6745010487456188E-006   1.0354615252552648E-005   1.7880282632787073E-005   2.6721743161081543E-005   3.6246038589449363E-005   4.5852529820971351E-005   5.5077481469110418E-005   6.3629316273631088E-005   7.1368689720831147E-005
   3.8953921174427275E-003   6.4238208533427480E-006   1.4229535723545388E-005   2.4571286723392545E-005   3.6720943952657583E-005   4.9808598388923171E-005   6.3008837121622215E-005   7.5684452884725519E-005   8.7434856321494674E-005   9.8068660701712697E-005
   4.2650218442334201E-003   8.8106776531489460E-006   1.9516625347445329E-005   3.3700617098441993E-005   5.0363780556108347E-005   6.8312850431569342E-005   8.6415725378674937E-005   1.0379855250229653E-004   1.1991206984373774E-004   1.3449395006305924E-004
   4.6697253532797080E-003   1.2058796177792613E-005   2.6711413178241409E-005   4.6123789879970999E-005   6.8928492490827567E-005   9.3492142590788588E-005   1.1826529440550176E-004   1.4205213881593644E-004   1.6410120825164525E-004   1.8405374901556471E-004
   5.1128307594829414E-003   1.6466208137864353E-005   3.6473990968863264E-005   6.2980373196006348E-005   9.4117610769672787E-005   1.2765500473917591E-004   1.6147682494980429E-004   1.9395052739344074E-004   2.2405045518540109E-004   2.5128719600082955E-004
   5.5979819791232878E-003   2.2427770607808875E-005   4.9678870826757527E-005   8.5780007232356148E-005   1.2818637190983086E-004   1.7385911622508552E-004   2.1991656982787798E-004   2.6413566804618172E-004   3.0512018372933484E-004   3.4220427217847982E-004
   6.1291686959257363E-003   3.0463703675649003E-005   6.7478163837351624E-005   1.1651138303605515E-004   1.7410535821916386E-004   2.3613156837610000E-004   2.9867593937632953E-004   3.5871976480180432E-004   4.1436780038868758E-004   4.6471686488546430E-004
   6.7107591705751436E-003   4.1254762462262830E-005   9.1379437672365317E-005   1.5777650244880686E-004   2.3576078842088026E-004   3.1973999405270889E-004   4.0441376988478001E-004   4.8569556040261414E-004   5.6102082074755159E-004   6.2916845079063761E-004
   7.3475361634921530E-003   5.5685358187486832E-005   1.2334116081042312E-004   2.1295520800749152E-004   3.1819984474478093E-004   4.3152447337014996E-004   5.4577506582167696E-004   6.5543799933392868E-004   7.5705499185443903E-004   8.4898107146874505E-004
   8.0447362662841772E-003   7.4894032573302526E-005   1.6588441186598466E-004   2.8639765982552986E-004   4.2791746720300007E-004   5.8028521618069871E-004   7.3387968101290026E-004   8.8128917181107855E-004   1.0178678375940534E-003   1.1414085321097627E-003
   8.8080929653170624E-003   1.0033342759437277E-004   2.2222560187314780E-004   3.8365290638145514E-004   5.7319665194346166E-004   7.7724211645030451E-004   9.8290098660544175E-004   1.1802502488699683E-003   1.3630746153248992E-003   1.5284256812432377E-003
   9.6438837915444661E-003   1.3383394862146478E-004   2.9641737540451497E-004   5.1171134192627796E-004   7.6446889897228542E-004   1.0365206352233387E-003   1.3106764954102183E-003   1.5737102033093688E-003   1.8173450310353281E-003   2.0376616251812055E-003
   1.0558981944335792E-002   1.7767181838405495E-004   3.9349927201255274E-004   6.7926375032060897E-004   1.0146986407284376E-003   1.3756688049146985E-003   1.7393559244266990E-003   2.0882171926227063E-003   2.4112867203098126E-003   2.7033828087236061E-003
   1.1560912813835747E-002   2.3463038435213779E-004   5.1963355017077919E-004   8.9693449983358246E-004   1.3397280642469750E-003   1.8161186631142025E-003   2.2959763402546798E-003   2.7561591789413971E-003   3.1822203795822766E-003   3.5673509643094465E-003
   1.2657915866672035E-002   3.0804790478090313E-004   6.8221127794107505E-004   1.1774633247496732E-003   1.7585440514868290E-003   2.3835397606025090E-003   3.0128973659865528E-003   3.6162722247928807E-003   4.1747511039734791E-003   4.6794475865942209E-003
   1.3859012403933871E-002   4.0182993785623400E-004   8.8988039701248702E-004   1.5357526968561601E-003   2.2933434604987331E-003   3.1079166943295670E-003   3.9278832549400977E-003   4.7137194095190271E-003   5.4408377583232510E-003   6.0977291634736518E-003
   1.5174079748634946E-002   5.2040587767159582E-004   1.1524506462481355E-003   1.9887035993799793E-003   2.9692822366601777E-003   4.0231958058689959E-003   5.0836358473311822E-003   6.0995043828969749E-003   7.0390868357696132E-003   7.8876052128167319E-003
   1.6613932472747905E-002   6.6860925575550664E-004   1.4806304049115471E-003   2.5547631912385751E-003   3.8137957977407420E-003   5.1663500508399738E-003   6.5265885223670557E-003   7.8289919741751767E-003   9.0330078862894021E-003   1.0119843869571593E-002
   1.8190411331788243E-002   8.5144372885873954E-004   1.8855113039129513E-003   3.2530405456114952E-003   4.8552790226279808E-003   6.5755788932581232E-003   8.3046066964517808E-003   9.9591132218848355E-003   1.1487744721605499E-002   1.2866862030391802E-002
   1.9916480638308576E-002   1.0737486574612604E-003   2.3778314839966296E-003   4.1020452281880808E-003   6.1212121160447632E-003   8.2877667027775551E-003   1.0463757962197501E-002   1.2544457110706311E-002   1.4465521616461599E-002   1.6197573016432529E-002
   2.1806334875063296E-002   1.3397543247657829E-003   2.9669954824809988E-003   5.1180118872221052E-003   7.6356829292834995E-003   1.0335142689109789E-002   1.3044092071767261E-002   1.5632189725328035E-002   1.8019747777833068E-002   2.0170738714626116E-002
   2.3875515424585839E-002   1.6526614456537315E-003   3.6601488182900787E-003   6.3133251932499896E-003   9.4170782018830994E-003   1.2742200332388714E-002   1.6075783485208130E-002   1.9257441362341542E-002   2.2189690454680031E-002   2.4828982616014187E-002
   2.6141038375114913E-002   2.0144110139006582E-003   4.4616749299661949E-003   7.6956779913184437E-003   1.1476889464810911E-002   1.5524166354988387E-002   1.9577282317601082E-002   2.3441155615990084E-002   2.6998037645100604E-002   3.0196083026821887E-002
   2.8621534453892730E-002   2.4259803588153064E-003   5.3738584198115098E-003   9.2692432344582062E-003   1.3821539005529555E-002   1.8689598483679570E-002   2.3558737413883462E-002   2.8194325624239368E-002   3.2455890807356585E-002   3.6282643939130228E-002
   3.1337402238589059E-002   2.8887500691552755E-003   6.3999215604262968E-003   1.1039938588081603E-002   1.6460313359709898E-002   2.2251270908695730E-002   2.8035921660386865E-002   3.3534868773743780E-002   3.8582377803102509E-002   4.3108175473596438E-002
   3.4310975906798831E-002   3.4073880637780960E-003   7.5504247610056743E-003   1.3026492842001639E-002   1.9421936609919938E-002   2.6248733774449206E-002   3.3058876468218402E-002   3.9522127513985879E-002   4.5444563801713030E-002   5.0745864004513107E-002
   3.7566708903115982E-002   3.9923168512242197E-003   8.8487536368617916E-003   1.5269950552993992E-002   2.2768814250388826E-002   3.0767706184502277E-002   3.8736543691783525E-002   4.6286543247086691E-002   5.3191770634482695E-002   5.9361041534452826E-002
   4.1131375034185735E-002   4.6669708621888684E-003   1.0347228404149761E-002   1.7861515466214832E-002   2.6638605859194437E-002   3.5996334034846512E-002   4.5307699014272028E-002   5.4114505907343319E-002   6.2153117663020209E-002   6.9319992524073004E-002
   4.5034288645458394E-002   5.4814079605855935E-003   1.2157316472584424E-002   2.0994764248901874E-002   3.1322133034218144E-002   4.2330416602639878E-002   5.3273220922265482E-002   6.3605989167598811E-002   7.3018040835157130E-002   8.1390577387630905E-002
   4.9307545690287481E-002   6.4992760701056401E-003   1.4420878153504443E-002   2.4916313965900692E-002   3.7190256125498630E-002   5.0275079475108529E-002   6.3272716710681937E-002   7.5527376683250963E-002   8.6667161580402594E-002   9.6553214918834354E-002
   5.3986287673825017E-002   7.7841247631515453E-003   1.7279977336722690E-002   2.9874089069278183E-002   4.4617404494477451E-002   6.0342431419924944E-002   7.5956936207424774E-002   9.0660419000560349E-002  0.10400010730891175       0.11580998467300407     
   5.9108990642279875E-002   9.4058615123407269E-003   2.0891345890021000E-002   3.6142655622059656E-002   5.4020011996235705E-002   7.3104433455660756E-002   9.2055480439451748E-002  0.10988440384653134       0.12603119227465007       0.14029252421376337     
   6.4717781594067936E-002   1.1333557372466718E-002   2.5189007184458229E-002   4.3614267472896595E-002   6.5248425635061100E-002   8.8374695532246209E-002  0.11135273830420021       0.13296129665999418       0.15250448576364339       0.16972927508774616     
   7.0858784914888756E-002   1.3409907222836939E-002   2.9827619410285836E-002   5.1701209717903263E-002   7.7441869216265585E-002  0.10501414141845766       0.13244677400902471       0.15825374137344916       0.18157853605204893       0.20210473834362733     
   7.7582501685667909E-002   1.5345299882888323E-002   3.4169052299937032E-002   5.9312289765621966E-002   8.8993082404737286E-002  0.12088321760260970       0.15268999423818236       0.18265659696902828       0.20975230233809808       0.23358373688552481     
   8.4944224982638025E-002   1.6924006167890315E-002   3.7739239551438208E-002   6.5640741651055795E-002   9.8721313941267874E-002  0.13442156631234128       0.17016677280507955       0.20394230420791354       0.23453715082971910       0.26146639606447286     
   9.3004494584813954E-002   1.8246973464131667E-002   4.0767399739733381E-002   7.1096491064565920E-002  0.10726336697553233       0.14652418397449635       0.18604298373861353       0.22354407216253713       0.25761928674602635       0.28767196335639944     
  0.10182959482819059        1.9914506241348395E-002   4.4594693803209573E-002   7.8018349583593952E-002  0.11814421636624899       0.16199374576337089       0.20639142310432704       0.24872149279935224       0.28731935854155971       0.32144269078044463     
  0.11149209970080924        2.2792689595783015E-002   5.1160910515323829E-002   8.9797135007010281E-002  0.13648274770837215       0.18780792837017576       0.24002927013953992       0.28999818445691855       0.33567207815101541       0.37611073869785161     
  0.12207146966133181        2.7039107700399270E-002   6.0839783451944192E-002  0.10713137867357503       0.16339988925530652       0.22556603902084293       0.28903917780293847       0.34990641816084206       0.40560641691251825       0.45494471384546853     
  0.13365470508911154        3.1206001605373297E-002   7.0434002241024155E-002  0.12453560301658941       0.19077187197850906       0.26437076730285253       0.33981536884650854       0.41234920119213908       0.47883900978809046       0.53780746711792971     
  0.14633706173946351        3.3441368148483808E-002   7.5833949507427778E-002  0.13492008182257220       0.20804261048748479       0.29000298757245185       0.37456063473250284       0.45625295739224420       0.53144412643148975       0.59838061456394220     
  0.16022283408774773        3.4939630975802188E-002   7.9718970559805938E-002  0.14297327959030504       0.22228064134332359       0.31207090879894972       0.40539178503570511       0.49608430159259115       0.58001187763391548       0.65512687676736658     
  0.17542621300415920        3.9123980209331208E-002   8.9793012893237559E-002  0.16220236034388105       0.25386925344781769       0.35828708936839854       0.46723429490214413       0.57346557137488474       0.67212638421880000       0.76078229803686837     
  0.19207222481239303        4.5269185491061854E-002  0.10451163044018563       0.19004834118715691       0.29910184563514569       0.42375704119806723       0.55410246349773706       0.68152064458533046       0.80025131926015081       0.90735662426130359     
  0.21029775945461360        4.8418302587684967E-002  0.11278477374511729       0.20718346346988439       0.32894608628232980       0.46921424970682918       0.61688459058053491       0.76229394519098370       0.89884999901475560        1.0230116222269936     
  0.23025269621793309        5.1040069766110627E-002  0.12019257141504600       0.22341121505583236       0.35823678070601067       0.51499268271307597       0.68153112801019711       0.84712270995405481        1.0041640355171162        1.1486304961108449     
  0.25210113627991265        5.7681880394759834E-002  0.13712208338755752       0.25713988266860888       0.41499186009993544       0.59955690292822006       0.79699825867317153       0.99481697839527272        1.1840230549122530        1.3585441628712411     
  0.27602275220902728        6.1879284194484525E-002  0.14898762942362995       0.28276301446198920       0.46073521602555795       0.67113405797069725       0.89888032762797210        1.1298045687499549        1.3524202835343564        1.5600210874150193     
  0.30221426551783803        6.6315136168298969E-002  0.16193584355518864       0.31123530244050679       0.51242775230205595       0.75348781580703394        1.0180480642730048        1.2890407244307354        1.5532942260897440        1.8018725730314180     
  0.33089106441964966        7.2758966954485971E-002  0.18012444815601963       0.35016664535550590       0.58222228451218982       0.86421320884479158        1.1770345855779423        1.5011481247430607        1.8198983477464847        2.1220092423700438     
  0.36228897509242902        7.7421377836153035E-002  0.19490197435396867       0.38444870637680612       0.64787242592546157       0.97347810569509485        1.3402185952924937        1.7246220586946288        2.1064361911077758        2.4714759226107756     
  0.39666620101612027        8.4103005634062575E-002  0.21516052733555324       0.43040329019173401       0.73521315682377908        1.1178772990773169        1.5545542827569570        2.0168992061722508        2.4800745618468558        2.9262156450486279     
  0.43430544633167090        9.0001021338026774E-002  0.23451679406745649       0.47718946465419776       0.82842539242538737        1.2773266160645154        1.7963704874573030        2.3517755960754996        2.9131353646864264        3.4580136841168962     
  0.47551624068340170        9.6742076062622639E-002  0.25696451120868380       0.53278504981829988       0.94089190007963175        1.4713699513489913        2.0923295900201411        2.7632724753786007        3.4468964067434351        4.1150915523845688     
  0.52063748466325777       0.10388039794486395       0.28174105674034067       0.59644511045319226        1.0730408969180838        1.7024839556939786        2.4479027217153320        3.2605951844890728        4.0948105286831309        4.9154648384774777     
  0.57004023678963622       0.11124260561092039       0.30880299784271475       0.66917928845843522        1.2276615701123601        1.9766948547850327        2.8733986850092461        3.8590866582314001        4.8777329841509527        5.8857654602425926     
  0.62413076493974640       0.11912588996634163       0.33936796253250068       0.75415331022306542        1.4115006358190818        2.3058069496134972        3.3867698946842197        4.5835174361602444        5.8275974971616860        7.0652196138843282     
  0.68335388732923041       0.12750405583652030       0.37381328684570814       0.85348050163254530        1.6299856221816043        2.7001266391131815        4.0043560304700128        5.4569952460469029        6.9747111063278995        8.4915726698292922     
  0.74819663051388374       0.13647163666989159       0.41308675150009422       0.97019890613834403        1.8902859655809088        3.1726229387713087        4.7460382576245586        6.5069494336793499        8.3543968158765871        10.208236905565878     
  0.81919223449536838       0.14610388186752002       0.45806685790235369        1.1076930669653064        2.2003954036387143        3.7375704390665967        5.6333668386683380        7.7627108011026031        10.004033093110737        12.260825157517097     
  0.89692453786727211       0.15651693139744072       0.50984821589579132        1.2700228064320458        2.5695944316802488        4.4110468520190089        6.6899811404449609        9.2557645771473709        11.963082049040707        14.696923725000470     
  0.98203277906312625       0.16787566916100097       0.56978082473882408        1.4620028196248198        3.0084893281209855        5.2107990296323301        7.9411891987816530        11.018975172899777        14.271930248779460        17.564545553393646     
   1.0752168531898927       0.18035272859193663       0.63946590201356912        1.6891811754614949        3.5288505664898380        6.1557924517830385        9.4131294400795920        13.085320852222877        16.970196582694022        20.910030392179717     
   1.1772430676769294       0.19417327955933714       0.72077139510244914        1.9578294347185412        4.1434288986781800        7.2657095614476512        11.131884011952330        15.486619989848165        20.095102798419720        24.776099708671996     
   1.2889504440725368       0.20957710263530421       0.81586006635348929        2.2749279260516118        4.8657326772864407        8.5604026578901102        13.122591242665893        18.252351220006872        23.680072876918256        29.200303691101514     
   1.4112576178114535       0.22684847467487446       0.92723077499778550        2.6481465077998454        5.7097834120292417        10.059358284486922        15.408667305662762        21.408735459917700        27.753789938749190        34.214152973041223     
   1.5451703926941469       0.24633828254966908        1.0577822173662215        3.0858412846928251        6.6899038412907403        11.781279104016228        18.011295387757688        24.978283481123388        32.339954017517485        39.843214748277006     
   1.6917900122028373       0.26844394540069244        1.2107487381183155        3.5967777686677986        7.8201109268553877        13.743228026962395        20.948504380294874        28.979015779823545        37.456843845702203        46.107183502811175     
   1.8523222156741213       0.29364118252793892        1.3897648743154714        4.1900935269575319        9.1139453350905768        15.960475285143081        24.235233115549402        33.424944812308070        43.118408504141527        53.021730393542761     
   2.0280871538024625       0.32248000025719875        1.5988143265790464        4.8750377454482532        10.584028808196072        18.446070618128800        27.883127880965013        38.326310015030565        49.335139965969560        60.600144443676427     
   2.2205302450155360       0.35559537631487048        1.8422024091644660        5.6607772546608466        12.241808176786446        21.210731779247350        31.900756133018216        43.690308928937334        56.115485582564730        68.855473286488831     
   2.4312340619997870       0.39372432197517881        2.1245324859404708        6.5562467631719317        14.097436907811730        24.262936667957582        36.294053547467030        49.522075877219962        63.467458902901043        77.802670209744704     
   2.6619313461261318       0.43770565128993527        2.4506184169837493        7.5699208843469252        16.159581716754502        27.608898729832898        41.066598758329881        55.825431601786498        71.399860032511768        87.459984317901814     
   2.9145192568009906       0.48849014745977876        2.8254199102567772        8.7096821553959192        18.435392830737705        31.252721765099029        46.220086574657827        62.603824602249951        79.923483028325222        97.849863646914102     
   3.1910749729235515       0.54714314990181545        3.2539539956736458        9.9826888390363315        20.930462139636212        35.196498199082079        51.754738938933727        69.861139107221263        89.051827326383687        108.99876033572727     
   3.4938727747491285       0.61484694988832256        3.7412118039784747        11.395288477061557        23.648822100285585        39.440436928424120        57.669782602832541        77.602441609841890        98.801250940289776        120.93583293638014     
   3.8254027466328799       0.69289786894305538        4.2920712746856307        12.952944759854059        26.592932055925502        43.982977403987306        63.963944492232081        85.834472912166788        109.19028077035888        133.69061229701896     
   4.1883912544574775       0.78271198570237677        4.9112542583613834        14.660254531307707        29.763772337488032        48.821074297996169        70.636147608345226        94.565916702019010        120.23826034481965        147.29057559557731     
   4.5858233661428098       0.88580479930290501        5.6032213291711912        16.520841233215187        33.160745856616629        53.950295286578331        77.685897427103498        103.80674028691791        131.96309390214577        161.75928007539704     
   5.0209673996144657        1.0037798513515703        6.3721145119093245        18.537327211070082        36.781701751062606        59.365159084872793        85.113730008394441        113.56708635591393        144.37950574803102        177.11693085494733     
   5.4974018001037450        1.1383151573688264        7.2217111909956131        20.711313725872735        40.622980316829810        65.059582537956771        92.921396589859540        123.85577133896565        157.49873113477287        193.38331196791327     
   6.0190445678066622        1.2911555953704819        8.1554096048205107        23.043412716345713        44.679546508152093        71.027482733792411        101.11169634888034        134.67912349210408        171.33039263500385        210.58143118240716     
   6.5901854779032725        1.4640813858189932        9.1761481225360875        25.533155920671636        48.944989629633454        77.263171513606210        109.68752552254166        146.04063360626739        185.88538318321474        228.73864323955425     
   7.2155213579010242        1.6588882981938560        10.286370420812798        28.178963473119310        53.411697301092047        83.761836893628157        118.65076115889215        157.94242796850480        201.17814595162869        247.88434503440246     
   7.9001947124089602        1.8773697272993226        11.488008209542933        30.978099174520274        58.071067748886641        90.519885466020682        128.00139374558267        170.38786749806809        217.22627813033822        268.04466000204047     
   8.6498360129766851        2.1213060350307607        12.782491037625336        33.926700291909881        62.913701643422222        97.534955160819621        137.73767666488709        183.38363894667802        234.04735628019401        289.23523522279277     
   9.4706100007722398        2.3924191384232176        14.170647540131325        37.019750706416659        67.929367043177152        104.80491191116067        147.85711548432604        196.93922764891133        251.65318395735446        311.45639670688001     
   10.369266382873457        2.6923646160122510        15.652714198015351        40.251297734810272        73.107634455021767        112.32663241397155        158.35818881686046        211.06433640581889        270.04445922297214        334.70300960824801     
   11.353195339077612        3.0227399485190007        17.228378704301058        43.614647138332387        78.438983899730104        120.09552822039528        169.24115344003468        225.76414131675182        289.21265955470017        358.98383968479425     
   12.430488295695186        3.3850037809916520        18.896594167395708        47.101993770573479        83.915067982559691        128.10596860726284        180.50709213368421        241.03236425432436        309.15096765646371        384.31649734749038     
   13.610004466105526        3.7805256280245008        20.655816495732349        50.704528931442383        89.529325063170262        136.35320965643729        192.15865181842443        256.85315435701915        329.86191359792133        410.70016737357741     
   14.901443705277449        4.2105262363437008        22.503869823616352        54.412502971332408        95.275772920064156        144.83381150064727        204.19789187545916        273.21707252009719        351.34869754519201        438.10852292414052     
   16.315426277379739        4.6760464322069062        24.437855743932850        58.215955203375657        101.14782654143929        153.54543932589382        216.61993240454970        290.12990153238525        373.59910397452597        466.52111369807886     
   17.863580192457370        5.1779858477544165        26.454372294510975        62.104783871104033        107.14066536846411        162.48619058076372        229.41085930988609        307.59545437144618        396.58938447624325        495.93839124967803     
   19.558636830395095        5.7170655702810205        28.549517572127595        66.067975603941832        113.25212224303657        171.65537163272245        242.55775503174686        325.59701176925415        420.31615521578186        526.34823983270019     
   21.414535638539547        6.2937897502960398        30.718744520275386        70.094586670601416        119.47709536216065        181.05415467235167        256.05961193778415        344.10430585056622        444.76544371267670        557.71593982916409     
   23.446538763970572        6.9084594637034380        32.957065109180974        74.174316378702272        125.80721781853735        190.67870565173445        269.92006152724053        363.11029756705449        469.89534342288630        590.02186458760116     
   25.671356563109935        7.5611728053736025        35.259041698667616        78.296813168494140        132.23970753633054        200.51543898781026        284.12263305627692        382.62109523286671        495.70913392309200        623.23425945209817     
   28.107285020807289        8.2517701503899978        37.618772086930257        82.453197920269048        138.77147747842153        210.55820128351789        298.63444853050510        402.58231328813122        522.16078837089276        657.27774551033156     
   30.774356208980628        8.9799083165368128        40.030138480690965        86.634745205227333        145.40077640474314        220.80039872173487        313.47404450027545        422.97256424445294        549.19666917629706        692.18299675899857     
   33.694503022121602        9.7449883119130369        42.486497420032372        90.834338823281783        152.12823496857484        231.23013012260279        328.63206796648410        443.85498509185481        576.91046648292843        727.97688048083251     
   36.891739544382439        10.546197735323036        44.981106126287777        95.046246844853101        158.94730482988862        241.86830738464718        344.01657619699478        465.09735711829313        605.13757113874078        764.35625201881840     
   40.392358531509046        11.382484141009003        47.507041464046765        99.267352889790828        165.86775205047857        252.69600021316771        359.70051668619516        486.63851564911607        633.76127062812282        801.50222873470011     
   44.225147631630513        12.252622180897935        50.057148046053221        103.49577850746311        172.89140470600816        263.63363667090164        375.70849930239484        508.72363851693331        663.16064861286202        839.59406708228221     
   48.421626123015102        13.155156839779396        52.624783854185893        107.72159014267440        179.97035560432070        274.76229256058099        391.79973178916509        531.03819868112055        692.85226166387179        877.86660230156201     
   53.016304115627769        14.088455121951926        55.202119251987597        111.94934559023808        187.12838517007597        286.10724663484808        408.15533102389367        553.47659449231355        722.76430961444976        916.94507808107289     
   58.046966348054411        15.050657606186054        57.781982148048911        116.18935699280250        194.41592766133326        297.43898427779595        424.89204957855208        576.59586402466618        753.61252405328253        956.95333870179138     
   63.554982913623071        16.039670748029845        60.360714031688822        120.40587657020234        201.70710856187520        308.95525425019025        441.46862027924163        599.66696117376216        784.33299590036847        996.57506734113815     
   69.585649471004459        17.053248993338581        62.926568602228066        124.61709565603414        209.06456443507003        320.72334852338719        458.37899292053237        622.82797699005584        815.35153126624607        1037.4677998915906     
   76.188559737046049        18.088874163040696        65.473473045664761        128.86359497269584        216.59940808264992        332.28342936731764        475.65321815419196        646.77962377635629        847.32186884192299        1078.6986742491463     
   83.418013325063441        19.144227905924982        68.005436027294579        133.05030370259863        224.01269930333603        344.13193422713840        492.45348263683911        670.19364049912235        878.53628063879592        1119.3431513491498     
   91.333462282486295        20.217027872681733        70.496297196589012        137.25162643207938        231.54355495291699        356.16553423339485        509.90898143386471        694.08414657368508        910.72916182750316        1161.8813458648610     
   100.00000000000004        21.303975762651287        72.950883415622698        141.51895353874193        239.25743915763934        367.78942413411130        527.35441201675383        718.44734137403589        943.15360688165777        1203.3425721081210     
