   1.0000000000000002E-003   1.5665686788492921E-008   3.4712426628127040E-008   5.9946811932690746E-008   8.9596400959866152E-008   1.2153654764259814E-007   1.5375543076477055E-007   1.8469779518872117E-007   2.1341134555831511E-007   2.3936817327063676E-007
   1.0948889651276870E-003   2.2367448018196867E-008   4.9557684565125862E-008   8.5580894327262578E-008   1.2790552390725561E-007   1.7350040958286054E-007   2.1949315659368561E-007   2.6366312247926963E-007   3.0465150054973879E-007   3.4170545784012660E-007
   1.1987818459583783E-003   3.1920506675109326E-008   7.0717042559406384E-008   1.2211544468169339E-007   1.8250581892585337E-007   2.4756160211426365E-007   3.1318495538119842E-007   3.7620676581302116E-007   4.3468895302866714E-007   4.8755853929040773E-007
   1.3125330147352270E-003   4.5528189232671520E-008   1.0085435551022585E-007   1.7415039179782832E-007   2.6027003513959427E-007   3.5304133382478553E-007   4.4662191675544944E-007   5.3649352674446709E-007   6.1989071336049846E-007   6.9528231562476710E-007
   1.4370779141993756E-003   6.4894420017209923E-008   1.4374223707801158E-007   2.4819932110571541E-007   3.7092983315195954E-007   5.0314068453570428E-007   6.3650327645263280E-007   7.6458019214115888E-007   8.8343080472561376E-007   9.9087209018952287E-007
   1.5734407502856105E-003   9.2431678284352693E-008   2.0472205005137778E-007   3.5348223150335071E-007   5.2826490375106892E-007   7.1654841975816779E-007   9.0647099550157866E-007   1.0888648174219779E-006   1.2581182833727572E-006   1.4111238897559547E-006
   1.7227429147699432E-003   1.3154438630493009E-007   2.9133000672142280E-007   5.0300861120597829E-007   7.5171532629545446E-007   1.0196274240922464E-006   1.2898732055150592E-006   1.5494064745473742E-006   1.7902404444315796E-006   2.0079504782933743E-006
   1.8862122071335180E-003   1.8703306025036111E-007   4.1419236523187033E-007   7.1512344057462011E-007   1.0686867726631738E-006   1.4495545129215793E-006   1.8337375456212371E-006   2.2026863625927350E-006   2.5450494588704249E-006   2.8545424658479597E-006
   2.0651929314796274E-003   2.6564850821484206E-007   5.8825496060822740E-007   1.0156171191438514E-006   1.5177241311577604E-006   2.0585965500661711E-006   2.6041725427681925E-006   3.1281128221436626E-006   3.6142980469460835E-006   4.0537995950680569E-006
   2.2611569515367451E-003   3.7686741570660633E-007   8.3447948779992789E-007   1.4406886983061841E-006   2.1529046164432985E-006   2.9201018263589097E-006   3.6939645892202259E-006   4.4371252993933009E-006   5.1267260131837941E-006   5.7501164158883751E-006
   2.4757157946593421E-003   5.3394986586334058E-007   1.1822240010101464E-006   2.0409859119313617E-006   3.0498984121906527E-006   4.1366865868035750E-006   5.2328954548942196E-006   6.2856116110451599E-006   7.2624515303432064E-006   8.1454774606661975E-006
   2.7106339043648361E-003   7.5540067767774253E-007   1.6724260585787115E-006   2.8871667805037672E-006   4.3142825279281179E-006   5.8515179548536910E-006   7.4020626939090238E-006   8.8910635089670724E-006   1.0272726955642417E-005   1.1521700276878211E-005
   2.9678431503900389E-003   1.0669766364842655E-006   2.3620819342475722E-006   4.0775882610692062E-006   6.0929676419165326E-006   8.2638284738276950E-006   1.0453433765954799E-005   1.2556101938457217E-005   1.4507165306952712E-005   1.6270817443082169E-005
   3.2494587155918438E-003   1.5044167180652682E-006   3.3302428538840718E-006   5.7486537994975348E-006   8.5897248126810237E-006   1.1649913364324557E-005   1.4736468684247985E-005   1.7700398627296648E-005   2.0450566040610867E-005   2.2936553123274483E-005
   3.5577964903394962E-003   2.1171125803885229E-006   4.6861516811294077E-006   8.0888531743999414E-006   1.2086117732883927E-005   1.6391537084305171E-005   2.0733923015324450E-005   2.4903757931172182E-005   2.8772797989183089E-005   3.2269977212917586E-005
   3.8953921174427275E-003   2.9731245504526966E-006   6.5802945998339394E-006   1.1357817498810479E-005   1.6969879775060748E-005   2.3014405412753776E-005   2.9110655480084799E-005   3.4964450108003745E-005   4.0395826474341833E-005   4.5305174716804461E-005
   4.2650218442334201E-003   4.1658277419959826E-006   9.2191869001091445E-006   1.5911698580417204E-005   2.3772920066907565E-005   3.2239581271434598E-005   4.0778411456949487E-005   4.8977304556987582E-005   5.6584362656144094E-005   6.3460338329166256E-005
   4.6697253532797080E-003   5.8228611108810205E-006   1.2884918414583188E-005   2.2236987916774928E-005   3.3221724587835187E-005   4.5051856979098605E-005   5.6982150635730639E-005   6.8437146658475615E-005   7.9065026525710776E-005   8.8671070457509041E-005
   5.1128307594829414E-003   8.1178752077806808E-006   1.7961199174282742E-005   3.0995384680638638E-005   4.6304069871102037E-005   6.2790035676571344E-005   7.9415045101815970E-005   9.5376887831211723E-005   1.1018535363754685E-004   1.2356961433450592E-004
   5.5979819791232878E-003   1.1285814901945424E-005   2.4967117651935303E-005   4.3081971250888908E-005   6.4356221553546795E-005   8.7265040700667079E-005   1.1036557954905234E-004   1.3254368624887201E-004   1.5311832381436678E-004   1.7171290200636345E-004
   6.1291686959257363E-003   1.5643195635292043E-005   3.4601788762500365E-005   5.9701267719152955E-005   8.9176120333730259E-005   1.2091306304674718E-004   1.5291344446235095E-004   1.8363352938336044E-004   2.1213081651140844E-004   2.3788543679399463E-004
   6.7107591705751436E-003   2.1613351780400848E-005   4.7799730518827885E-005   8.2464319139621118E-005   1.2316753997485097E-004   1.6699052235368415E-004   2.1117329017707453E-004   2.5358600427286535E-004   2.9292780256131678E-004   3.2848017567812057E-004
   7.3475361634921530E-003   2.9758945850639285E-005   6.5802677765295945E-005   1.1351007017404007E-004   1.6952128844533351E-004   2.2981986904896574E-004   2.9060726089518969E-004   3.4895408827430996E-004   4.0307173968854432E-004   4.5197210177846085E-004
   8.0447362662841772E-003   4.0827677365603976E-005   9.0260068998736825E-005   1.5567834712257967E-004   2.3247345975678976E-004   3.1513673356789223E-004   3.9846056081657390E-004   4.7843050335124866E-004   5.5259708933894796E-004   6.1960850509669614E-004
   8.8080929653170624E-003   5.5776761486214582E-005   1.2328162131260831E-004   2.1260187283608326E-004   3.1743983766079748E-004   4.3027147990489423E-004   5.4399296701438434E-004   6.5312216467130124E-004   7.5431823951582321E-004   8.4574557635729486E-004
   9.6438837915444661E-003   7.5851480860488746E-005   1.6761235062680313E-004   2.8900437781131759E-004   4.3146128351543135E-004   5.8475657710180945E-004   7.3923440543593631E-004   8.8745400334730798E-004   1.0248835801414770E-003   1.1490313179458550E-003
   1.0558981944335792E-002   1.0262396988894845E-004   2.2671525620934432E-004   3.9084218014646461E-004   5.8341273616179413E-004   7.9059675876698204E-004   9.9933886811985682E-004   1.1995919166900384E-003   1.3852417025463305E-003   1.5529251997823173E-003
   1.1560912813835747E-002   1.3811687861471530E-004   3.0504000682701001E-004   5.2576333026477066E-004   7.8468136318329579E-004   1.0631879932125057E-003   1.3437315698143586E-003   1.6128171002817808E-003   1.8622381626604313E-003   2.0874882283761788E-003
   1.2657915866672035E-002   1.8479387981955683E-004   4.0800405775973260E-004   7.0307423194576981E-004   1.0491143544723693E-003   1.4212467570600669E-003   1.7960240874156121E-003   2.1554080394450541E-003   2.4884607239397749E-003   2.7892022814420842E-003
   1.3859012403933871E-002   2.4561345756169729E-004   5.4210610851714762E-004   9.3392832752343610E-004   1.3933069151603242E-003   1.8871886264173938E-003   2.3844397221669238E-003   2.8611727856121777E-003   3.3028894589118346E-003   3.7016372310497312E-003
   1.5174079748634946E-002   3.2406426443960172E-004   7.1500859338508320E-004   1.2314672643527773E-003   1.8367851802881703E-003   2.4873645841696160E-003   3.1421979203820126E-003   3.7698271647648167E-003   4.3512052875401361E-003   4.8759603343974407E-003
   1.6613932472747905E-002   4.2412729021528160E-004   9.3543256211523471E-004   1.6106302146705615E-003   2.4017110295480406E-003   3.2516584554055802E-003   4.1069008667911164E-003   4.9263816579445318E-003   5.6852729345029931E-003   6.3700700358498884E-003
   1.8190411331788243E-002   5.5013288606960305E-004   1.2128589699315058E-003   2.0876339807552173E-003   3.1121392034526422E-003   4.2124740199393079E-003   5.3192878102649192E-003   6.3794788517723463E-003   7.3610018606233042E-003   8.2464686854101157E-003
   1.9916480638308576E-002   7.0656059902708993E-004   1.5570612719889531E-003   2.6791689912928664E-003   3.9927910170802295E-003   5.4030759063785983E-003   6.8211050793876909E-003   8.1789326536593748E-003   9.4356340680058041E-003   1.0569086581189428E-002
   2.1806334875063296E-002   8.9774008451509464E-004   1.9774820206802241E-003   3.4013326745495707E-003   5.0674134694584554E-003   6.8553252331756513E-003   8.6523811178597157E-003   1.0372547081785205E-002   1.1964092193792235E-002   1.3399104421054291E-002
   2.3875515424585839E-002   1.1275589166553439E-003   2.4825533497790041E-003   4.2684433055226716E-003   6.3571336491282130E-003   8.5975373578774158E-003   1.0848530909615172E-002   1.3002434870629713E-002   1.4994632033360045E-002   1.6790428707731720E-002
   2.6141038375114913E-002   1.3992402522123235E-003   3.0792273723248965E-003   5.2922508090954582E-003   7.8792141428338357E-003   1.0652842427431886E-002   1.3438413869157464E-002   1.6102931831915124E-002   1.8566721070316025E-002   2.0787055435141449E-002
   2.8621534453892730E-002   1.7155330819289892E-003   3.7734375113179599E-003   6.4827850780437542E-003   9.6483832783615057E-003   1.3040904238262790E-002   1.6446832108394246E-002   1.9703658745885578E-002   2.2714275554245007E-002   2.5426905365617959E-002
   3.1337402238589059E-002   2.0797136945423043E-003   4.5722552012604249E-003   7.8520263258256163E-003   1.1682344902210652E-002   1.5785659392137136E-002   1.9903747647299911E-002   2.3840559616633478E-002   2.7479044011763178E-002   3.0756717952769564E-002
   3.4310975906798831E-002   2.4979175641137454E-003   5.4890191281818873E-003   9.4228299713368796E-003   1.4015079194359103E-002   1.8933037661308005E-002   2.3867425322876622E-002   2.8583809912601257E-002   3.2942276172446515E-002   3.6868106120178948E-002
   3.7566708903115982E-002   2.9809917316589479E-003   6.5475149194894619E-003   1.1235982034644395E-002   1.6707419600922969E-002   2.2565600203091011E-002   2.8442560261507460E-002   3.4059473391714466E-002   3.9250052413629485E-002   4.3925553917022936E-002
   4.1131375034185735E-002   3.5520184758751861E-003   7.7983616691789373E-003   1.3378420364607749E-002   1.9888923783873001E-002   2.6859014643181620E-002   3.3851566483688790E-002   4.0535208214787122E-002   4.6712177626260218E-002   5.2276833507378981E-002
   4.5034288645458394E-002   4.2566305643765281E-003   9.3416721893851556E-003   1.6021997391245817E-002   2.3815659841482189E-002   3.2159997595469031E-002   4.0532637736377247E-002   4.8537272717475100E-002   5.5937111649726583E-002   6.2605289131150529E-002
   4.9307545690287481E-002   5.1545838948409903E-003   1.1308409169126185E-002   1.9391725261395307E-002   2.8822747669198536E-002   3.8922406893503014E-002   4.9059819945844393E-002   5.8755379580522869E-002   6.7722080902010720E-002   7.5805866162310095E-002
   5.3986287673825017E-002   6.3095949489892942E-003   1.3838486624466290E-002   2.3727639703361874E-002   3.5268325053123648E-002   4.7632250253090244E-002   6.0048647072302473E-002   7.1930422942165548E-002   8.2925045487898169E-002   9.2842051409444237E-002
   5.9108990642279875E-002   7.7909148155818368E-003   1.7083730598341573E-002   2.9291440496637334E-002   4.3543637104007174E-002   5.8821281225285980E-002   7.4174286173584209E-002   8.8876676540721997E-002  0.10249061695244444       0.11477807972314540     
   6.4717781594067936E-002   9.5866398030798258E-003   2.1018810941340171E-002   3.6041897259954520E-002   5.3592078359055037E-002   7.2420576012459062E-002   9.1359049995305350E-002  0.10951152781653635       0.12633463725525715       0.14153024807890402     
   7.0858784914888756E-002   1.1578825287934077E-002   2.5386975787335269E-002   4.3543493678357123E-002   6.4774930945446618E-002   8.7580224044813415E-002  0.11054786421933892       0.13258922089758307       0.15303926008611646       0.17152947011333677     
   7.7582501685667909E-002   1.3500820072130708E-002   2.9606675410412172E-002   5.0807583597707325E-002   7.5637338726147821E-002  0.10235578650135355       0.12931449076667784       0.15523179618857183       0.17931627517988810       0.20112237644911493     
   8.4944224982638025E-002   1.5147331877755386E-002   3.3232512792371625E-002   5.7080181939542285E-002   8.5076420068643327E-002  0.11528317482757275       0.14584519231943407       0.17530117295639844       0.20273537089986987       0.22762230286958710     
   9.3004494584813954E-002   1.6638569531173868E-002   3.6531793804158087E-002   6.2830244362021739E-002   9.3807953138496158E-002  0.12735643033105909       0.16142478540585589       0.19437043368758131       0.22514322393000036       0.25312591557764891     
  0.10182959482819059        1.8562637345161715E-002   4.0797382902007316E-002   7.0284941917483815E-002  0.10516220181590230       0.14310073229548878       0.18178829942716360       0.21933660710229641       0.25451348186207645       0.28657777484828117     
  0.11149209970080924        2.1779003245294696E-002   4.7918921940772283E-002   8.2700523175823895E-002  0.12400733997533170       0.16912568536408767       0.21530029992634009       0.26024216411701612       0.30243512191159605       0.34095481267542477     
  0.12207146966133181        2.6487081163374889E-002   5.8345751844498382E-002  0.10087814140060500       0.15158600441146139       0.20716814185040469       0.26420648291144710       0.31982312800209267       0.37209411162628109       0.41984274500455915     
  0.13365470508911154        3.1150675065910478E-002   6.8732351115090767E-002  0.11913392228759204       0.17953075494790421       0.24603038488083984       0.31450012117874693       0.38140873606445908       0.44437471439439147       0.50193653907442781     
  0.14633706173946351        3.3937573355962300E-002   7.5086215577479160E-002  0.13067889288730902       0.19784232080264702       0.27232416791722325       0.34942986311139634       0.42506431201267070       0.49643033756414329       0.56179815335644245     
  0.16022283408774773        3.6195859431505460E-002   8.0383488840107722E-002  0.14066698389592869       0.21425112270147545       0.29655336677415617       0.38228252207361779       0.46673189443727175       0.54665738355874904       0.62004146078679123     
  0.17542621300415920        4.1653707156712794E-002   9.2839974718910923E-002  0.16327158961878932       0.24991706081300211       0.34733242613064352       0.44908952629151133       0.54947628111501268       0.64458384576567451       0.73199621254459180     
  0.19207222481239303        4.9260796108386462E-002  0.11021325189579050       0.19476516357371831       0.29942786047473591       0.41746056934292824       0.54087953910655473       0.66268290683167252       0.77814766966933391       0.88437536259258287     
  0.21029775945461360        5.3523933195252851E-002  0.12049965794585439       0.21464151054695990       0.33241414924540019       0.46611425666378020       0.60652152356587685       0.74560663876551103       0.87795189503527493        1.0001758180168205     
  0.23025269621793309        5.7806787575819932E-002  0.13115237871537266       0.23580374317120134       0.36816219398513506       0.51942738721381509       0.67909218967977902       0.83806150654017997       0.99012446130094611        1.1312738909259377     
  0.25210113627991265        6.6933628157629058E-002  0.15290598686128223       0.27688249737471649       0.43453057784189369       0.61515126141737930       0.80633689382472507       0.99741000692580306        1.1809484572610456        1.3520034403878975     
  0.27602275220902728        7.3042766467083783E-002  0.16853371092725195       0.30833288472824549       0.48773361739207538       0.69468175872179505       0.91534545961406633        1.1375723887469513        1.3529180429855201        1.5543412002437207     
  0.30221426551783803        8.0287056904271556E-002  0.18730964592069971       0.34627673985470886       0.55204110151540864       0.79130027982567885        1.0486884623085730        1.3103860404280292        1.5649876542556187        1.8052852911511179     
  0.33089106441964966        8.9884752142039406E-002  0.21207764291883041       0.39581850768399779       0.63551486161848236       0.91668749096958835        1.2222404496165562        1.5346861488273669        1.8413083508981918        2.1322192989108846     
  0.36228897509242902        9.7896370920984604E-002  0.23421683604130936       0.44229214062152300       0.71700973717228478        1.0434613439931013        1.4022091676790944        1.7729408645098099        2.1394724063704009        2.4894037266988276     
  0.39666620101612027       0.10869607185074669       0.26360925246222472       0.50320666673363124       0.82355498605512645        1.2093274743429190        1.6375516505394241        2.0840079670600509        2.5283268146005771        2.9548922489602281     
  0.43430544633167090       0.11913053851452959       0.29338540197867907       0.56725071625469214       0.93968259501465945        1.3943928736230513        1.9052619324069062        2.4424829894437559        2.9808991840063235        3.5008597050345056     
  0.47551624068340170       0.13101294843827010       0.32782022450355175       0.64269707731351167        1.0786247439481502        1.6189664791721623        2.2323950020137291        2.8827317630290135        3.5388383463413460        4.1760117997905590     
  0.52063748466325777       0.14415353231348929       0.36681053102681610       0.73064154619616739        1.2437262071765907        1.8889640951981927        2.6288026264736430        3.4191916748152855        4.2215616449603424        5.0049049996120081     
  0.57004023678963622       0.15822450208562278       0.41008402064468641       0.83149079445393259        1.4380092848543131        2.2109211526105321        3.1055844292691344        4.0682550430549167        5.0512250590711041        6.0157328204865026     
  0.62413076493974640       0.17373090180835510       0.45944203284587776       0.95024968849344860        1.6705513129165990        2.5999448751373313        3.6849729783443497        4.8599675868639478        6.0660478759109662        7.2549790518055461     
  0.68335388732923041       0.19077963445787058       0.51610060144046743        1.0905481973425837        1.9494242321813258        3.0702283761584033        4.3885123167414060        5.8240095613777116        7.3043025513534356        8.7697300150335291     
  0.74819663051388374       0.20951967831057372       0.58120819623737963        1.2568509444507041        2.2843858360166189        3.6386512314372346        5.2414475498632820        6.9947622431897987        8.8099769542040463        10.613847521572636     
  0.81919223449536838       0.23021164345932429       0.65684607166574038        1.4548068741215636        2.6873916176303405        4.3253700702394475        6.2733316609676750        8.4118811706204610        10.633291611335888        12.848449357120920     
  0.89692453786727211       0.25319730551021058       0.74523446268669358        1.6912001071697571        3.1724758708569354        5.1535203312000153        7.5174386393018944        10.119370566759894        12.829400908537343        15.540193048030025     
  0.98203277906312625       0.27890991978662355       0.84905584951571722        1.9740654208786768        3.7558265879092918        6.1491053812167502        9.0103582697570364        12.164822260772500        15.457295780738704        18.759933649789279     
   1.0752168531898927       0.30790946858067120       0.97155528082314258        2.3128460228277552        4.4558488294582110        7.3407913456951466        10.791412049581469        14.598428706635396        18.578423736912782        22.580969226021779     
   1.1772430676769294       0.34079847069412306        1.1166262188377558        2.7184898043861354        5.2931041621526651        8.7594925115068634        12.901807634839463        17.471735551899105        22.255088396901364        27.077117574853464     
   1.2889504440725368       0.37840217291445027        1.2888773797669184        3.2034848434179000        6.2900151457217319        10.437641457043746        15.383465380450469        20.836047463127446        26.548544364743844        32.320643401902124     
   1.4112576178114535       0.42164587216657995        1.4937395147094810        3.7818393543022526        7.4705663610827751        12.408413218015978        18.277862479946894        24.741144807434065        31.517690533755129        38.380933439230247     
   1.5451703926941469       0.47166636244992910        1.7375708281479041        4.4690840937612366        8.8598722808731019        14.705016158546623        21.625187040521716        29.234416293204486        37.218403890952466        45.324142831877886     
   1.6917900122028373       0.52981091997534746        2.0276475082359386        5.2819380214901992        10.483453861034862        17.359518588242626        25.463127299752433        34.360006416827744        43.703136983230507        53.213298200080359     
   1.8523222156741213       0.59770213936473582        2.3722392892525144        6.2381499393428710        12.366695218080457        20.402376109430040        29.826756010853760        40.159296465247422        51.022145781767108        62.110110152017739     
   2.0280871538024625       0.67726599580709945        2.7805813661797423        7.3561147364585890        14.534207476298906        23.861861404957398        34.748579284649743        46.671806607740976        59.225135288299569        72.077185490142625     
   2.2205302450155360       0.77076900182139396        3.2628019706233018        8.6544678470412570        17.009286667487221        27.763936973272383        40.259169764530824        53.936500690243982        68.362966110422448        83.179982719100281     
   2.4312340619997870       0.88087715983973980        3.8298658285277827        10.151741605449606        19.813656679056436        32.132613639517665        46.388411646010468        61.993677389653975        78.489708713622719        95.488609085164214     
   2.6619313461261318        1.0106802995926860        4.4933999695727866        11.865942902163653        22.967259037758840        36.990450718103865        53.166622925264058        70.886073634421180        89.663187231755941        109.07772541300943     
   2.9145192568009906        1.1637277487362649        5.2655300892887844        13.814261502646843        26.488308358321415        42.359378820469580        60.625760316067442        80.659503278811087        101.94472058029032        124.02589581694612     
   3.1910749729235515        1.3440385248053144        6.1586415017797194        16.012807709834487        30.393502176422206        48.261490529823412        68.799944219572339        91.362366753188269        115.39799488237443        140.41463185749959     
   3.4938727747491285        1.5561286518946624        7.1852161459206263        18.476448865154289        34.698422729445106        54.720005423395179        77.725701969302520        103.04487808344487        130.08840059329097        158.32889876809330     
   3.8254027466328799        1.8049867530184334        8.3575938995814170        21.218778375660719        39.418010195811867        61.759774569212091        87.441202005898475        115.75785183330142        146.08305813584991        177.85861369866615     
   4.1883912544574775        2.0960714135432359        9.6877999148767948        24.252132141687245        44.567114116904733        69.407397100622219        97.985212993416042        129.55274870500480        163.45268605096774        199.10069888008266     
   4.5858233661428098        2.4352588662830383        11.187389691304038        27.587598200759871        50.161077519938026        77.690937013562220        109.39623560406704        144.48252847399479        182.27311372963314        222.15943434735544     
   5.0209673996144657        2.8287763627595051        12.867278477636773        31.235162182989693        56.216118658722394        86.638984477234004        121.71254981396051        160.60330793155649        202.62549163116790        247.14424818142069     
   5.4974018001037450        3.2831517522277998        14.737682405260282        35.203881674471923        62.749682478733511        96.279775932163190        134.97327308773640        177.97532554805721        224.59477153128728        274.16531436905717     
   6.0190445678066622        3.8051380908595607        16.807981491713221        39.502154537792379        69.780514086970726        106.64072167529319        149.22007675777670        196.66222776079928        248.26582034651045        303.32738141940462     
   6.5901854779032725        4.4016291324768968        19.086731762822517        44.138028932530894        77.328157438335481        117.74874186162832        164.49772309353409        216.72829394336657        273.71799230042205        334.72619232476495     
   7.2155213579010242        5.0795665038532913        21.581521335389596        49.119572442464083        85.412225710622536        129.63160036024902        180.85328935537095        238.23436174747690        301.02251078249600        368.45622967314762     
   7.9001947124089602        5.8458722770153981        24.298983149509215        54.455167982609453        94.051699314201798        142.31921788786767        198.33383155560591        261.23445749776897        330.24983979309900        404.62264203475030     
   8.6498360129766851        6.7073651229966869        27.244762305430161        60.154088247271964        103.26441976903943        155.84410698423812        216.98285563793522        285.77897839025678        361.48008562802471        443.33630401680574     
   9.4706100007722398        7.6706955456219248        30.423506571473023        66.226517788330611        113.06783774914562        170.24023456127921        236.83767604361475        311.92380295424795        394.79783727641819        484.69583847693269     
   10.369266382873457        8.7422498873687289        33.838848596474136        72.683532613954270        123.47990149930521        185.54050482573109        257.93318300995747        339.73169501534477        430.27605272309614        528.78386246747300     
   11.353195339077612        9.9281553253909856        37.493676218135867        79.536932925238276        134.52080552993553        201.77398547016446        280.31040069831414        369.26083015976718        467.97456430742881        575.69257214779930     
   12.430488295695186        11.234116307940072        41.389939773811022        86.798285171218097        146.21260864392860        218.96414698232488        304.01554734651194        400.55587233199702        507.96207241432660        625.52140200360782     
   13.610004466105526        12.665468611619596        45.529146561465552        94.478700188031155        158.57888111458416        237.13474055050520        329.08986740540115        433.66259655379235        550.31455104477857        678.35000909641462     
   14.901443705277449        14.227037086995761        49.912389821001497        102.58828657952795        171.64211784362405        256.31590275465129        355.56307697236076        468.63839779926832        595.08982243894002        734.26062728634747     
   16.315426277379739        15.923087586103417        54.540725379792512        111.13663337755702        185.42086843260242        276.54112269397643        383.46693143729510        505.52931457273672        642.34759308325533        793.33862636432400     
   17.863580192457370        17.757378191491988        59.415687367396899        120.13444013758247        199.92941496497306        297.83729159653979        412.84279948008168        544.37161216451693        692.14989948822381        855.64979612836737     
   19.558636830395095        19.733070000307812        64.539470314793462        129.59417030114736        215.18268872998999        320.22168336996288        443.72450517103971        585.21654073282059        744.54764328962688        921.28294150482236     
   21.414535638539547        21.852647493429600        69.915243729305885        139.53044456700340        231.20217335587705        343.71697594389451        476.14164518122919        628.11056061719273        799.61320251960160        990.30943198857653     
   23.446538763970572        24.117980215464190        75.547278226962774        149.95851439251641        248.01051234162946        368.35446124615470        510.12411461881868        673.09222242049475        857.38998909739894        1062.7917931529873     
   25.671356563109935        26.530258422790620        81.440920715346735        160.89253048304744        265.62333251876038        394.15685884984055        545.69373744532504        720.18700623242501        917.91935691256958        1138.7854555882107     
   28.107285020807289        29.089907199580480        87.601736100444867        172.34437184908344        284.05316720808941        421.14252571434849        582.89917915233275        769.43874010537752        981.25062116102947        1218.3743396973778     
   30.774356208980628        31.796722404072721        94.035476809176046        184.32303428406149        303.31960469944403        449.32479857532365        621.77314087657385        820.91736144565436        1047.4754656505497        1301.6680671182864     
   33.694503022121602        34.649745630353380        100.74743544499580        196.83553250779016        323.43723964574554        478.72485544161498        662.31603988272218        874.65657051813457        1116.6494184957478        1388.6759899165818     
   36.891739544382439        37.647308291261780        107.74273665017584        209.89409965181181        344.40973754974743        509.39495208980321        704.53405749640854        930.61130465988367        1188.6973166987805        1479.3423514540254     
   40.392358531509046        40.786979035914264        115.02596174647792        223.51959017279648        366.26630125942268        541.33932566996816        748.52912164541510        988.85452851307173        1263.7279980657838        1573.9835619135438     
   44.225147631630513        44.065600222104941        122.60361090415134        237.72738021799188        389.03976211797891        574.52328373614648        794.35710858402479        1049.5959294185427        1342.0325862306076        1672.7001292074397     
   48.421626123015102        47.479596474854574        130.48545337998556        252.51488506821551        412.70829226378640        609.00637024415062        841.86875732590181        1112.6946600373324        1423.3406114496695        1774.9814038094771     
   53.016304115627769        51.025576309417332        138.68077859630486        267.88220777417894        437.26427268010775        644.91401625449043        891.14383595647632        1177.9526544754845        1507.4874142630388        1881.4186224408745     
   58.046966348054411        54.700496135229471        147.19557724686945        283.85995073678612        462.79205901737436        682.14625840129690        942.51264206438032        1245.9895509269440        1595.3769404201275        1992.5546094963290     
   63.554982913623071        58.500807938122854        156.03633792009296        300.46934330646485        489.33197424125126        720.57350773892040        995.70059168384068        1316.6814289764402        1686.4961364689473        2107.0036679526588     
   69.585649471004459        62.422256950810215        165.21583171408437        317.67381340754025        516.72787717109065        760.57358760732347        1050.4297221509171        1389.2890994549621        1780.1264180089920        2225.7033704436903     
   76.188559737046049        66.460328964841381        174.74375031506366        335.46140728007816        545.05209267511896        802.10467254703804        1107.5903451857657        1464.8951263200495        1878.0848519717524        2350.0766420583736     
   83.418013325063441        70.612420746722975        184.61185570304988        353.94290214602279        574.55069311004036        844.66234259681084        1166.7428318007246        1543.6355321076067        1979.5037087101707        2477.0002174881715     
   91.333462282486295        74.878917214327586        194.82500995937207        373.11407610982189        604.96953924433740        888.82432269032267        1227.1593332510672        1623.8515693702168        2083.0093406228357        2608.8371841788990     
   100.00000000000004        79.258996270172105        205.42260207354914        392.80495173277205        636.15917202809408        934.85972720060488        1290.2910995252387        1707.3947564595592        2191.6469063236441        2747.0077106385083     
