   1.0000000000000002E-003   1.3067136668455447E-008   2.8944809286030686E-008   4.9937830316172371E-008   7.4585936798142652E-008   1.0114364647986580E-007   1.2794319462903730E-007   1.5369068916456014E-007   1.7756929055068625E-007   1.9918653269697041E-007
   1.0948889651276870E-003   1.8649154310146378E-008   4.1309450080418778E-008   7.1275351220226261E-008   1.0646048463644510E-007   1.4437108920713393E-007   1.8262574309344854E-007   2.1937755780099216E-007   2.5346090646143507E-007   2.8431592553343767E-007
   1.1987818459583783E-003   2.6603247371585856E-008   5.8928439157362100E-008   1.0168181271920591E-007   1.5188413221818173E-007   2.0597457210127846E-007   2.6055439836985451E-007   3.1298862988022198E-007   3.6161466819170035E-007   4.0563418804369542E-007
   1.3125330147352270E-003   3.7930223663723064E-008   8.4018651230351335E-008   1.4498399401918638E-007   2.1657464985744525E-007   2.9370919981051297E-007   3.7153970647600175E-007   4.4630877536971848E-007   5.1564613856591611E-007   5.7841398206647922E-007
   1.4370779141993756E-003   5.4047854388740095E-008   1.1972057084610017E-007   2.0660315752787070E-007   3.0863235600114498E-007   4.1856167112577617E-007   5.2948037123751875E-007   6.3603375249248546E-007   7.3484462252710407E-007   8.2429221141421849E-007
   1.5734407502856105E-003   7.6964530192478857E-008   1.7048295571358783E-007   2.9421916129284187E-007   4.3953251241144136E-007   5.9609635695738018E-007   7.5406613679808904E-007   9.0581579091776620E-007   1.0465365010944423E-006   1.1739209621272901E-006
   1.7227429147699432E-003   1.0951747760215915E-007   2.4259050708205874E-007   4.1868147810515988E-007   6.2548668536508938E-007   8.4830184687436407E-007   1.0731137991953117E-006   1.2890697172872185E-006   1.4893272413683133E-006   1.6706040422648272E-006
   1.8862122071335180E-003   1.5571254359553639E-007   3.4491652266612283E-007   5.9530866550885073E-007   8.8938460096754842E-007   1.2062248887664609E-006   1.5258993284690915E-006   1.8329756496080038E-006   2.1177258313135892E-006   2.3754841633423277E-006
   2.0651929314796274E-003   2.2119231497167680E-007   4.8995982290611203E-007   8.4567865480522285E-007   1.2634694688187760E-006   1.7135992156463001E-006   2.1677485922036035E-006   2.6039935688285510E-006   3.0085159136730050E-006   3.3746893525340708E-006
   2.2611569515367451E-003   3.1389418887785014E-007   6.9530243654602812E-007   1.2001455240931860E-006   1.7930989578897712E-006   2.4319469718715044E-006   3.0764910171028802E-006   3.6956157091275640E-006   4.2697122982347970E-006   4.7893793046594784E-006
   2.4757157946593421E-003   4.4495371180769529E-007   9.8561057893173918E-007   1.7012943200040383E-006   2.5419079811411921E-006   3.4475815710791980E-006   4.3613186750664999E-006   5.2390083945140176E-006   6.0528556534384946E-006   6.7895360290777848E-006
   2.7106339043648361E-003   6.2995874966130231E-007   1.3954127544383894E-006   2.4087376752910091E-006   3.5989766552020888E-006   4.8813303982938947E-006   6.1750861165021300E-006   7.4177869392277084E-006   8.5700820821658265E-006   9.6131102255107334E-006
   2.9678431503900389E-003   8.9069731719458381E-007   1.9729713619131479E-006   3.4058005018861880E-006   5.0888198022542631E-006   6.9020846757702773E-006   8.7314517318065444E-006   1.0488606181251012E-005   1.2117911347875784E-005   1.3592703499864360E-005
   3.2494587155918438E-003   1.2574962203452645E-006   2.7854630094527622E-006   4.8084643146856797E-006   7.1847532005408905E-006   9.7449295042642988E-006   1.2327813113881270E-005   1.4808710583175787E-005   1.7109075081760482E-005   1.9191268194265759E-005
   3.5577964903394962E-003   1.7724493406533712E-006   3.9261294750727058E-006   6.7777141410742186E-006   1.0127344627713555E-005   1.3736170826820331E-005   1.7376967056613225E-005   2.0873963925614812E-005   2.4116451232899632E-005   2.7051385276245073E-005
   3.8953921174427275E-003   2.4938360867110261E-006   5.5240650079935806E-006   9.5364374265440373E-006   1.4249667317359655E-005   1.9327588918499070E-005   2.4450440863732041E-005   2.9370897553396107E-005   3.3933192465554428E-005   3.8062704267948005E-005
   4.2650218442334201E-003   3.5020517608943302E-006   7.7573526792404384E-006   1.3392105480463753E-005   2.0011194587683594E-005   2.7142412095212618E-005   3.4336648833875094E-005   4.1246564434738129E-005   4.7653422308515448E-005   5.3452449202587524E-005
   4.6697253532797080E-003   4.9074555111914812E-006   1.0870448386486299E-005   1.8766788939298852E-005   2.8042653853031079E-005   3.8036154305925506E-005   4.8117849374520553E-005   5.7800972199086937E-005   6.6779010567912816E-005   7.4905169159923918E-005
   5.1128307594829414E-003   6.8609173312099576E-006   1.5197543534355879E-005   2.6237496041279649E-005   3.9206306022381322E-005   5.3178373034731920E-005   6.7273561918072570E-005   8.0811291577537216E-005   9.3363047460342412E-005   1.0472363863328678E-004
   5.5979819791232878E-003   9.5678097621858786E-006   2.1193558091268354E-005   3.6589685345406197E-005   5.4675910744723629E-005   7.4161123908602586E-005   9.3817746408940230E-005   1.1269660536451167E-004   1.3020013349483958E-004   1.4604224453667437E-004
   6.1291686959257363E-003   1.3306053173947138E-005   2.9474112746805181E-005   5.0886281038492181E-005   7.6039854668855810E-005   1.0313882382804531E-004   1.3047569770445041E-004   1.5673033543783747E-004   1.8107171475116647E-004   2.0310207136698397E-004
   6.7107591705751436E-003   1.8449278626306335E-005   4.0866837015910864E-005   7.0556259333623186E-005   1.0543351936647082E-004   1.4300775711822273E-004   1.8091105759932553E-004   2.1731282220412745E-004   2.5106084706962489E-004   2.8160378468318085E-004
   7.3475361634921530E-003   2.5496584033846219E-005   5.6477282091668324E-005   9.7508448442745356E-005   1.4570931532198139E-004   1.9763664067733158E-004   2.5001736154839588E-004   3.0032133748613137E-004   3.4695630568485041E-004   3.8916059554431774E-004
   8.0447362662841772E-003   3.5109806779334947E-005   7.7771483154658844E-005   1.3427406950936800E-004   2.0064964301958309E-004   2.7215536051498738E-004   3.4428307533938401E-004   4.1354822518408358E-004   4.7775831385980739E-004   5.3586497655035235E-004
   8.8080929653170624E-003   4.8157497181969477E-005   1.0667336423932715E-004   1.8417489282782196E-004   2.7521809222450330E-004   3.7329547973060083E-004   4.7222195525777169E-004   5.6721725638145541E-004   6.5527430360159153E-004   7.3495597541733417E-004
   9.6438837915444661E-003   6.5769062018798693E-005   1.4568466962406430E-004   2.5153026930546213E-004   3.7586866798660962E-004   5.0980929510152282E-004   6.4490249129456638E-004   7.7461858079949956E-004   8.9485114087429780E-004   1.0036389483407745E-003
   1.0558981944335792E-002   8.9394538282418494E-005   1.9801736909604478E-004   3.4188567453875617E-004   5.1088706705036528E-004   6.9293212873572602E-004   8.7653160927456662E-004   1.0528081994613853E-003   1.2161810360261380E-003   1.3639869318224178E-003
   1.1560912813835747E-002   1.2086811622636452E-004   2.6773439701956712E-004   4.6225565959447183E-004   6.9075342717589395E-004   9.3687351037056250E-004   1.1850744107307668E-003   1.4233498949317563E-003   1.6441553717419096E-003   1.8438943879025293E-003
   1.2657915866672035E-002   1.6247279316442705E-004   3.5989277302407992E-004   6.2137055732507183E-004   9.2850992530629697E-004   1.2593135808050947E-003   1.5928784603130609E-003   1.9130598758070614E-003   2.2097183514156482E-003   2.4780270449454864E-003
   1.3859012403933871E-002   2.1698929871855565E-004   4.8065203439436759E-004   8.2986352442602671E-004   1.2400394103426278E-003   1.6817787484783176E-003   2.1271447391755243E-003   2.5545660058676300E-003   2.9505045776728345E-003   3.3085270064649947E-003
   1.5174079748634946E-002   2.8772004032304036E-004   6.3732713253639801E-004   1.1003610578801070E-003   1.6441983678775046E-003   2.2298171575442414E-003   2.8201413240041009E-003   3.3865525628891256E-003   3.9111067580482814E-003   4.3852956673241126E-003
   1.6613932472747905E-002   3.7846781557911141E-004   8.3834104955776982E-004   1.4473999331421031E-003   2.1626893065552753E-003   2.9328182471176872E-003   3.7089627347199998E-003   4.4534534998237237E-003   5.1426991580009306E-003   5.7655459867030027E-003
   1.8190411331788243E-002   4.9344684143870108E-004   1.0930272668863070E-003   1.8870840657456954E-003   2.8195424813799714E-003   3.8232985495405439E-003   4.8346079480707212E-003   5.8043190376220796E-003   6.7016961520260437E-003   7.5122616911979323E-003
   1.9916480638308576E-002   6.3710546992491973E-004   1.4112364684752789E-003   2.4364026502763968E-003   3.6400895350928086E-003   4.9354944942440445E-003   6.2401756284283004E-003   7.4906136860984672E-003   8.6471667588892877E-003   9.6912511110842699E-003
   2.1806334875063296E-002   8.1386856634918319E-004   1.8027656049387215E-003   3.1122419021332509E-003   4.6494791548245687E-003   6.3033328534070595E-003   7.9682696743886994E-003   9.5630624780746968E-003   1.1037146338307506E-002   1.2366961490232403E-002
   2.3875515424585839E-002   1.0278520701195453E-003   2.2767267444308041E-003   3.9302956982982867E-003   5.8710461449445941E-003   7.9582083657268113E-003   1.0058168547748493E-002   1.2068223430049792E-002   1.3924644899358830E-002   1.5597969098395769E-002
   2.6141038375114913E-002   1.2826455096525706E-003   2.8410694983764784E-003   4.9042481648391917E-003   7.3250986371282620E-003   9.9273460605671833E-003   1.2543758615810485E-002   1.5046009740144636E-002   1.7354792561856493E-002   1.9433791914218648E-002
   2.8621534453892730E-002   1.5814460333897654E-003   3.5028861439109428E-003   6.0463169361596614E-003   9.0297550220878580E-003   1.2234969136526223E-002   1.5455053275095505E-002   1.8531568950627859E-002   2.1367081517211301E-002   2.3917493072713153E-002
   3.1337402238589059E-002   1.9279021529605856E-003   4.2702920803622908E-003   7.3705236860151192E-003   1.1005868982826888E-002   1.4909031989840357E-002   1.8826783975701852E-002   2.2565703780024215E-002   2.6007538733251099E-002   2.9099498833936387E-002
   3.4310975906798831E-002   2.3281070339048462E-003   5.1568513345480495E-003   8.9003546627420358E-003   1.3288504648284759E-002   1.7996822307991007E-002   2.2718196006339151E-002   2.7218743691339968E-002   3.1356438543806792E-002   3.5068854028789342E-002
   3.7566708903115982E-002   2.7926385443991348E-003   6.1861059599825586E-003   1.0676598979727878E-002   1.5938672408838193E-002   2.1580911963568629E-002   2.7233289031174893E-002   3.2614965959745029E-002   3.7556672683834995E-002   4.1985235296283493E-002
   4.1131375034185735E-002   3.3421921049286095E-003   7.4040199210715571E-003   1.2778741214849022E-002   1.9075103273876841E-002   2.5821946340081350E-002   3.2574549530231305E-002   3.8996686715073926E-002   4.4887307757928166E-002   5.0160942556000981E-002
   4.5034288645458394E-002   4.0187502314906840E-003   8.9035439239517761E-003   1.5366923062384847E-002   2.2936068473605183E-002   3.1041097556726273E-002   3.9145387576701600E-002   4.6845062147584278E-002   5.3900630647451382E-002   6.0211934121259442E-002
   4.9307545690287481E-002   4.8780351279487672E-003   1.0807782397982081E-002   1.8652582775446257E-002   2.7834971051538381E-002   3.7659099219930679E-002   4.7472169888043952E-002   5.6785504530862368E-002   6.5311850305329822E-002   7.2932989670409801E-002
   5.3986287673825017E-002   5.9804155716703614E-003   1.3249704416473218E-002   2.2863090116873940E-002   3.4107011626001604E-002   4.6123408724704808E-002   5.8111643003174812E-002   6.9476018304095943E-002   7.9869519243832704E-002   8.9151693002143637E-002
   5.9108990642279875E-002   7.3959907255332575E-003   1.6382888011607689E-002   2.8259131554258649E-002   4.2133262096712525E-002   5.6938269799598866E-002   7.1685654526655818E-002   8.5644851586354737E-002   9.8394482148152218E-002  0.10976752254646818     
   6.4717781594067936E-002   9.1198303980238801E-003   2.0195393577985787E-002   3.4817715558052423E-002   5.1876048982250601E-002   7.0049270091907284E-002   8.8122170675581021E-002  0.10520158709837840       0.12077757550977342       0.13465311230591229     
   7.0858784914888756E-002   1.1041917385014368E-002   2.4445674016661537E-002   4.2128237551461493E-002   6.2736813888763399E-002   8.4669883316849437E-002  0.10645894291657526       0.12702626669654968       0.14576184776256570       0.16243580975345562     
   7.7582501685667909E-002   1.2931558089523180E-002   2.8632503489701498E-002   4.9352052655162994E-002   7.3516187137529360E-002   9.9254169369276973E-002  0.12483862305794918       0.14899458664075016       0.17100305832208559       0.19059558260819739     
   8.4944224982638025E-002   1.4600982991598507E-002   3.2356515483356003E-002   5.5843992957279938E-002   8.3332746151066631E-002  0.11271924658231269       0.14201906196300268       0.16974910352432923       0.19506973451423162       0.21766068435821437     
   9.3004494584813954E-002   1.6123104556258011E-002   3.5792897761490895E-002   6.1942919858911365E-002   9.2750176573315149E-002  0.12588851870306769       0.15909431227124515       0.19065417840935969       0.21958781281667566       0.24550208150142974     
  0.10182959482819059        1.8020951099923570E-002   4.0089030644297356E-002   6.9603325033674057E-002  0.10461879505047887       0.14249370350926135       0.18060762523706217       0.21697462229651016       0.25044747140896506       0.28054189053920048     
  0.11149209970080924        2.1098615708151490E-002   4.6975646464222878E-002   8.1691451513814711E-002  0.12297635820140329       0.16764709206989326       0.21260224235253805       0.25553164658710625       0.29510241087792483       0.33073955455050258     
  0.12207146966133181        2.5566810418778244E-002   5.6882981799833567E-002   9.8861845686731439E-002  0.14862793560842388       0.20222763709142386       0.25598909517696405       0.30724123705711620       0.35445448755015513       0.39697149200188980     
  0.13365470508911154        3.0146765914203500E-002   6.7093620190946751E-002  0.11667797120352716       0.17537343448348949       0.23846908725109386       0.30174288259684717       0.36212292875090452       0.41782652949994570       0.46806796794944056     
  0.14633706173946351        3.3090341986051736E-002   7.4012062673683127E-002  0.12951440920087975       0.19575856619659943       0.26754813990565829       0.34015906928031348       0.40999729780457078       0.47486326225769188       0.53369849182909401     
  0.16022283408774773        3.5475991096723732E-002   8.0022303223958924E-002  0.14139099645123573       0.21560101397309944       0.29706791067949373       0.38046178071919340       0.46147940482870797       0.53733642566526640       0.60658155110890577     
  0.17542621300415920        4.0612007305927053E-002   9.1951375799596308E-002  0.16294891008449178       0.24901783983128040       0.34389956137887734       0.44146901056132115       0.53664319060118360       0.62606819413635906       0.70794778718810381     
  0.19207222481239303        4.7889157319850641E-002  0.10841811928636808       0.19177789622897340       0.29252757032023108       0.40358367038205900       0.51793407756966026       0.62969067402136247       0.73493586299921287       0.83153621730276339     
  0.21029775945461360        5.2494847375210173E-002  0.11986308847234779       0.21369156749381224       0.32848241303669906       0.45651570433240690       0.58965198564635091       0.72079430354193508       0.84507323755616770       0.95972510223539065     
  0.23025269621793309        5.6840782556447124E-002  0.13131133672799239       0.23668367756990832       0.36768541311004826       0.51582255008297662       0.67151048725505125       0.82610453728319000       0.97351748527753390        1.1101806125531759     
  0.25210113627991265        6.5432115251150141E-002  0.15132914958762525       0.27288479172424945       0.42454537095244688       0.59688812409276260       0.77899066075850498       0.96078351635921444        1.1350149694336085        1.2972971772211241     
  0.27602275220902728        7.1939794994092532E-002  0.16800193241060624       0.30584077512088836       0.48024867231426271       0.68078392598076143       0.89467004206623035        1.1097870272491828        1.3172041863622024        1.5113687694047353     
  0.30221426551783803        7.9034096691525363E-002  0.18656351424487466       0.34324755388954159       0.54438526029796463       0.77838717738913110        1.0302967737014019        1.2855377385354325        1.5331378214935567        1.7661042491506136     
  0.33089106441964966        8.8422718425128041E-002  0.21002612175899796       0.38903619375151643       0.62143101341147633       0.89466814855641386        1.1915503307153710        1.4947176914485754        1.7907450590220455        2.0708334925020218     
  0.36228897509242902        9.6531131755677999E-002  0.23258281115521626       0.43670550654942930       0.70600066816040941        1.0266267518078547        1.3783881464375571        1.7403481133405836        2.0959975105490867        2.4342901179942498     
  0.39666620101612027       0.10694380979333744       0.26029711191751576       0.49375975366772679       0.80619526350424953        1.1828481705321487        1.6002881208981641        2.0333337862751737        2.4616601730323331        2.8713740699906767     
  0.43430544633167090       0.11715507165859197       0.28958790807551005       0.55707572404273775       0.92089073214934203        1.3651910958515994        1.8625462374467701        2.3825567152064382        2.9002041555174185        3.3980798880936374     
  0.47551624068340170       0.12867121242133253       0.32303873305394981       0.63017027077565901        1.0548528324727247        1.5804041182355717        2.1746809896677379        2.8009021579416964        3.4282429333466178        4.0349232536422948     
  0.52063748466325777       0.14117231220487581       0.36061166805339251       0.71413506659976878        1.2113979268768986        1.8350488722764708        2.5472629700664173        3.3034398645733027        4.0656176093658987        4.8066380571958547     
  0.57004023678963622       0.15463620482046728       0.40286554019101428       0.81095374294605105        1.3950891435556483        2.1374379918107733        2.9932813820633717        3.9084522603485761        4.8362630012702139        5.7429969620361607     
  0.62413076493974640       0.16940066158329195       0.45087486677381416       0.92330120758333478        1.6116122906452932        2.4977189280027603        3.5284474495783020        4.6379210130480155        5.7688458585661948        6.8795901689846124     
  0.68335388732923041       0.18557579975006039       0.50561046762294237        1.0541856216252992        1.8677171024957506        2.9280110267935906        4.1714290067276112        5.5178059427661656        6.8970726664200139        8.2581733893566174     
  0.74819663051388374       0.20337161512432722       0.56833834439141440        1.2073142828754220        2.1715727645532144        3.4427768438038768        4.9442277034135360        6.5784082928770804        8.2600334851610420        9.9270090136655114     
  0.81919223449536838       0.22301252241282493       0.64058215001082064        1.3871667856731156        2.5329525846852281        4.0590449820653838        5.8723532493998061        7.8544385708540227        9.9021464159459942        11.940706720653630     
  0.89692453786727211       0.24478119348177790       0.72420859666851112        1.5991507497932600        2.9634490458366280        4.7965842892734250        6.9848445179026069        9.3848143695291952        11.872715079720789        14.359566605346384     
  0.98203277906312625       0.26902234809911552       0.82148923130931828        1.8497554128751481        3.4766503129693391        5.6779404810142795        8.3140190387368555        11.212044737809956        14.224937767910792        17.248249129369743     
   1.0752168531898927       0.29614769079045017       0.93518128924729882        2.1467161286768142        4.0882547187008758        6.7282813979454650        9.8948805525104575        13.381131372591538        17.014311549915568        20.673732098938377     
   1.1772430676769294       0.32665070501627796        1.0686271459008378        2.4991737469083444        4.8160812406447002        7.9749884391631003        11.764126161320876        15.937959063301339        20.296451523908626        24.702626650494157     
   1.2889504440725368       0.36112621274108697        1.2258652281521938        2.9178066317328146        5.6799260550752004        9.4469390195770000        13.958734812526151        18.927230026740695        24.124471316611299        29.398092061682487     
   1.4112576178114535       0.40029221891662570        1.4117509024144992        3.4149132206820374        6.7012246331383061        11.173467091170856        16.514209193951057        22.390137706588739        28.546257687279930        34.816816379524887     
   1.5451703926941469       0.44501545107733204        1.6320890707824314        4.0044262024357593        7.9025042643633707        13.183060201516341        19.462667155287029        26.362142448503672        33.602167376310376        41.006743810877801     
   1.6917900122028373       0.49634010464161388        1.8937674426784603        4.7018200984019005        9.3066107799943438        15.501886392204952        22.831039377819831        30.871271708970053        39.323709734399515        48.006227667420745     
   1.8523222156741213       0.55552351769494834        2.2048887119096996        5.5239026361685992        10.935772608535636        18.152377613123431        26.639781136945885        35.937488345738807        45.733831939238250        55.845256046408650     
   2.0280871538024625       0.62407649843843294        2.5748887415006325        6.4884769980194879        12.810594644483517        21.152132882393872        30.902485626457068        41.573531671840200        52.849128268791922        64.548935168243815     
   2.2205302450155360       0.70380919584748303        3.0146299509528633        7.6138911468305546        14.949143037742974        24.513451894631679        35.626727358791079        47.787409393452457        60.683877012388166        74.142812379614739     
   2.4312340619997870       0.79696904503884547        3.5367016672495240        8.9189760799605349        17.367020114181422        28.244707826430496        40.817427678631965        54.587698852500900        69.256804780055077        84.660655587593041     
   2.6619313461261318       0.90591510081783577        4.1543667752309972        10.420536800288266        20.074204658651805        32.347738729529446        46.475157857440657        61.982279842089220        78.589533861059252        96.142198602496663     
   2.9145192568009906        1.0337877923561156        4.8832311040665379        12.136182553241428        23.080541845850956        36.826999199546975        52.608549380249293        69.992723378520182        88.721781975040400        108.64863054509631     
   3.1910749729235515        1.1841245630647705        5.7399366577923470        14.081880278567583        26.393575447743181        41.688141016233196        59.232676404013610        78.651041097134978        99.705737102510128        122.25476160979679     
   3.4938727747491285        1.3610450183550216        6.7424282822317716        16.272894852516917        30.021729059715280        46.943222187636053        66.374642674442882        88.004072924966863        111.60902381115923        137.05123498731825     
   3.8254027466328799        1.5692810789433185        7.9098286882997959        18.724435405999312        33.976898568573866        52.614271816722628        74.076127201567346        98.114070861542999        124.51422598362534        153.14415471903294     
   4.1883912544574775        1.8142284151724331        9.2624834376528824        21.452984321649421        38.277588683381630        58.736593545379769        82.394934655678412        109.05884113549182        138.51951962242069        170.65708424529956     
   4.5858233661428098        2.1019652079823170        10.822101073024633        24.477989876129907        42.951791661060341        65.360752541660290        91.404893060035150        120.93159727767213        153.74042187887943        189.73433493129392     
   5.0209673996144657        2.4392261816960636        12.612034671918931        27.823732535535527        48.039100211075699        72.552800793578683        101.19444917684213        133.84115943182306        170.31198457522197        210.54343569727550     
   5.4974018001037450        2.8334296521351172        14.658064585219986        31.521624039843744        53.592357592049332        80.393591393868178        111.86577993839411        147.91351566741741        188.39076439787860        233.27566519896553     
   6.0190445678066622        3.2926373649202314        16.989381179544022        35.612034550110231        59.677735433960670        88.976349432852899        123.53347290006751        163.29151858314688        208.15231467616570        258.14075414794564     
   6.5901854779032725        3.8255372982503855        19.640047219836781        40.145844264962662        66.373984667363715        98.404072696355328        136.32367291641810        180.13225911966771        229.78482611621573        285.35796436672246     
   7.2155213579010242        4.4414173968791539        22.650823469875441        45.185466518419041        73.771039844995826        108.78747210429464        150.37276394139539        198.60161805989119        253.48039415992994        315.14890459732726     
   7.9001947124089602        5.1501964995024245        26.071494598165490        50.805845503254865        81.969113441447149        120.24514890900110        165.82626824089320        218.86906674845272        279.43114505428895        347.74300211715803     
   8.6498360129766851        5.9625158506306377        29.963642597535259        57.095914908561568        91.079290378558440        132.90692232516869        182.83943771618232        241.10771877517550        307.83926867652320        383.39304926743529     
   9.4706100007722398        6.8898797426549629        34.403821651017374        64.161138431488311        101.22689837893579        146.92067836522099        201.58224121244635        265.50729793822154        338.93850570064563        422.37928916642460     
   10.369266382873457        7.9449178203113870        39.487446884026092        72.128171043403384        112.55946004862091        162.46344928736261        222.25302860212051        292.30287369073665        373.00882368673581        465.00191421085839     
   11.353195339077612        9.1419085948648213        45.334064989102266        81.152841679411409        125.26055144551347        179.75754804229103        245.10565408383545        321.80466316730963        410.38316760724825        511.60965683172782     
   12.430488295695186        10.497161583280132        52.093255649954784        91.430047894720659        139.56601638126830        199.08776356633601        270.48274044895606        354.40827273667372        451.47772140661374        562.68405233839735     
   13.610004466105526        12.030013205901486        59.953906908566772        103.20871779647042        155.78401774945326        220.82398157816530        298.84233537994288        390.61071816024770        496.86877386368786        618.88281331189955     
   14.901443705277449        13.763614874170797        69.155122653716802        116.80782287239865        174.31156590537606        245.44451568118114        330.75833622378059        431.05710424734343        547.31414571852338        680.99443405536920     
   16.315426277379739        15.726172145418031        80.001476870458561        132.63615515663130        195.65200436309240        273.56407139707954        366.92851960574728        476.58530619400597        603.70948913106588        750.01000901118971     
   17.863580192457370        17.952574490646679        92.883479729686755        151.21696523339008        220.43843502966089        305.95783517958921        408.23433301560345        528.20670398772518        667.16448206926475        827.19431984836319     
   19.558636830395095        20.486137419878158        108.30369028397833        173.21968998597856        249.47036695260573        343.58475412981556        455.81265144635694        587.15152877861328        739.10261652769657        914.03872481359406     
   21.414535638539547        23.381005937678491        126.91178458216206        199.50531538333826        283.77618849614640        387.65327584636111        511.08456978089578        655.04444924256541        821.25484751356987        1012.4553719370635     
   23.446538763970572        26.705286228209317        149.55097090861301        231.18848879807479        324.70012916251437        439.74987601902268        575.85539029902168        733.93879879540793        915.89280831395035        1124.8773515267249     
   25.671356563109935        30.545096942488726        177.31917460872717        269.71884018635853        373.99709433432810        501.96764758089546        652.53648563840193        826.48971490854547        1025.9235781539883        1254.4201284353462     
   28.107285020807289        35.009728538989485        211.64921639975060        316.98429846509521        433.92906428354945        576.97585949015740        744.20049034217084        936.16165836470600        1155.1216201720833        1405.1397289538827     
   30.774356208980628        40.238878783992291        254.41627478395156        375.45017024848232        507.42385807611095        668.24854763734152        854.86747174362210        1067.4299802103474        1308.3329926933739        1582.1993886076834     
   33.694503022121602        46.411640996341255        308.07853174268865        448.34177387012704        598.34100873215777        780.39049803794228        989.77375590790439        1226.1211531143856        1491.9555858139383        1792.4096584324773     
   36.891739544382439        53.758630665238925        375.86515154876815        539.90401739390404        711.81114540439921        919.40138638872952        1155.8523017702128        1419.8934382715579        1714.1993494091421        2044.4421711924965     
   40.392358531509046        62.577795142397314        462.02620937718194        655.74262734295894        854.50074567366664        1093.1190096409284        1361.9780474935667        1658.7598011847847        1985.7688843727931        2350.1884670447480     
   44.225147631630513        73.255283572098904        572.16169217710637        803.27715129567889        1035.1815427173592        1312.0622675504749        1620.2168011087299        1955.9871769183355        2321.3504721845334        2723.1774175173332     
   48.421626123015102        86.293170114760940        713.66007676035656        992.24519488423221        1265.5050230901311        1589.5846531221730        1946.2086648209554        2327.9119773359917        2739.3643880904951        3186.2984981360032     
   53.016304115627769        102.34689587059863        896.27984107093118        1235.4939700835359        1560.8307746631976        1944.3891095002152        2360.3223827619104        2800.2315587556782        3262.1803971793256        3762.2266958587466     
   58.046966348054411        122.27534118322043        1132.9467887564922        1549.9187194981002        1941.2860885799078        2399.8633914050374        2889.0705388272718        3398.9846910418551        3928.3885087815011        4483.9965031274196     
   63.554982913623071        147.20523437158968        1440.7862771999073        1958.3061929009339        2434.3997366772051        2986.9794310202506        3573.0591517109810        4165.0011818629282        4774.2072362061053        5403.2124210163538     
   69.585649471004459        178.61520983009837        1842.5261179032730        2490.3670380240806        3074.0851004183914        3749.2915329572706        4450.6379336844702        5156.6255341164051        5854.6486041807184        6576.3685711955914     
   76.188559737046049        218.44929982470788        2368.1104250894723        3185.8246822780502        3909.6800881795039        4743.1212146065818        5593.8217080595268        6435.9997082083673        7255.8763654453578        8067.1714349132671     
   83.418013325063441        269.27362019028419        3057.3042401657794        4096.5385417990437        5003.1263467241424        6032.9829888219083        7085.6332184998746        8091.1890921767117        9069.7545919447020        10012.021787441241     
   91.333462282486295        334.47732579306142        3962.6555554385641        5294.3609335108777        6434.8090761658168        7733.0941407481350        9031.2087613665990        10266.276175254832        11410.414496891521        12518.924052736520     
   100.00000000000004        418.53156372202596        5154.8724814750494        6866.1280412922624        8315.6850014195425        9956.8182261457878        11573.265749012537        13097.292970900744        14493.937657083292        15777.552023958830     
