   1.0000000000000002E-003   1.3067136668452671E-008   2.8944809285693490E-008   4.9982667717400353E-008   7.4701195358157553E-008   1.0133217458412003E-007   1.2819677838347988E-007   1.5399808129562077E-007   1.7791999532217430E-007   1.9957193756160105E-007
   1.0948889651276870E-003   1.8649154310142010E-008   4.1309450079888032E-008   7.1334260563905619E-008   1.0661204855179743E-007   1.4461924756315557E-007   1.8295986762519053E-007   2.1978296151935544E-007   2.5392382468853084E-007   2.8482502565014532E-007
   1.1987818459583783E-003   2.6603247371578984E-008   5.8928439156526720E-008   1.0175920387999891E-007   1.5208340616397660E-007   2.0630114406332215E-007   2.6099450512938380E-007   3.1352308811029629E-007   3.6222542734685286E-007   4.0630634106904553E-007
   1.3125330147352270E-003   3.7930223663712251E-008   8.4018651229036502E-008   1.4508565749876355E-007   2.1683661456484583E-007   2.9413886898887315E-007   3.7211924333803151E-007   4.4701311747982591E-007   5.1645161603806628E-007   5.7930099140034472E-007
   1.4370779141993756E-003   5.4047854388723075E-008   1.1972057084403079E-007   2.0673669639648049E-007   3.0897668810086284E-007   4.1912687105308398E-007   5.3024330523523448E-007   6.3696166897623922E-007   7.3590648359747208E-007   8.2546224373168942E-007
   1.5734407502856105E-003   7.6964530192452083E-008   1.7048295571033094E-007   2.9439455827151815E-007   4.3998505497102323E-007   5.9683970062902738E-007   7.5507025547368260E-007   9.0703787406859391E-007   1.0479358495211591E-006   1.1754636979228669E-006
   1.7227429147699432E-003   1.0951747760211701E-007   2.4259050707693298E-007   4.1891183991477217E-007   6.2608137819317023E-007   8.4927931606170137E-007   1.0744350446111289E-006   1.2906787661054434E-006   1.4911707253739746E-006   1.6726374386151771E-006
   1.8862122071335180E-003   1.5571254359547011E-007   3.4491652265805601E-007   5.9561120004688913E-007   8.9016601514905242E-007   1.2075100225019439E-006   1.5276374901777321E-006   1.8350936394566568E-006   2.1201536671351363E-006   2.3781633418901159E-006
   2.0651929314796274E-003   2.2119231497157245E-007   4.8995982289341681E-007   8.4607595382156579E-007   1.2644961338626423E-006   1.7152886089963444E-006   2.1700347817828175E-006   2.6067808029254599E-006   3.0117124216598568E-006   3.3782182715055114E-006
   2.2611569515367451E-003   3.1389418887768602E-007   6.9530243652604937E-007   1.2006672469700045E-006   1.7944477298215965E-006   2.4341674960579245E-006   3.0794974838988487E-006   3.6992828380984029E-006   4.2739197426075044E-006   4.7940260923576541E-006
   2.4757157946593421E-003   4.4495371180743705E-007   9.8561057890029838E-007   1.7019794039095407E-006   2.5436797764386129E-006   3.4504998518335260E-006   4.3652716928402895E-006   5.2438321973048297E-006   6.0583924140527474E-006   6.7956531179614697E-006
   2.7106339043648361E-003   6.2995874966089595E-007   1.3954127543889121E-006   2.4096372363369490E-006   3.6013039780280571E-006   4.8851652596878667E-006   6.1802829034259249E-006   7.4241310450026271E-006   8.5773665176772729E-006   9.6211607940729568E-006
   2.9678431503900389E-003   8.9069731719394440E-007   1.9729713618352873E-006   3.4069816434116086E-006   5.0918766262337938E-006   6.9071234783025849E-006   8.7382826679755691E-006   1.0496948281985817E-005   1.2127493136479269E-005   1.3603296202997559E-005
   3.2494587155918438E-003   1.2574962203442586E-006   2.7854630093302380E-006   4.8100151257804123E-006   7.1887679390253385E-006   9.7515495893690352E-006   1.2336790902889867E-005   1.4819678151534670E-005   1.7121676357426216E-005   1.9205202748462621E-005
   3.5577964903394962E-003   1.7724493406517883E-006   3.9261294748798999E-006   6.7797502577344480E-006   1.0132617159734134E-005   1.3744867668615341E-005   1.7388765010364196E-005   2.0888381109786288E-005   2.4133020596684447E-005   2.7069712314765984E-005
   3.8953921174427275E-003   2.4938360867085350E-006   5.5240650076901802E-006   9.5391106439790232E-006   1.4256591337488694E-005   1.9339013080671843E-005   2.4465943164732909E-005   2.9389846746368039E-005   3.3954975901491481E-005   3.8086803932570662E-005
   4.2650218442334201E-003   3.5020517608904110E-006   7.7573526787630116E-006   1.3395615057361337E-005   2.0020286942457332E-005   2.7157417741654576E-005   3.4357016512089435E-005   4.1271467094279438E-005   4.7682056273286739E-005   5.3484134309533206E-005
   4.6697253532797080E-003   4.9074555111853140E-006   1.0870448385735031E-005   1.8771396435038619E-005   2.8054593045732896E-005   3.8055862871409240E-005   4.8144606901116038E-005   5.7833694920534440E-005   6.6816644163932609E-005   7.4946820593519808E-005
   5.1128307594829414E-003   6.8609173312002548E-006   1.5197543533173714E-005   2.6243544790713978E-005   3.9221982753701113E-005   5.3204256798618036E-005   6.7308710868013447E-005   8.0854285323672955E-005   9.3412502796689327E-005   1.0477838305679004E-004
   5.5979819791232878E-003   9.5678097621706117E-006   2.1193558089408154E-005   3.6597626020526882E-005   5.4696494250311400E-005   7.4195115689819206E-005   9.3863914647290353E-005   1.1275308820576018E-004   1.3026511615586722E-004   1.4611418762405543E-004
   6.1291686959257363E-003   1.3306053173923114E-005   2.9474112743878086E-005   5.0896705198263962E-005   7.6066879785202914E-005   1.0318346094975819E-004   1.3053633516841277E-004   1.5680453235177190E-004   1.8115708996188810E-004   2.0319660381350942E-004
   6.7107591705751436E-003   1.8449278626268537E-005   4.0866837011304997E-005   7.0569943457841902E-005   1.0546900079931271E-004   1.4306637034043984E-004   1.8099069321294816E-004   2.1741027972269270E-004   2.5117300202313246E-004   2.8172798364831515E-004
   7.3475361634921530E-003   2.5496584033786744E-005   5.6477282084420900E-005   9.7526411726106958E-005   1.4575589761583264E-004   1.9771360214069402E-004   2.5012194035066177E-004   3.0044933653595627E-004   3.4710362488540766E-004   3.8932375124573734E-004
   8.0447362662841772E-003   3.5109806779241367E-005   7.7771483143254948E-005   1.3429764971410618E-004   2.0071079737388333E-004   2.7225640910253041E-004   3.4442040081903282E-004   4.1371632267808196E-004   4.7795180260700549E-004   5.3607928285505000E-004
   8.8080929653170624E-003   4.8157497181822235E-005   1.0667336422138309E-004   1.8420584583269555E-004   2.7529837476464368E-004   3.7342814795136858E-004   4.7240226959034361E-004   5.6743799549357956E-004   6.5552840546555561E-004   7.3523743508282743E-004
   9.6438837915444661E-003   6.5769062018567026E-005   1.4568466959582945E-004   2.5157089975496797E-004   3.7597405868191507E-004   5.0998346917444819E-004   6.4513923646200078E-004   7.7490842242147599E-004   8.9518480944084696E-004   1.0040085594930715E-003
   1.0558981944335792E-002   8.9394538282053958E-005   1.9801736905161765E-004   3.4193900729907549E-004   5.1102541441062010E-004   6.9316078329436173E-004   8.7684242517076108E-004   1.0531887432475456E-003   1.2166191393152544E-003   1.3644722421289619E-003
   1.1560912813835747E-002   1.2086811622579092E-004   2.6773439694966199E-004   4.6232566475321323E-004   6.9093503169242272E-004   9.3717367208931250E-004   1.1854824437433726E-003   1.4238494794514653E-003   1.6447305317933184E-003   1.8445315293399913E-003
   1.2657915866672035E-002   1.6247279316352454E-004   3.5989277291408647E-004   6.2146244544566455E-004   9.2874830486330134E-004   1.2597075920826532E-003   1.5934140785416684E-003   1.9137156747744081E-003   2.2104733527598484E-003   2.4788633962269861E-003
   1.3859012403933871E-002   2.1698929871713559E-004   4.8065203422129727E-004   8.2998413396407375E-004   1.2403523041926267E-003   1.6822959241513198E-003   2.1278477797053771E-003   2.5554267726633079E-003   2.9514955182926264E-003   3.3096246736213425E-003
   1.5174079748634946E-002   2.8772004032080593E-004   6.3732713226408025E-004   1.1005193634974970E-003   1.6446090533483932E-003   2.2304959563059406E-003   2.8210640360764967E-003   3.3876822218011221E-003   3.9124071686283948E-003   4.3867360296338210E-003
   1.6613932472747905E-002   3.7846781557559578E-004   8.3834104912929399E-004   1.4476077125918612E-003   2.1632283255867998E-003   2.9337091166153077E-003   3.7101736323359264E-003   4.4549358419034490E-003   5.1444053820917934E-003   5.7674356274160701E-003
   1.8190411331788243E-002   4.9344684143316938E-004   1.0930272662121306E-003   1.8873567747098997E-003   2.8202499039594472E-003   3.8244676527106028E-003   4.8361968500229575E-003   5.8062638558275719E-003   6.7039343656107638E-003   7.5147401249035491E-003
   1.9916480638308576E-002   6.3710546991621597E-004   1.4112364674145187E-003   2.4367605698768953E-003   3.6410179258160266E-003   4.9370285876869291E-003   6.2422602473023526E-003   7.4931647834646916E-003   8.6501021181795874E-003   9.6945008378917213E-003
   2.1806334875063296E-002   8.1386856633548831E-004   1.8027656032697189E-003   3.1127116439433633E-003   4.6506974600542305E-003   6.3053456711674874E-003   7.9710042248555650E-003   9.5664081113517475E-003   1.1040994887726141E-002   1.2371221060361239E-002
   2.3875515424585839E-002   1.0278520700979974E-003   2.2767267418048196E-003   3.9309121780549501E-003   5.8726447851531992E-003   7.9608489698009387E-003   1.0061754986549222E-002   1.2072609919370326E-002   1.3929689058994821E-002   1.5603550072317941E-002
   2.6141038375114913E-002   1.2826455096186663E-003   2.8410694942448390E-003   4.9050571906594917E-003   7.3271961770314730E-003   9.9308097610382902E-003   1.2548461312493622E-002   1.5051759197121211E-002   1.7361401262646830E-002   1.9441100873949315E-002
   2.8621534453892730E-002   1.5814460333364192E-003   3.5028861374104352E-003   6.0473786027487536E-003   9.0325069080211037E-003   1.2239511773743439E-002   1.5461218165407060E-002   1.8539102382499336E-002   2.1375736401060028E-002   2.3927060226590753E-002
   3.1337402238589059E-002   1.9279021528766488E-003   4.2702920701348642E-003   7.3719168267285555E-003   1.1009478992365674E-002   1.4914988626138092E-002   1.8834863595186768E-002   2.2575571252887103E-002   2.6018868332060487E-002   2.9112015319270049E-002
   3.4310975906798831E-002   2.3281070337727778E-003   5.1568513184571561E-003   8.9021826915508025E-003   1.3293239906210893E-002   1.8004631725174469E-002   2.2728782284192551E-002   2.7231663842604874E-002   3.1371263074846167E-002   3.5085220848589296E-002
   3.7566708903115982E-002   2.7926385441913349E-003   6.1861059346668924E-003   1.0678997558927296E-002   1.5944883091563420E-002   2.1591148806280734E-002   2.7247156337116350E-002   3.2631877921024011E-002   3.7576063016640036E-002   4.2006627876515990E-002
   4.1131375034185735E-002   3.3421921046016510E-003   7.4040198812428881E-003   1.2781888329110059E-002   1.9083248518227257E-002   2.5835363433142564E-002   3.2592711458458233E-002   3.9018818785986391E-002   4.4912663640718629E-002   5.0188896649281167E-002
   4.5034288645458394E-002   4.0187502309762362E-003   8.9035438612900652E-003   1.5371052265476968E-002   2.2946750499184671E-002   3.1058681753915074E-002   3.9169172079656672E-002   4.6874022906757670E-002   5.3933784736265915E-002   6.0248460238544743E-002
   4.9307545690287481E-002   4.8780351271393175E-003   1.0807782299397129E-002   1.8658000549894211E-002   2.7848979822297573E-002   3.7682144431407057E-002   4.7503317460446490E-002   5.6823401810882815E-002   6.5355203825309058E-002   7.2980721995507702E-002
   5.3986287673825017E-002   5.9804155703967413E-003   1.3249704261370008E-002   2.2870198606844749E-002   3.4125383253541919E-002   4.6153611331048151E-002   5.8152434874462963E-002   6.9525614311382336E-002   7.9926218429318796E-002   8.9214082437908779E-002
   5.9108990642279875E-002   7.3959907235292936E-003   1.6382887767584373E-002   2.8268458379227621E-002   4.2157355462778531E-002   5.6977853932758227E-002   7.1739080970268196E-002   8.5709766191269035E-002   9.8468648743863019E-002  0.10984908804407172     
   6.4717781594067936E-002   9.1198303948707600E-003   2.0195393194065787E-002   3.4829952957112331E-002   5.1907646676574659E-002   7.0101153616425507E-002   8.8192155293919036E-002  0.10528657008808727       0.12087461701992788       0.13475978114330270     
   7.0858784914888756E-002   1.1041917380053095E-002   2.4445673412636086E-002   4.2144294545932055E-002   6.2778258891120195E-002   8.4737906405157312E-002  0.10655065565058607       0.12713758163586372       0.14588889890642082       0.16257540602617912     
   7.7582501685667909E-002   1.2931558081716739E-002   2.8632502539321068E-002   4.9373125588699232E-002   7.3570572262320486E-002   9.9343417623964717E-002  0.12495892800327758       0.14914056443280013       0.17116962183687576       0.19077854016972665     
   8.4944224982638025E-002   1.4600982979314808E-002   3.2356513987772992E-002   5.5871661665240567E-002   8.3404177291419843E-002  0.11283650158686732       0.14217713773553048       0.16994090309497906       0.19528855546790441       0.21790101322893887     
   9.3004494584813954E-002   1.6123104536928036E-002   3.5792895407267211E-002   6.1979276930698719E-002   9.2844123651354277E-002  0.12604284187345446       0.15930243202745722       0.19090672154335794       0.21987593543139369       0.24581852121272479     
  0.10182959482819059        1.8020951069503421E-002   4.0089026937223139E-002   6.9651138908643856E-002  0.10474250634028347       0.14269707443171528       0.18088196319304928       0.21730753010464404       0.25082728020907052       0.28095903655009363     
  0.11149209970080924        2.1098615660277032E-002   4.6975640625635605E-002   8.1754358963042617E-002  0.12313930434058989       0.16791505462528705       0.21296369310211100       0.25597022377365419       0.29560276855332890       0.33128913339158733     
  0.12207146966133181        2.5566810343433447E-002   5.6882972602733041E-002   9.8944623660603748E-002  0.14884250480044284       0.20258048387918265       0.25646497714547017       0.30781866276707215       0.35511334631817693       0.39769532160967391     
  0.13365470508911154        3.0146765795608557E-002   6.7093605693860595E-002  0.11678701833714256       0.17565634523441764       0.23893442547778876       0.30237062091910483       0.36288487080296844       0.41869627161936945       0.46902385280143954     
  0.14633706173946351        3.3090341799302897E-002   7.4012039785122677E-002  0.12965846411533966       0.19613290939294353       0.26816438180152435       0.34099091345768351       0.41100754871578016       0.47601699412871845       0.53496698633419149     
  0.16022283408774773        3.5475990802511292E-002   8.0022267027076918E-002  0.14158171734700467       0.21609750984538376       0.29788603355029619       0.38156691040886470       0.46282225891112688       0.53887059907925960       0.60826881173085179     
  0.17542621300415920        4.0612006842367959E-002   9.1951318565220805E-002  0.16320108807505926       0.24967507515842841       0.34498351678930661       0.44293444043701163       0.53842509679374873       0.62810511489893339       0.71018893449978171     
  0.19207222481239303        4.7889156589354769E-002  0.10841802879766109       0.19211109812470603       0.29339704708806275       0.40501942846719657       0.51987729844516561       0.63205572015355760       0.73764129462612871       0.83451448587385324     
  0.21029775945461360        5.2494846222669873E-002  0.11986294498623580       0.21413368018830989       0.32963835867454272       0.45842698050030534       0.59224092721792865       0.72394680740107176       0.84868051316193893       0.96369680437601080     
  0.23025269621793309        5.6840780736203460E-002  0.13131110884766495       0.23727135946969466       0.36922509429693773       0.51837113728378093       0.67496462531904322       0.83031160147464633       0.97833184441094612        1.1154813090725457     
  0.25210113627991265        6.5432112377035570E-002  0.15132878830939672       0.27366422537508006       0.42659209676368176       0.60028109630799986       0.78359338084209640       0.96639239973273694        1.1414352244352566        1.3043668095360006     
  0.27602275220902728        7.1939790448855526E-002  0.16800135799538818       0.30687834946849113       0.48297910878996936       0.68531435346048097       0.90081724890019954        1.1172776066069428        1.3257768282228164        1.5208063626981299     
  0.30221426551783803        7.9034089497469734E-002  0.18656259999388555       0.34463046191898516       0.54803150694546177       0.78444033519034961        1.0385093460221195        1.2955418247646342        1.5445827346129601        1.7786991128012373     
  0.33089106441964966        8.8422707037028564E-002  0.21002466663549271       0.39087967465602730       0.62630087686836600       0.90275544304117594        1.2025193358349713        1.5080726799935900        1.8060153072146357        2.0876294842668788     
  0.36228897509242902        9.6531113700429091E-002  0.23258048924706859       0.43916882866743151       0.71251464147747245        1.0374384384630537        1.3930379944803377        1.7581674811366215        2.1163554534865283        2.4566662344494441     
  0.39666620101612027       0.10694378116322023       0.26029340587607058       0.49705199522591398       0.81490697740160978        1.1972931943104363        1.6198348973518943        2.0570806513425919        2.4887628692767252        2.9011388846382107     
  0.43430544633167090       0.11715502619841450       0.28958198154790754       0.56148124222516760       0.93254365993300836        1.3844767463029704        1.8885936450648555        2.4141524669829759        2.9362223987749263        3.4375991147913831     
  0.47551624068340170       0.12867114017704878       0.32302924609041128       0.63606736232315386        1.0704299805128035        1.6061164975636226        2.2093268401509945        2.8428540549496910        3.4760057521019667        4.0872776129285251     
  0.52063748466325777       0.14117219726310740       0.36059646425447983       0.72202936044906596        1.2321976649432105        1.8692638081822022        2.5932389952912747        3.3590054481180620        4.1287974037984121        4.8758253579923307     
  0.57004023678963622       0.15463602170008361       0.40284114970842749       0.82151745646615759        1.4228149106389669        2.1828547810336327        3.0541252987332141        3.9818448692701889        4.9196093940243504        5.8341890850886342     
  0.62413076493974640       0.16940036945003850       0.45083571191085248       0.93742273092410155        1.6484834309074072        2.5578253493411673        3.6087172895964144        4.7345684110438961        5.8784822538018817        6.9994606654979732     
  0.68335388732923041       0.18557533303136056       0.50554758799281752        1.0730319820475325        1.9166044280512275        3.0072862371221718        4.2769704831857487        5.6446766429392889        7.0408731700426364        8.4153157286538374     
  0.74819663051388374       0.20337086837137586       0.56823737232266214        1.2324066798664395        2.2361615041153491        3.5469400300207412        5.0825078496640801        6.7444232609854478        8.4481013753016203        10.132469439749986     
  0.81919223449536838       0.22301132579437224       0.64042010963431872        1.4204708637421424        2.6179377674220645        4.1953609268781102        6.0528773926400161        8.0709901592878683        10.147419844169804        12.208660535998199     
  0.89692453786727211       0.24477927312191175       0.72394888605030139        1.6431822237712790        3.0747691812116336        4.9742393663876294        7.2196766001975421        9.6664176170447931        12.191729343822617        14.708170866331628     
  0.98203277906312625       0.26901926186682207       0.82107383101955744        1.9077015672582260        3.6217670959814794        5.9085051598771274        8.6184278749009593        11.577148818797065        14.638776469161781        17.700708312674870     
   1.0752168531898927       0.29614272439488543       0.93451880075523341        2.2225736296457219        4.2764882262834307        7.0262769907365259        10.288135860566085        13.853120150523795        17.549780488778840        21.259615652353251     
   1.1772430676769294       0.32664270410555496        1.0675746621761104        2.5979034683274542        5.0590112822445441        8.3585759924547887        12.270467513020497        16.546368773250432        20.987508717122846        25.459477979230918     
   1.2889504440725368       0.36111331225925297        1.2242012372287809        3.0455065585949734        5.9918701868740225        9.9387460941644239        14.608533106165352        19.709208157868119        25.013943200580087        30.373366699997501     
   1.4112576178114535       0.40027140847635884        1.4091353777758895        3.5790104638572484        7.0998010402699645        11.801562857517208        17.345332930300458        23.392159284806013        29.687864567071845        36.070182010627754     
   1.5451703926941469       0.44498188062906829        1.6280055559895932        4.2138881395558867        8.4092827025669674        13.982080086494216        20.522053783394966        27.641987018604024        35.062868995566049        42.612764397885130     
   1.6917900122028373       0.49628598286585246        1.8874402190380257        4.9673819331383795        9.9478459537464463        16.514292459136854        24.176452422369014        32.500242347474234        41.186358809587560        50.057430806211606     
   1.8523222156741213       0.55543637939281332        2.1951659679103170        5.8583036989647557        11.743201221873941        19.429818783788036        28.341704137164292        38.002817632208505        48.100080620290818        58.455534130831019     
   2.0280871538024625       0.62393650806205225        2.5600799563056582        6.9066904666994215        13.822258061976466        22.756835725325899        33.046055608514543        44.180854339943949        55.842449336198150        67.857131499012510     
   2.2205302450155360       0.70358500216815267        2.9922824128599883        8.1333211567246853        16.210170016834933        26.519522532942840        38.313531959263784        51.063068939488559        64.452414758231981        78.316166493879635     
   2.4312340619997870       0.79661150125344882        3.5032968119662740        9.5595928249241862        18.930290338641267        30.739185371474235        44.166908337939645        58.680524673015107        73.975594094518954        89.897568464747479     
   2.6619313461261318       0.90534785176154886        4.1049148377274705        11.204831578777958        22.000597143654716        35.430904584262841        50.624924273092375        67.063961501961430        84.461074795021432        102.67320868900332     
   2.9145192568009906        1.0328934655214517        4.8107325780326606        13.088976045933297        25.438809284659815        40.611887963427549        57.713403602641812        76.256439083618019        95.974524086449946        116.73508680441263     
   3.1910749729235515        1.1827246980240520        5.6346800671524768        15.229739035987887        29.259218882951416        46.298254652274451        65.461080807081700        86.306944251538852        108.58905809556899        132.18381008347589     
   3.4938727747491285        1.3588713440883702        6.5910819693208111        17.643048785868551        33.474587816292761        52.508010621084679        73.902178333136604        97.271288365414819        122.38450770742850        149.12704956526497     
   3.8254027466328799        1.5659348775484294        7.6942763294966774        20.342945015246517        38.096917111277783        59.261789035948397        83.075534548724548        109.20906056044893        137.44331445002683        167.67558513394957     
   4.1883912544574775        1.8091236200497300        8.9583348625995001        23.341865675135903        43.138337997710856        66.583194431491208        93.023021053028216        122.18072406953659        153.84818879721030        187.94226140500211     
   4.5858233661428098        2.0942494255071038        10.396782431819130        26.650954130678709        48.611553886673136        74.498243331340845        103.78715672240565        136.24536464031391        171.68160355519572        210.04261740055674     
   5.0209673996144657        2.4276719586225299        12.022319750173828        30.280214155155136        54.529751963192886        83.033991633886018        115.40859233190177        151.45979481405735        191.02641313594569        234.09508900413729     
   5.4974018001037450        2.8162858193702753        13.846841073979894        34.238920343413632        60.906818427318697        92.217533049390482        127.92540431564179        167.88016513042837        211.96736269334380        260.22031934270916     
   6.0190445678066622        3.2674270498026505        15.881373337467965        38.535572475208035        67.756963260498409        102.07434191408328        141.37304863116003        185.56298791654461        234.58969264898360        288.53600633998161     
   6.5901854779032725        3.7887846431130709        18.136131060938993        43.177847769324245        75.094418772787023        112.62718741107381        155.78569706176177        204.56522150325964        258.97522366032115        319.14898488673373     
   7.2155213579010242        4.3882785237256616        20.620507015393141        48.172382012420833        82.932824301716309        123.89563627337061        171.19734831748906        224.94180986798443        285.19559069840659        352.14941908378671     
   7.9001947124089602        5.0739603564377198        23.343088385847853        53.524693139350134        91.284601524775937        135.89682956369720        187.64202388925776        246.74111433147004        313.30817424542414        387.61878855621575     
   8.6498360129766851        5.8539259755197950        26.311615521768296        59.239190707590083        100.16023512269085        148.64697316021454        205.15206271344502        270.00018087018628        343.36328412872973        425.64728471979106     
   9.4706100007722398        6.7362078140067139        29.532781616256134        65.319112468187598        109.56748440114912        162.16229969945485        223.75407594498836        294.74635877970553        375.41825984981989        466.33262120894534     
   10.369266382873457        7.7286932708027267        33.012015293090570        71.766576231926308        119.51123927065836        176.45895359922767        243.46503805671770        321.00873819343144        409.53612502357163        509.75287430426124     
   11.353195339077612        8.8391752842715459        36.753551956216128        78.583136189610840        129.99492886175568        191.55214245562993        264.29535951072313        348.82554316624379        445.76423945500983        555.95457298535325     
   12.430488295695186        10.075107150422939        40.759726769715733        85.768905778413824        141.02067999395138        207.45140456250414        286.25703869788191        378.22826272075207        484.12182873206581        604.98621470370722     
   13.610004466105526        11.443774994074072        45.031394585986469        93.323349033535706        152.59188874110566        224.15970068118631        309.37051225332965        409.22712299228323        524.63350215816615        656.91268380347174     
   14.901443705277449        12.952053780873895        49.567359805188310        101.24418531569275        164.71237887950304        241.67502742957717        333.65092604724737        441.82331625802476        567.33572976339474        711.76034612303158     
   16.315426277379739        14.606362363842742        54.364437895671230        109.52726758165672        177.38550739282022        259.99946366323019        359.09449724908904        476.03319554563762        612.23410243472097        769.54386999335350     
   17.863580192457370        16.412700735210816        59.417830336112416        118.16713032555745        190.61239706676054        279.14239979324879        385.69356446613267        511.86335291537887        659.32510914101431        830.29133566293569     
   19.558636830395095        18.376421555261977        64.720978807492386        127.15709338031655        204.38858505102388        299.10725898130897        413.45384995720417        549.29590838979277        708.62022449378810        893.99569610861067     
   21.414535638539547        20.502138264123243        70.265886600296938        136.49049540624696        218.70588231690044        319.88273064918565        442.37232506067454        588.33173853095411        760.09773287541907        960.65564500574214     
   23.446538763970572        22.793653588126666        76.043578022656519        146.16198643425122        233.55978879172631        341.45662859684870        472.42558298020043        628.95088348345428        813.74942568602933        1030.2562631344460     
   25.671356563109935        25.253862281119655        82.044524300030986        156.16817362935723        248.95367142802897        363.83119210277346        503.61107099591726        671.13630866121127        869.54305060732690        1102.7655632141621     
   28.107285020807289        27.884529777121884        88.258729434372341        166.50636338563413        264.88809791154449        386.99452746771271        535.90271587362338        714.85978261790899        927.46267228443685        1178.1709528529545     
   30.774356208980628        30.686432388718046        94.676453816904299        177.17401896141081        281.35254335869104        410.92877560221689        569.29042537858459        760.10483005949300        987.45154736913310        1256.3880529271125     
   33.694503022121602        33.659108601811745        101.28799431529113        188.16508452528009        298.33197879895920        435.62163694206697        603.73167196771271        806.81510431406696        1049.5076140984866        1337.4598046239455     
   36.891739544382439        36.800814153069325        108.08386580419874        199.47216381034480        315.82891420416053        461.06460228132914        639.24100717507861        855.00809779151621        1113.5309858790690        1421.1722903657444     
   40.392358531509046        40.108359234346395        115.05489473150405        211.08929536466326        333.83301754914800        487.21761270587700        675.71746304820897        904.55197031052069        1179.5607635946074        1507.7444224836140     
   44.225147631630513        43.576969839496599        122.19167247107306        223.02087731027447        352.33603932962933        514.10299026285986        713.25857269849689        955.57129845878319        1247.4226693278106        1596.6785308528183     
   48.421626123015102        47.200259175311885        129.48449434830832        235.26613309759705        371.31869402371859        541.63790887138578        751.63833456056898        1007.7723329524504        1317.2511439063389        1688.5676848986957     
   53.016304115627769        50.970610619595881        136.92313385126812        247.82579501042255        390.79523855630856        569.90130265868174        791.12958636512428        1061.4950920535598        1388.7287380296164        1782.4252879217781     
   58.046966348054411        54.879753170819733        144.50080460041787        260.67144280425771        410.70312769420883        598.72257571293244        831.26713966658576        1116.1828695837576        1462.2038551212283        1879.4174515476282     
   63.554982913623071        58.918450210173489        152.21388970718721        273.82464128264797        431.09171561432765        628.28781777263714        872.62021663140831        1172.4585816764584        1537.0315823570695        1977.9122912031066     
   69.585649471004459        63.075755115075921        160.06624845172880        287.24643782215691        451.84666244371829        658.26187040763750        914.34088859578469        1229.4833663939371        1614.0482707874280        2079.7792567308443     
   76.188559737046049        67.339129097047916        168.05220060659744        300.99658591345832        473.09832568454385        689.05416544387788        957.43778976414023        1288.0718811794288        1691.8811683587583        2182.6322773031934     
   83.418013325063441        71.696706873368470        176.17325559555093        314.96669090355260        494.63828990317160        720.06549978410476        1000.6021411499322        1347.3274550432482        1772.3323939147031        2289.0033199612062     
   91.333462282486295        76.136908763202371        184.41133454128251        329.29106941924618        516.72412149575973        752.05930624764062        1045.3506968855693        1407.9906404270387        1852.8356300140317        2396.1090016115613     
   100.00000000000004        80.646378819252050        192.79161422774780        343.75067999330616        538.93056045088929        783.97132714113820        1089.8670198622485        1469.5081113333561        1936.6729871884929        2506.4626164666511     
