   1.0000000000000002E-003   1.5665633928394235E-008   3.4712246950197218E-008   5.9873032836795833E-008   8.9392281450040792E-008   1.2118472576509526E-007   1.5326509263464532E-007   1.8408894776372386E-007   2.1270517735953894E-007   2.3858336237954824E-007
   1.0948889651276870E-003   2.2367374626536872E-008   4.9557442596090788E-008   8.5483998386381377E-008   1.2763730565214193E-007   1.7303782237161830E-007   2.1884806378306737E-007   2.6286170547486589E-007   3.0372158389120285E-007   3.4067162313513342E-007
   1.1987818459583783E-003   3.1920407064004521E-008   7.0716728680203432E-008   1.2198824229913979E-007   1.8215353542895025E-007   2.4695373124904786E-007   3.1233688502879365E-007   3.7515280272628985E-007   4.3346565634842964E-007   4.8619825968716790E-007
   1.3125330147352270E-003   4.5528058290581456E-008   1.0085397145165648E-007   1.7398349704020628E-007   2.5980760193758466E-007   3.5224310746020372E-007   4.4550796142898776E-007   5.3510886742639919E-007   6.1828341962526836E-007   6.9349496532701026E-007
   1.4370779141993756E-003   6.4894255976930079E-008   1.4374181335083639E-007   2.4798051133322782E-007   3.7032324575322941E-007   5.0209338972976418E-007   6.3504160039177167E-007   7.6276333958582421E-007   8.8132203554553329E-007   9.8852744930488473E-007
   1.5734407502856105E-003   9.2431488637135733E-008   2.0472168047395808E-007   3.5319564373878715E-007   5.2746995813521272E-007   7.1517581159403477E-007   9.0455552649747486E-007   1.0864845171907496E-006   1.2553564938558162E-006   1.4080543967745177E-006
   1.7227429147699432E-003   1.3154419962843763E-007   2.9132991423243342E-007   5.0263375167390142E-007   7.5067477602888409E-007   1.0178308986313719E-006   1.2873671202323654E-006   1.5462939557313802E-006   1.7866314395189146E-006   2.0039421552964019E-006
   1.8862122071335180E-003   1.8703294895547461E-007   4.1419302441528325E-007   7.1463399668932608E-007   1.0673268537995686E-006   1.4472072492697396E-006   1.8304654862880558E-006   2.1986262596720068E-006   2.5403465976365364E-006   2.8493248478676146E-006
   2.0651929314796274E-003   2.6564863101534195E-007   5.8825732119142693E-007   1.0149795925401257E-006   1.5159504398723870E-006   2.0555366355757301E-006   2.5999117048185781E-006   3.1228331330268359E-006   3.6081918701836964E-006   4.0470356137144340E-006
   2.2611569515367451E-003   3.7686809528760155E-007   8.3448537585731922E-007   1.4398609404981028E-006   2.1505974437089415E-006   2.9161246106655392E-006   3.6884352214096403E-006   4.4302873526243459E-006   5.1188347913117197E-006   5.7413943060498675E-006
   2.4757157946593421E-003   5.3395172842355894E-007   1.1822368309196818E-006   2.0399157612195374E-006   3.0469078791153514E-006   4.1315369589359907E-006   5.2257520639245867E-006   6.2768021451838149E-006   7.2523157833750333E-006   8.1343087403476648E-006
   2.7106339043648361E-003   7.5540490026448677E-007   1.6724520800252080E-006   2.8857912157075567E-006   4.3104243123740374E-006   5.8448840713326324E-006   7.3928886234998264E-006   8.8797929881224586E-006   1.0259813714075522E-005   1.1507531305890261E-005
   2.9678431503900389E-003   1.0669853804222324E-006   2.3621323994555488E-006   4.0758338763586758E-006   6.0880208964726761E-006   8.2553399562172615E-006   1.0441744217152746E-005   1.2541816725675284E-005   1.4490892577278070E-005   1.6253067904272789E-005
   3.2494587155918438E-003   1.5044338807521981E-006   3.3303377473873316E-006   5.7464400619464620E-006   8.5834352775051347E-006   1.1639149534070354E-005   1.4721731347950464E-005   1.7682520521001743E-005   2.0430365712307506E-005   2.2914704536964038E-005
   3.5577964903394962E-003   2.1171450866710956E-006   4.6863260867948840E-006   8.0861010572548937E-006   1.2078211432798592E-005   1.6378055137488587E-005   2.0715612311328134E-005   2.4881774335693724E-005   2.8748248318133593E-005   3.2243750388320758E-005
   3.8953921174427275E-003   2.9731845540521669E-006   6.5806094926109516E-006   1.1354467987004592E-005   1.6960096735539447E-005   2.2997805705567283E-005   2.9088367897421298E-005   3.4938094247279662E-005   4.0366906168496115E-005   4.5274861081631468E-005
   4.2650218442334201E-003   4.1659363463150917E-006   9.2197473027318279E-006   1.5907748648214523E-005   2.3761084120350834E-005   3.2219638717722400E-005   4.0752087787656151E-005   4.8946891053157185E-005   5.6551912573854965E-005   6.3427391050630558E-005
   4.6697253532797080E-003   5.8230546139991548E-006   1.2885903711346554E-005   2.2232556670161064E-005   3.3207876102803479E-005   4.5028766710126502E-005   5.6952480555783358E-005   6.8404168815771560E-005   7.9031557340871015E-005   8.8639125000407272E-005
   5.1128307594829414E-003   8.1182155022837808E-006   1.7962913377455987E-005   3.0990830572275514E-005   4.6288705582995163E-005   6.2764851587918534E-005   7.9384176755967485E-005   9.5345048356443350E-005   1.1015642133704465E-004   1.2354620961509374E-004
   5.5979819791232878E-003   1.1286406655523237E-005   2.4970072085082528E-005   4.3078094122677171E-005   6.4340712945407677E-005   8.7240433212430879E-005   1.1033832740738504E-004   1.3252062928693475E-004   1.5310481766236950E-004   1.7171231778956942E-004
   6.1291686959257363E-003   1.5644214487028373E-005   3.4606837152552080E-005   5.9699649888885558E-005   8.9163424550121810E-005   1.2089459594574285E-004   1.5289930273534554E-004   1.8363369617751065E-004   2.1215269426018885E-004   2.3793329161834477E-004
   6.7107591705751436E-003   2.1615090178347085E-005   4.7808287536268091E-005   8.2467890838712769E-005   1.2316338163077703E-004   1.6698875870435804E-004   2.1118971776151697E-004   2.5363524896958068E-004   2.9302007945759009E-004   3.2862073722500046E-004
   7.3475361634921530E-003   2.9761886979498921E-005   6.5817069789058982E-005   1.1352403126791681E-004   1.6953608685541706E-004   2.2985377911679709E-004   2.9068494752765322E-004   3.4909700182820472E-004   4.0329389905095450E-004   4.5227968669654369E-004
   8.0447362662841772E-003   4.0832614017675061E-005   9.0284095137697272E-005   1.5571165810618920E-004   2.3252544207476021E-004   3.1523915348880823E-004   3.9865177741541555E-004   4.7874191889476771E-004   5.5304774003123527E-004   6.2020508750897552E-004
   8.8080929653170624E-003   5.5784980222303682E-005   1.2332141637810901E-004   2.1266955850845055E-004   3.1755982295605782E-004   4.3049741934784487E-004   5.4438413781757666E-004   6.5372428143319321E-004   7.5515667606939718E-004   8.4682639655916242E-004
   9.6438837915444661E-003   7.5865052586696438E-005   1.6767773884501634E-004   2.8913115185687124E-004   4.3170017186494440E-004   5.8519610493439349E-004   7.3996537130978455E-004   8.8854231264847165E-004   1.0263620635371218E-003   1.1509027827346244E-003
   1.0558981944335792E-002   1.0264619002920656E-004   2.2682178133107239E-004   3.9106785970443458E-004   5.8385258312359069E-004   7.9139378231059113E-004   1.0006305510708467E-003   1.2014718219025837E-003   1.3877502296841806E-003   1.5560565151636519E-003
   1.1560912813835747E-002   1.3815296852627323E-004   3.0521214350407393E-004   5.2615140312732664E-004   7.8545278496574839E-004   1.0645694786271154E-003   1.3459285052324092E-003   1.6159595141723260E-003   1.8663715593693416E-003   2.0925877150255331E-003
   1.2657915866672035E-002   1.8485198387905688E-004   4.0827973354946661E-004   7.0372380273886123E-004   1.0504204358532964E-003   1.4235620894687032E-003   1.7996503193152360E-003   2.1605204292203264E-003   2.4951017415793353E-003   2.7973086219645585E-003
   1.3859012403933871E-002   2.4570609132016486E-004   5.4254314222455357E-004   9.3499081137128561E-004   1.3954558160606308E-003   1.8909617255784231E-003   2.3902703781714220E-003   2.8692864431943002E-003   3.3133058411244499E-003   3.7142199074598928E-003
   1.5174079748634946E-002   3.2421034657319962E-004   7.1569358486564267E-004   1.2331690285002181E-003   1.8402332634615914E-003   2.4933605897710935E-003   3.1513467170084914E-003   3.7823980251013023E-003   4.3671536009411427E-003   4.8950157705041257E-003
   1.6613932472747905E-002   4.2435483966502268E-004   9.3649237315832404E-004   1.6133008129809688E-003   2.4071142109327866E-003   3.2609581344118805E-003   4.1209092460888878E-003   4.9453789294994820E-003   5.7090692218334836E-003   6.3981583423194342E-003
   1.8190411331788243E-002   5.5048243330221716E-004   1.2144746939927932E-003   2.0917387135013857E-003   3.1204077046567010E-003   4.2265439448636597E-003   5.3401918053875581E-003   6.4074222746777583E-003   7.3955012469736903E-003   8.2866110215153894E-003
   1.9916480638308576E-002   7.0708929416730612E-004   1.5594841537102269E-003   2.6853429251557635E-003   4.0051387889873400E-003   5.4238145231147034E-003   6.8514433373461454E-003   8.2188190879967232E-003   9.4840337219523497E-003   1.0624410834146860E-002
   2.1806334875063296E-002   8.9852652404866175E-004   1.9810508552275045E-003   3.4104132244070682E-003   5.0853933342179291E-003   6.8850645447673135E-003   8.6951066576254569E-003   1.0427607918060485E-002   1.2029476341612217E-002   1.3472135657164572E-002
   2.3875515424585839E-002   1.1287089581034134E-003   2.4877140295094680E-003   4.2815018547469512E-003   6.3826564510145282E-003   8.6389945002985219E-003   1.0906816197251324E-002   1.3075711018258312E-002   1.5079245557084788E-002   1.6882012072201559E-002
   2.6141038375114913E-002   1.4008945640462049E-003   3.0865575104876896E-003   5.3106306389531415E-003   7.9145671004847758E-003   1.0709048019583053E-002   1.3515395388673161E-002   1.6196738944070782E-002   1.8671081080694815E-002   2.0895073362902160E-002
   2.8621534453892730E-002   1.7178776898931652E-003   3.7836815210632265E-003   6.5081601227239081E-003   9.6962785366996561E-003   1.3115167751077886E-002   1.6545394657918263E-002   1.9819105041488337E-002   2.2836369257596974E-002   2.5545135761586270E-002
   3.1337402238589059E-002   2.0829952022204563E-003   4.5863768633215432E-003   7.8864993681563630E-003   1.1746037655381923E-002   1.5881641931090370E-002   2.0026480254413101E-002   2.3977327459731138E-002   2.7613918219094060E-002   3.0874262094250371E-002
   3.4310975906798831E-002   2.5024646023305897E-003   5.5082763503113870E-003   9.4690772374656264E-003   1.4098559763077232E-002   1.9054933162075401E-002   2.4016727929469430E-002   2.8740171809556056E-002   3.3081998707753094E-002   3.6969357538593324E-002
   3.7566708903115982E-002   2.9872447598827969E-003   6.5735636288531910E-003   1.1297457555338730E-002   1.6815699711073159E-002   2.2718451696604355E-002   2.8620964701550653E-002   3.4232655557777276E-002   3.9384213104711858E-002   4.3990954139480627E-002
   4.1131375034185735E-002   3.5605590983905518E-003   7.8333302612438420E-003   1.3459403647941265E-002   2.0027851537671861E-002   2.7048002067980512E-002   3.4060234224282379E-002   4.0718943561174552E-002   4.6824457189184342E-002   5.2278492838582422E-002
   4.5034288645458394E-002   4.2681789586381099E-003   9.3880235597501374E-003   1.6126862763528579E-002   2.3989727835082474E-002   3.2385657935994780E-002   4.0762910050495337E-002   4.8708833891595152E-002   5.5987220770503887E-002   6.2483497761143203E-002
   4.9307545690287481E-002   5.1699416898726988E-003   1.1368493394555571E-002   1.9523196102691622E-002   2.9030538631356458E-002   3.9171490759002330E-002   4.9277867880808089E-002   5.8852810220457415E-002   6.7614773560158867E-002   7.5429444610229476E-002
   5.3986287673825017E-002   6.3294893385012676E-003   1.3913589408547944E-002   2.3883546941272569E-002   3.5494764381970703E-002   4.7863128433646478E-002   6.0172086795200398E-002   7.1818847102929378E-002   8.2465099198455863E-002   9.1951608442383342E-002
   5.9108990642279875E-002   7.8156343090489168E-003   1.7172091849857928E-002   2.9458439324108868E-002   4.3745744984966445E-002   5.8938026981112966E-002   7.4031304491425157E-002   8.8289848697990295E-002  0.10130511170619552       0.11288838497112269     
   6.4717781594067936E-002   9.6158939277753396E-003   2.1115211891216724E-002   3.6195320989512107E-002   5.3701583081292317E-002   7.2282679904822025E-002   9.0709706315551558E-002  0.10808802776235837       0.12392637789709016       0.13800270001941539     
   7.0858784914888756E-002   1.1612192552767454E-002   2.5485836607681764E-002   4.3659453425642536E-002   6.4731286507748856E-002   8.7070900246409011E-002  0.10919957181369767       0.13004324446301685       0.14901799637386318       0.16586603479173920     
   7.7582501685667909E-002   1.3539852200616409E-002   2.9714291570989815E-002   5.0904781324307591E-002   7.5489596303705858E-002  0.10157565979244713       0.12743221585242770       0.15179614841744068       0.17398307602668869       0.19369275549130691     
   8.4944224982638025E-002   1.5197734886525193E-002   3.3378929881766946E-002   5.7257724578085957E-002   8.5065750296813708E-002  0.11468767622830123       0.14414603862836184       0.17197954460652970       0.19739124222716972       0.22002440847394389     
   9.3004494584813954E-002   1.6708989804617536E-002   3.6763699414442658E-002   6.3240942074049109E-002   9.4287725023834562E-002  0.12757214330065370       0.16084674865372775       0.19243115136946401       0.22139415181758329       0.24729939015281302     
  0.10182959482819059        1.8655883678153767E-002   4.1131741515625132E-002   7.0985120920151426E-002  0.10623393535847758       0.14422891325347517       0.18237620287597528       0.21873518393503236       0.25221491904247634       0.28227957342199556     
  0.11149209970080924        2.1876334888025716E-002   4.8264358646263154E-002   8.3408247050646603E-002  0.12497346311565428       0.16976899312897073       0.21473837118890224       0.25763318427280818       0.29718833278051998       0.33276758115343735     
  0.12207146966133181        2.6548722600557184E-002   5.8513478715521601E-002  0.10101831562525099       0.15108564786577250       0.20476948434167189       0.25847510612371971       0.30961460802304497       0.35674161533929166       0.39912484321655822     
  0.13365470508911154        3.1172473291052234E-002   6.8731646618488226E-002  0.11872985909625892       0.17753397951056046       0.24049392147260570       0.30350349783031610       0.36359070818572387       0.41906563781960354       0.46904707201267154     
  0.14633706173946351        3.4009476079587729E-002   7.5404816220010898E-002  0.13112590469016913       0.19724880689196958       0.26869567349458101       0.34087627284766137       0.41029827301026289       0.47485414548859001       0.53336671043021289     
  0.16022283408774773        3.6394819697445888E-002   8.1422979054412939E-002  0.14298923227422006       0.21703273496977654       0.29811902116935907       0.38105278713567076       0.46163221103777663       0.53716997971538027       0.60607956551437425     
  0.17542621300415920        4.1836819110355861E-002   9.3908020875395737E-002  0.16526566380058277       0.25122757023120323       0.34570995492439643       0.44274270535578847       0.53737622311487954       0.62638650673578178       0.70782563084911754     
  0.19207222481239303        4.9274206851663692E-002  0.11057196332643462       0.19417837815977623       0.29460299280520630       0.40499797879777544       0.51855070288349436       0.62954334904670906       0.73421594047789596       0.83024354920212551     
  0.21029775945461360        5.3689051221878885E-002  0.12163018247484648       0.21545550698336041       0.32968094398266251       0.45685868006719133       0.58905897419465936       0.71936025285874750       0.84305273698487071       0.95713404888775289     
  0.23025269621793309        5.8246330926921955E-002  0.13350068688681960       0.23901790823689126       0.36949545070105888       0.51672280621176825       0.67136645353155300       0.82500594504079683       0.97175347699432613        1.1077716981215679     
  0.25210113627991265        6.7125494986134168E-002  0.15394812780252931       0.27561892129625337       0.42654363114531152       0.59767980097937523       0.77845234837927102       0.95907979173018998        1.1325471446207098        1.2941242305954928     
  0.27602275220902728        7.3480840818990131E-002  0.17036759392155854       0.30818869382535347       0.48167606272005881       0.68082840511228437       0.89325900981844031        1.1071628084281575        1.3138650491845363        1.5073943782162726     
  0.30221426551783803        8.0926385940881543E-002  0.18959888196780991       0.34639965788824456       0.54647074451554900       0.77879808245251403        1.0289580025658025        1.2827844785266698        1.5296143232850723        1.7619487570099743     
  0.33089106441964966        9.0349076402668871E-002  0.21316337161159551       0.39221180767443864       0.62327186410226987       0.89453574099843536        1.1894559283481532        1.4911416285436707        1.7865104291041629        2.0661268948943632     
  0.36228897509242902        9.8697156969212427E-002  0.23629431424863459       0.44054245904057859       0.70823192152089898        1.0264823718346208        1.3759511377041578        1.7362816293976822        2.0913604423576939        2.4293616972311383     
  0.39666620101612027       0.10924928353773920       0.26442995977451444       0.49802280694847956       0.80848780956287292        1.1823158588684883        1.5971464238878854        2.0284826037263146        2.4564486011527542        2.8661805586996416     
  0.43430544633167090       0.11975501678162535       0.29449515065530768       0.56216182313442242       0.92350939703516233        1.3643553864260860        1.8586549785393245        2.3768287838742723        2.8943675244857303        3.3926592527767219     
  0.47551624068340170       0.13149016383521850       0.32871343332797015       0.63606747276951603        1.0576665764151267        1.5790015302082923        2.1696947966701909        2.7939426389384612        3.4215014088481435        4.0291072201489815     
  0.52063748466325777       0.14433807844259933       0.36735654612218976       0.72110783687480906        1.2144246781820243        1.8328321368685783        2.5407479126040986        3.2947292368046237        4.0574822341206174        4.8000198138397314     
  0.57004023678963622       0.15819466441876209       0.41092566005470849       0.81920600781203035        1.3982340459925831        2.1339740301785675        2.9845379822699063        3.8971270037978889        4.8258303770115489        5.7347015068712004     
  0.62413076493974640       0.17341775832551445       0.46056030108112195       0.93305977683715835        1.6146925449394665        2.4923542856590646        3.5164139861184407        4.6226092431652885        5.7545783743293422        6.8679951062812759     
  0.68335388732923041       0.19015830959566488       0.51733007736014758        1.0657106884065488        1.8704279940863986        2.9197770320900909        4.1545057889308818        5.4963643037373222        6.8764418789722512        8.2404650562554576     
  0.74819663051388374       0.20861610853363249       0.58257504130042004        1.2208774568739513        2.1734329550261848        3.4302604601581965        4.9200416823360849        6.5475603417078991        8.2290314956922241        9.8985776590591747     
  0.81919223449536838       0.22905560183433871       0.65794759948152659        1.4030578934339557        2.5332359380826288        4.0402035165392807        5.8374193167133983        7.8092663542695400        9.8546046717262250        11.894301846933889     
  0.89692453786727211       0.25179254119605482       0.74545703479097292        1.6176675821427609        2.9610905752715193        4.7684963350552714        6.9341117307516447        9.3180804808964854        11.799407561599489        14.284188367002129     
  0.98203277906312625       0.27720421771881970       0.84754523158282202        1.8711899417941358        3.4701101529385272        5.6364605917683512        8.2402670203829427        11.113314933228901        14.112434558541660        17.127751405681749     
   1.0752168531898927       0.30574471713121948       0.96717784348954117        2.1713327793172592        4.0753313545656686        6.6675881997832187        9.7879565481991566        13.235694351089959        16.843592948661293        20.485147441162539     
   1.1772430676769294       0.33796162063553042        1.1079438460278843        2.5271723821889207        4.7936630674063618        7.8870218320525289        11.610032390745470        15.725572573318429        20.041336758088782        24.414290632303576     
   1.2889504440725368       0.37451543657054437        1.2741716203932820        2.9492639319592548        5.6436722375092696        9.3207259390468060        13.738605237845883        18.620770654969022        23.749961487283532        28.967693391355567     
   1.4112576178114535       0.41620301957980094        1.4710518837524063        3.4496962862166818        6.6451775779662690        10.994389058221946        16.203253722696363        21.954277055753472        28.006965214723500        34.189577448595436     
   1.5451703926941469       0.46398691779244955        1.7047700431192019        4.0420723130423095        7.8186549022701897        12.932110065756030        19.029226543404704        25.752234136583752        32.841052193225465        40.113966180504725     
   1.6917900122028373       0.51902641439682118        1.9826362620313398        4.7413791663590112        9.1844516342670151        15.155052509219374        22.235905166153056        30.032670579512086        38.271351552006514        46.764454931727137     
   1.8523222156741213       0.58271589398795043        2.3132080646434292        5.5637486905124884        10.761908820061837        17.680274487857567        25.836017079941954        34.805530864820099        44.308489498399744        54.156264663482183     
   2.0280871538024625       0.65672946440724356        2.7063936481875293        6.5261051767342630        12.568511353869079        20.520080341050221        29.835948595315948        40.074394098269700        50.957748872787995        62.300681146745532     
   2.2205302450155360       0.74306852835710935        3.1735244316782043        7.6457326146933493        14.619240825285711        23.682172055543415        34.237473409449350        45.839999374957692        58.224148453147123        71.211363100234138     
   2.4312340619997870       0.84417361723251993        3.7275446064049591        8.9401116567245964        16.926796589334533        27.171427971518444        39.041672906544136        52.106090006337148        66.119676300134842        80.912488299276731     
   2.6619313461261318       0.96270963954264122        4.3822411913597428        10.425160835955856        19.499944678561658        30.989543275271885        44.250007120299983        58.881322545184183        74.665247954535147        91.440248774123916     
   2.9145192568009906        1.1020756319177083        5.1534272918529052        12.117313016721988        22.348032855661884        35.142831517680271        49.874911013221706        66.191347871152630        83.903165930216957        102.85541557920256     
   3.1910749729235515        1.2661199598085635        6.0579016600649682        14.031937031348919        25.480344746556547        39.642681787553855        55.940281766302796        74.078048022357194        93.894577624863075        115.23916399443041     
   3.4938727747491285        1.4592956467939135        7.1136380840754647        16.184234279404848        28.909186338286478        44.510423590081743        62.486366442798499        82.603075547842877        104.72170419855249        128.69500442527590     
   3.8254027466328799        1.6866785762552150        8.3396821134857770        18.590186200016440        32.652473379860311        49.780181074682964        69.570948701809513        91.846771130301420        116.48591597224537        143.34753308131297     
   4.1883912544574775        1.9540127417724515        9.7562133784405027        21.267854903630052        36.736072416771286        55.500138068739872        77.267991433590936        101.90535162231028        129.30560203895487        159.34145314901633     
   4.5858233661428098        2.2677022191631324        11.384783811414811        24.238850429797544        41.195404392551545        61.731815624144375        85.663695095268395        112.88621379537588        143.31290493775640        176.83973059826255     
   5.0209673996144657        2.6347852053502474        13.248762579580061        27.529964135457977        46.075717114805364        68.546950075161590        94.851215090309168        124.90361346734038        158.65016724392481        196.01931971147312     
   5.4974018001037450        3.0629253386989590        15.374234293045024        31.174614091308918        51.431369976482749        76.023363212915328        104.92570240523959        138.07524379085879        175.46560811920509        217.06356564511097     
   6.0190445678066622        3.5603784429402778        17.791163583320266        35.214031948572547        57.324446794637282        84.241130680613196        115.98198079695429        152.51969520323402        193.90680950866368        240.15178638718015     
   6.5901854779032725        4.1359605888396853        20.535179352109786        39.698156698114325        63.823378258101151        93.280895213799269        128.11509692139992        168.35467951001746        214.11468148218140        265.44963327964183     
   7.2155213579010242        4.7990323099998209        23.649569592783902        44.686616669597228        71.003222898173888        103.22652103853856        141.42508020794853        185.69867261734893        236.22281811989862        293.11086546020442     
   7.9001947124089602        5.5595597975687054        27.187924602606781        50.250316150222361        78.948719018388871        114.17278332300114        156.02551201119476        204.67848232870813        260.36989133705970        323.30036868966363     
   8.6498360129766851        6.4282290035280925        31.217167131651621        56.475017934506681        87.760293606198985        126.23761010649983        172.05569898839218        225.44556143833987        286.73022537163951        356.22921772296650     
   9.4706100007722398        7.4166840309990922        35.821167029147119        63.466427140662134        97.563720523238842        139.57552508462499        189.69468451017028        248.20233462115414        315.54863580284854        392.17500835852519     
   10.369266382873457        8.5378567515543935        41.105133632716957        71.357659552089913        108.52051942455533        154.38848817791569        209.17553205628334        273.23069945842633        347.15180126614268        431.48116306916165     
   11.353195339077612        9.8065854763713531        47.201697664716789        80.318526690286816        120.83938736078449        170.93324287729010        230.80064538836695        300.90024645067564        381.93796409147052        474.57988164104904     
   12.430488295695186        11.240200475590349        54.277980868851913        90.564952301573840        134.78451309813005        189.52508140858740        254.95411612393036        331.64925737060457        420.38663925203036        522.04017400023815     
   13.610004466105526        12.859598248434038        62.546243256774495        102.37087001435322        150.68638361008391        210.54999749707247        282.10636856933991        365.98539323435182        463.10561354622394        574.55067776605949     
   14.901443705277449        14.690286707593947        72.276944864093664        116.08221994266158        168.95585072998824        234.49113022726866        312.81556200874473        404.54456359643956        510.82562939734362        632.87227504297482     
   16.315426277379739        16.763817934200560        83.816649853453356        132.13779484087635        190.10868972187350        261.96819325471694        347.76570855795444        448.14305811233953        564.39336583943987        697.96308198556642     
   17.863580192457370        19.119704685321732        97.611923311992413        151.10018146673525        214.80251811366543        293.77044964330520        387.85578274852554        497.77484122094165        624.92363488242108        771.05205439096255     
   19.558636830395095        21.807603511924810        114.24016248341846        173.69528497658456        243.88443416526297        330.88961423466662        434.26002574427724        554.70713915228544        693.85179599741389        853.63296454819954     
   21.414535638539547        24.890136917228574        134.45081115917029        200.86470197757953        278.45738311881087        374.59628558512543        488.44014458731658        620.62842406269385        772.95129091526144        947.68070886081875     
   23.446538763970572        28.446800821364626        159.21966361796180        233.83200227562830        319.96361069306442        426.57476112951218        552.28390034264407        697.62617264184098        864.56209751422409        1055.6572091743890     
   25.671356563109935        32.578861784705630        189.82101933393403        274.19001402413943        370.27307908591064        489.01642116012528        628.29489483733926        788.45665628645384        971.63724292595373        1180.7456697739976     
   28.107285020807289        37.415755549324835        227.92159405019811        324.01612172024136        431.79860879656854        564.71377229817040        719.65237104694245        896.66010795901434        1098.0369415410139        1327.0529974566198     
   30.774356208980628        43.123911621778234        275.70750643495762        386.02857566987655        507.68859014110035        657.35460667236646        830.56375166151633        1026.8931601378847        1248.7567687997589        1499.8535177723265     
   33.694503022121602        49.917867897049462        336.04864266815798        463.79653062181973        602.13105136684430        771.82559392834423        966.49829786970736        1185.1313861710591        1430.3090167839830        1706.0745524243914     
   36.891739544382439        58.075274160787735        412.72184366054574        562.02900425884832        720.63568110665483        914.41802783945161        1134.6934600267782        1379.3995082719575        1651.2525807053873        1954.7427599749935     
   40.392358531509046        67.956537064021219        510.70300888127605        686.95638123122455        870.38276763894009        1093.5806298391165        1344.4730185867490        1620.0476819427554        1922.4003442013884        2257.5812297419566     
   44.225147631630513        80.031038235451717        636.56081197585956        846.79797036988430        1060.8584258438109        1320.2457903401844        1608.4926062524046        1920.6592353587728        2259.6560169708737        2629.2477107550380     
   48.421626123015102        94.912113434213950        798.97495233317909        1052.3550346538270        1304.7641170534046        1608.9711624070162        1943.2901415124838        2298.8374274875332        2680.0045047980652        3093.0688984765429     
   53.016304115627769        113.40362312864642        1009.4380363294714        1317.8839942162965        1618.4178362663733        1979.2876623056011        2369.4208888636590        2781.0608265078795        3210.2263872580043        3670.4651246646104     
   58.046966348054411        136.56149352893132        1283.1724956830046        1662.3410311892048        2024.3375914616593        2456.2965042034243        2917.2981111995473        3392.5758615107052        3886.9899052028049        4399.2844486963013     
   63.554982913623071        165.77269496687745        1640.3611881706390        2110.9910552013785        2551.1205677107137        3072.4777130375442        3625.6514821388428        4181.1247468229658        4747.5553577849405        5331.4728250234602     
   69.585649471004459        202.86003567361240        2107.6756043973642        2697.0417766458354        3237.1214477203102        3876.9290192264730        4537.5641892693811        5201.9680719636053        5852.1270505090743        6518.4308829474812     
   76.188559737046049        250.22420060798399        2720.4539212833242        3464.1464539041394        4134.5296474201823        4922.5927373060867        5730.6472797251972        6520.4326425160816        7292.1296320581587        8038.2507385127910     
   83.418013325063441        311.04120374605782        3525.3550608828109        4471.9141034031118        5311.7620479190400        6288.9300182992547        7287.5468105629079        8233.7688085594691        9146.2626640267190        10027.719159463220     
   91.333462282486295        389.51767602578519        4585.0105203133726        5796.9473921861600        6852.2170120511682        8088.3690816024491        9319.5925891179395        10491.391309234214        11561.445831284685        12582.016268889120     
   100.00000000000004        491.20747130330176        5981.8601408157338        7541.1070169927552        8887.4696141054374        10446.089555820652        11986.574538358676        13419.844825583776        14737.541183333833        15927.665396405100     
