   1.0000000000000002E-003   7.9501703075928643E-009   1.7610338204008195E-008   3.0410008009150829E-008   4.5448968054949378E-008   6.1651375200852897E-008   7.7995803670731912E-008   9.3693207947733743E-008   1.0824710241684542E-007   1.2141988469645070E-007
   1.0948889651276870E-003   1.1346203033495856E-008   2.5132852942593957E-008   4.3400077930928602E-008   6.4863115013602446E-008   8.7986550276376648E-008   1.1131263984095080E-007   1.3371529137220719E-007   1.5448594711834510E-007   1.7328551862823195E-007
   1.1987818459583783E-003   1.6185286968460011E-008   3.5851851909136097E-008   6.1909907675144588E-008   9.2526726838719468E-008   1.2551203721615219E-007   1.5878637518494127E-007   1.9074338712580343E-007   2.2037233552193790E-007   2.4718952882703261E-007
   1.3125330147352270E-003   2.3076222142815008E-008   5.1115877503816530E-008   8.8268181536027676E-008   1.3192008199518373E-007   1.7894876871075220E-007   2.2638943885643862E-007   2.7195184649545294E-007   3.1419495659395588E-007   3.5242917192808637E-007
   1.4370779141993756E-003   3.2881395362418742E-008   7.2835185390367627E-008   1.2577355237991766E-007   1.8797308859017927E-007   2.5498405226657430E-007   3.2258188387245190E-007   3.8750323438212666E-007   4.4769481431429327E-007   5.0217406116380512E-007
   1.5734407502856105E-003   4.6822533850466510E-008   1.0371599459437585E-007   1.7909914050139190E-007   2.6766980307607339E-007   3.6309156507697811E-007   4.5934872777886790E-007   5.5179439335304158E-007   6.3750479398757335E-007   7.1508085870566766E-007
   1.7227429147699432E-003   6.6625185018155012E-008   1.4758051648533219E-007   2.5484514978963494E-007   3.8087430072770869E-007   5.1665158799881278E-007   6.5361709752604500E-007   7.8515871412769632E-007   9.0711625992340956E-007   1.0174990935910365E-006
   1.8862122071335180E-003   9.4725899924645307E-008   2.0982587265812658E-007   3.6233130686560898E-007   5.4151494413407221E-007   7.3455736390591216E-007   9.2928832109954482E-007   1.1163070529546618E-006   1.2896989690357108E-006   1.4466340663095825E-006
   2.0651929314796274E-003   1.3455668783948827E-007   2.9805416590507849E-007   5.1468482783461686E-007   7.6921028365445515E-007   1.0434204582966069E-006   1.3200277313477383E-006   1.5856787502283257E-006   1.8319723400458626E-006   2.0548889308217154E-006
   2.2611569515367451E-003   1.9094476121942301E-007   4.2295791333914233E-007   7.3036930939675879E-007   1.0915538581419290E-006   1.4806697961417980E-006   1.8731849123431166E-006   2.2501504204458025E-006   2.5996452055942496E-006   2.9159659277682422E-006
   2.4757157946593421E-003   2.7066349186405648E-007   5.9954039746456246E-007   1.0352918938524686E-006   1.5472631155786280E-006   2.0988226721850172E-006   2.6551963575163087E-006   3.1895251943056966E-006   3.6849122497195150E-006   4.1332742429146146E-006
   2.7106339043648361E-003   3.8319647651075114E-007   8.4880802475595861E-007   1.4657253873242072E-006   2.1905460872189843E-006   2.9714072975840560E-006   3.7590770578569371E-006   4.5155307867337235E-006   5.2168484178884160E-006   5.8515879219695577E-006
   2.9678431503900389E-003   5.4178679719704730E-007   1.2000943325498368E-006   2.0723209185894052E-006   3.0970975365678165E-006   4.2010951490120782E-006   5.3147069868702279E-006   6.3841740883137798E-006   7.3756802951122274E-006   8.2730515856785577E-006
   3.2494587155918438E-003   7.6489158073144072E-007   1.6942816267611636E-006   2.9256703001108919E-006   4.3724105557417757E-006   5.9309732468406008E-006   7.5030886864840633E-006   9.0128646140481897E-006   1.0412565532873576E-005   1.1679362863290142E-005
   3.5577964903394962E-003   1.0781395707200511E-006   2.3881365981969263E-006   4.1237914523370811E-006   6.1629611864514014E-006   8.3597120782114293E-006   1.0575531195057860E-005   1.2703453343955034E-005   1.4676203924321914E-005   1.6461615161894803E-005
   3.8953921174427275E-003   1.5170003794378881E-006   3.3602219716847861E-006   5.8023343839057122E-006   8.6714572342240093E-006   1.1762243914900547E-005   1.4879801776899909E-005   1.7873637675852921E-005   2.0649109806376443E-005   2.3160973039743308E-005
   4.2650218442334201E-003   2.1304495853171179E-006   4.7190133709017767E-006   8.1485935586038811E-006   1.2177772900939471E-005   1.6518149481825701E-005   2.0896023822250790E-005   2.5100067373546571E-005   2.8997395835465903E-005   3.2524495832578198E-005
   4.6697253532797080E-003   2.9857519572114787E-006   6.6134918468638124E-006   1.1419792635438398E-005   1.7066263804470502E-005   2.3148692381718944E-005   2.9283505790249338E-005   3.5174570691193283E-005   4.0635703290758577E-005   4.5577939111359899E-005
   5.1128307594829414E-003   4.1750360109217970E-006   9.2477025739844483E-006   1.5968213651506216E-005   2.3863303237198442E-005   3.2367706616795990E-005   4.0945080392908397E-005   4.9181396880055630E-005   5.6816394017070659E-005   6.3725750522276262E-005
   5.5979819791232878E-003   5.8238589454532938E-006   1.2899719572091705E-005   2.2273927488391019E-005   3.3286165844594357E-005   4.5147857519417663E-005   5.7110867916150387E-005   6.8597763177255666E-005   7.9245635715328446E-005   8.8881199945001709E-005
   6.1291686959257363E-003   8.1025781424326211E-006   1.7946822713071725E-005   3.0988240266801540E-005   4.6307905537675899E-005   6.2808567371988380E-005   7.9449407253716472E-005   9.5427230491118006E-005   1.1023736480758637E-004   1.2363894510366937E-004
   6.7107591705751436E-003   1.1240986887196578E-005   2.4897898373348344E-005   4.2989595306008473E-005   6.4240814981103038E-005   8.7129096635726316E-005   1.1021054682964992E-004   1.3237115582677265E-004   1.5291115992492436E-004   1.7149676911475917E-004
   7.3475361634921530E-003   1.5547467377694647E-005   3.4435835851829020E-005   5.9456706839144678E-005   8.8845584581689270E-005   1.2049640588068119E-004   1.5241223307561715E-004   1.8305275653245895E-004   2.1145077011237468E-004   2.3714522202923578E-004
   8.0447362662841772E-003   2.1433288383228247E-005   4.7471304566512893E-005   8.1961301232761374E-005   1.2246968084289871E-004   1.6609252668227392E-004   2.1007711822292814E-004   2.5230083024493699E-004   2.9143136086877630E-004   3.2683413445946572E-004
   8.8080929653170624E-003   2.9442948207031509E-005   6.5209901270916383E-005   1.1258387750753483E-004   1.6821999644689786E-004   2.2812822375884288E-004   2.8852747526050755E-004   3.4650321909896766E-004   4.0022701800396249E-004   4.4882882983524427E-004
   9.6438837915444661E-003   4.0292405377851871E-005   8.9236741713076426E-005   1.5405948937346068E-004   2.3018016622463813E-004   3.1213693804638338E-004   3.9475597497808524E-004   4.7405093880150914E-004   5.4752249932844138E-004   6.1398276108006454E-004
   1.0558981944335792E-002   5.4914598136462062E-005   1.2161716502492015E-004   2.0995120638434155E-004   3.1366894951767360E-004   4.2532397059593925E-004   5.3786574094039129E-004   6.4586481978572662E-004   7.4591955211332018E-004   8.3641544340707480E-004
   1.1560912813835747E-002   7.4514452973079319E-005   1.6501842249665004E-004   2.8485961159527490E-004   4.2555202729362954E-004   5.7698742298089309E-004   7.2960026203939643E-004   8.7602901108252570E-004   1.0116655278553670E-003   1.1343263792645026E-003
   1.2657915866672035E-002   1.0063263205268132E-004   2.2285069635727571E-004   3.8466542166341671E-004   5.7460267552226737E-004   7.7900441539350662E-004   9.8495452368089088E-004   1.1825204415754432E-003   1.3654911202193823E-003   1.5309296091505422E-003
   1.3859012403933871E-002   1.3521657362516333E-004   2.9942426863068650E-004   5.1679969411965528E-004   7.7190282180309637E-004   1.0463706344935816E-003   1.3228516333155603E-003   1.5880146109181620E-003   1.8335337375899052E-003   2.0554817051560478E-003
   1.5174079748634946E-002   1.8069857605733581E-004   4.0012233126022443E-004   6.9054073789215462E-004   1.0312829253158653E-003   1.3977905516364786E-003   1.7668807565184269E-003   2.1207616639095329E-003   2.4483383880701706E-003   2.7443929168648401E-003
   1.6613932472747905E-002   2.4007453287452777E-004   5.3157535185777681E-004   9.1731349900829021E-004   1.3697643038366270E-003   1.8562683859361607E-003   2.3460322215281436E-003   2.8154544159139255E-003   3.2498441142078836E-003   3.6423167767118425E-003
   1.8190411331788243E-002   3.1698376779637727E-004   7.0183808500361275E-004   1.2109935369116272E-003   1.8080070534370043E-003   2.4497035072020422E-003   3.0954333056233477E-003   3.7140909233538424E-003   4.2863570525414566E-003   4.8032173084225239E-003
   1.9916480638308576E-002   4.1578508926356432E-004   9.2055853458666360E-004   1.5881975765959749E-003   2.3707370005715154E-003   3.2114539706383210E-003   4.0570376820695669E-003   4.8667733367416099E-003   5.6154405576847709E-003   6.2913333125442930E-003
   2.1806334875063296E-002   5.4162774427326534E-004   1.1991360593981714E-003   2.0685564745401811E-003   3.0871464297116693E-003   4.1808614083377301E-003   5.2802592630340449E-003   6.3324302059799787E-003   7.3047051208363668E-003   8.1820174595260767E-003
   2.3875515424585839E-002   7.0052900889225637E-004   1.5508947097269893E-003   2.6750164769969139E-003   3.9913388557544166E-003   5.4038339671152111E-003   6.8226728751032443E-003   8.1796079979966178E-003   9.4326639961693562E-003   1.0562633022885322E-002
   2.6141038375114913E-002   8.9948201545539657E-004   1.9913241292267864E-003   3.4342599468411557E-003   5.1229565597290588E-003   6.9336782806419823E-003   8.7510249458398678E-003   1.0487623598900358E-002   1.2089989516265907E-002   1.3533880580255482E-002
   2.8621534453892730E-002   1.1466579320415487E-003   2.5385300596738433E-003   4.3774912147370986E-003   6.5283605616494409E-003   8.8326858137785982E-003   1.1143196352772949E-002   1.3348849588479322E-002   1.5382059568409918E-002   1.7212548105093747E-002
   3.1337402238589059E-002   1.4517564984162857E-003   3.2140142047247895E-003   5.5417943793551472E-003   8.2626744800712842E-003   1.1174901225831434E-002   1.4091663579985102E-002   1.6872790866198084E-002   1.9433554159458383E-002   2.1736532773880941E-002
   3.4310975906798831E-002   1.8265749108731396E-003   4.0439388470070812E-003   6.9723311391742633E-003   1.0393094209621617E-002   1.4050623279924585E-002   1.7709161526443262E-002   2.1192802135971835E-002   2.4396083880814282E-002   2.7273231733371667E-002
   3.7566708903115982E-002   2.2848122679927250E-003   5.0587018997623164E-003   8.7216323380099065E-003   1.2997884728321174E-002   1.7565110598610982E-002   2.2127082280379611E-002   2.6464142973067394E-002   3.0445860490151945E-002   3.4016797309751198E-002
   4.1131375034185735E-002   2.8428226934307807E-003   6.2946154663515701E-003   1.0852523868934642E-002   1.6170817140590737E-002   2.1844693170235803E-002   2.7503279747442749E-002   3.2873362088620905E-002   3.7794468374913695E-002   4.2200077515917811E-002
   4.5034288645458394E-002   3.5245069301585363E-003   7.8047498634847539E-003   1.3456856127726421E-002   2.0049155296222171E-002   2.7074710657295484E-002   3.4069972440685867E-002   4.0695631482387945E-002   4.6754765283318490E-002   5.2168085541952486E-002
   4.9307545690287481E-002   4.3487530756720549E-003   9.6311620660509845E-003   1.6607716350465703E-002   2.4742643389973930E-002   3.3403918984777362E-002   4.2013830717162651E-002   5.0151880975018305E-002   5.7577028571015050E-002   6.4195342657727694E-002
   5.3986287673825017E-002   5.3285768121719389E-003   1.1803029033685795E-002   2.0356315335185046E-002   3.0329120153511573E-002   4.0939082770140252E-002   5.1469982382390381E-002   6.1402653927042881E-002   7.0442983268044101E-002   7.8480265555058659E-002
   5.9108990642279875E-002   6.4959067258096824E-003   1.4391561612730931E-002   2.4826733872481924E-002   3.6995775954567954E-002   4.9935889796624354E-002   6.2762504711491640E-002   7.4835670936476806E-002   8.5796451475808097E-002   9.5514269954370568E-002
   6.4717781594067936E-002   7.8455862980596636E-003   1.7386131567194124E-002   3.0002701403244795E-002   4.4722245522140755E-002   6.0372430392165020E-002   7.5870014044103234E-002   9.0430650858528305E-002  0.10361737698567597       0.11527582898837060     
   7.0858784914888756E-002   9.3801753011137357E-003   2.0793539358404313E-002   3.5898900372331913E-002   5.3536030686155686E-002   7.2294335898811984E-002   9.0860274642103625E-002  0.10827891803996631       0.12401946639080266       0.13789810452152718     
   7.7582501685667909E-002   1.1121891534213717E-002   2.4664607658411941E-002   4.2607190214936211E-002   6.3581905905924760E-002   8.5908987181661831E-002  0.10800902586822035       0.12872542435049109       0.14741332091324930       0.16385085637558860     
   8.4944224982638025E-002   1.3153651797703777E-002   2.9185290114878613E-002   5.0454215180016630E-002   7.5357336737091357E-002  0.10190345999081801       0.12819886155300653       0.15284247449084859       0.17504661402622343       0.19453809094137250     
   9.3004494584813954E-002   1.5533022898416167E-002   3.4486512450027776E-002   5.9674618386496271E-002   8.9227798139514827E-002  0.12079359681711020       0.15210516445570896       0.18146367665431451       0.20790154352913054       0.23107586278115172     
  0.10182959482819059        1.8287094436637955E-002   4.0633239787829539E-002   7.0393286689041254E-002  0.10540217862985697       0.14289315484507983       0.18015978226616083       0.21514301386019818       0.24665028373406891       0.27424519290312921     
  0.11149209970080924        2.1389263781080296E-002   4.7573602964593828E-002   8.2539024685603868E-002  0.12380647081723604       0.16814609180331822       0.21234296517130849       0.25390933030654000       0.29137617006382360       0.32418474362233818     
  0.12207146966133181        2.4746087523032992E-002   5.5110418518757948E-002   9.5797047668946533E-002  0.14401535477290373       0.19603650087092761       0.24807163514424121       0.29713375457005142       0.34142210020032909       0.38022287015000888     
  0.13365470508911154        2.8404347907528670E-002   6.3360948472230255E-002  0.11040391596036891       0.16643762940918896       0.22718530442501925       0.28819568016072011       0.34589131116549160       0.39807216459030742       0.44383199413437463     
  0.14633706173946351        3.2623272680295926E-002   7.2918901355755891E-002  0.12743058113386374       0.19274071171417365       0.26392169213780697       0.33570864962663177       0.40379535027151414       0.46549147908079813       0.51965583368866763     
  0.16022283408774773        3.7402844869342158E-002   8.3810822425427076E-002  0.14698523434430225       0.22317719659237192       0.30668271679257925       0.39124037999449457       0.47165719886083157       0.54465666415572012       0.60882251025530720     
  0.17542621300415920        4.2521978106015955E-002   9.5581697364301749E-002  0.16836181326805832       0.25680374321655453       0.35430291210651033       0.45341664621762767       0.54791755490350480       0.63386176241891568       0.70952632858971154     
  0.19207222481239303        4.8083895567281085E-002  0.10850736879429825       0.19213529309635086       0.29459838917899778       0.40820430180969042       0.52409789402594731       0.63485789173612617       0.73579551700814549       0.82485177414709110     
  0.21029775945461360        5.4330780416900419E-002  0.12318764674378513       0.21946211352120112       0.33841489708687483       0.47098578777612732       0.60662622653883247       0.73655325202759592       0.85525262298239324       0.96028876897417514     
  0.23025269621793309        6.1100631119280595E-002  0.13934138344151056       0.24999398120459271       0.38786687692898880       0.54223759374553215       0.70063169120798208       0.85278665302110190       0.99228547922075605        1.1162440911631546     
  0.25210113627991265        6.8448282306716013E-002  0.15718829270965920       0.28426211279762315       0.44387890506702049       0.62334920438136554       0.80809929499141131       0.98628522326267110        1.1504594032610829        1.2971488595501783     
  0.27602275220902728        7.6507496568564815E-002  0.17714489207636822       0.32314719275835357       0.50790911268117345       0.71651882798065136       0.93220260443245151        1.1413870641889934        1.3353521216330424        1.5097997120818578     
  0.30221426551783803        8.5243615726810149E-002  0.19927170168563771       0.36691646809029088       0.58054889754636441       0.82295088097128133        1.0751160527133068        1.3214705154706652        1.5516261341535085        1.7603641407913846     
  0.33089106441964966        9.4769228986302703E-002  0.22397487383747641       0.41644587094122432       0.66341207584402007       0.94547616600678708        1.2412986788177183        1.5331490690022045        1.8075099098903920        2.0580371854431601     
  0.36228897509242902       0.10513804711419031       0.25154153811488983       0.47243836702194053       0.75805851886138020        1.0871472672835265        1.4360381927035075        1.7824994896243604        2.1117066554332995        2.4145192620156068     
  0.39666620101612027       0.11645042330863906       0.28237250879287906       0.53588071072810495       0.86675918742488811        1.2522471103858268        1.6651154420601075        2.0794957191930163        2.4764167644376340        2.8442415635584477     
  0.43430544633167090       0.12881425489799406       0.31689714630922172       0.60797564485764277       0.99243335885966932        1.4462796091951047        1.9374544017509943        2.4353725618879940        2.9161961723138088        3.3651070465250599     
  0.47551624068340170       0.14236038396827991       0.35562336099440045       0.69031872970553654        1.1391334850053487        1.6756209617387570        2.2631703326098696        2.8641653927239110        3.4492055062607325        3.9994398010890255     
  0.52063748466325777       0.15721119659734867       0.39910173679618882       0.78490084945791561        1.3108131525795521        1.9486657152770117        2.6545086969273597        3.3828815258911153        4.0974707555617416        4.7743474672606672     
  0.57004023678963622       0.17350773876873066       0.44804405654597446       0.89432395089704175        1.5137507417285321        2.2753083487822225        3.1265490700564635        4.0123779928019649        4.8879315624627457        5.7229391028793613     
  0.62413076493974640       0.19141408910535762       0.50340426645164982        1.0219749487318910        1.7549303413630308        2.6677117991035333        3.6976902631754949        4.7779619837854916        5.8531571707201318        6.8851634997364277     
  0.68335388732923041       0.21114071019788216       0.56649606612360370        1.1718133287074235        2.0430413504291041        3.1408035343189176        4.3902688724842722        5.7101136177792959        7.0321667293453123        8.3087324208943691     
  0.74819663051388374       0.23290383690475533       0.63893385185334339        1.3489562753039690        2.3884198656354636        3.7121914444281150        5.2304186019006265        6.8442759411575755        8.4701597059001763        10.048818796236239     
  0.81919223449536838       0.25693926636481657       0.72270967839497147        1.5592033777474723        2.8032555119135729        4.4023903916547136        6.2482587304970982        8.2209726284684841        10.218559719433930        12.168046881522878     
  0.89692453786727211       0.28362880457044398       0.82022191909546049        1.8098512241361500        3.3024147872785190        5.2358062665360370        7.4789408222829561        9.8868499628998503        12.336020507298498        14.737460192126667     
  0.98203277906312625       0.31343261135836731       0.93455919214340843        2.1094717685111930        3.9030302347404051        6.2400033550828962        8.9615082958831902        11.893108954895773        14.886459807821049        17.834213980953987     
   1.0752168531898927       0.34693330543282414        1.0692426241851505        2.4681504939893859        4.6247082414478919        7.4457190983989072        10.738612308384742        14.294887743671497        17.938119297455152        21.540346657440860     
   1.1772430676769294       0.38491881940417877        1.2285621808075955        2.8977506711366776        5.4896984404922868        8.8867552079508449        12.856033635754040        17.150405623347449        21.562359237239384        25.941262889035638     
   1.2889504440725368       0.42821536239161806        1.4176513776381738        3.4119422041458729        6.5226362274379346        10.599259279307301        15.361469534312683        20.519308026000260        25.831630082007528        31.123384958703973     
   1.4112576178114535       0.47800150814367387        1.6425658940040098        4.0261707234406430        7.7501338132676754        12.620812112737369        18.303167289944504        24.460963736837506        30.817527072454375        37.172010620011555     
   1.5451703926941469       0.53559465580035659        1.9104231147286201        4.7576623896480381        9.2003902394548813        14.989609968193299        21.728835205116706        29.033280531528263        36.589607516944938        44.170147266370392     
   1.6917900122028373       0.60256358934427634        2.2293995536701465        5.6251100264079712        10.902348381125252        17.743204030160442        25.684257158759184        34.291429320326884        43.214315988688057        52.197621727205870     
   1.8523222156741213       0.68080286202092943        2.6088382634420686        6.6485023196186503        12.885140465674450        20.917840506793411        30.212911158593375        40.287946926435957        50.755577727701557        61.332069779629379     
   2.0280871538024625       0.77256799902136364        3.0592105469751205        7.8486759811879665        15.177273564238416        24.547734803718967        35.355764690961067        47.073168451425317        59.275768509211318        71.650301313619551     
   2.2205302450155360       0.88052532537556483        3.5920559744607448        9.2468537570694327        17.805999533710878        28.664860748256199        41.151837702702750        54.696470343970866        68.837399939808464        83.230277343319003     
   2.4312340619997870        1.0078267725579055        4.2199285089714831        10.864265754764945        20.797039242761720        33.299406296400448        47.639513690908444        63.208062022398444        79.505080265222929        96.153197633357038     
   2.6619313461261318        1.1581207194967031        4.9561398011780300        12.721538960561229        24.174203433868843        38.480181521865170        54.857504479210220        72.659919543225712        91.346243637548667        110.50425966625818     
   2.9145192568009906        1.3356145585336658        5.8146013291595615        14.838414794083837        27.959667893511437        44.235768224024731        62.846185272152994        83.106703637175698        104.43185002660762        126.37367324206974     
   3.1910749729235515        1.5450585706589635        6.8094718292560543        17.233298882745000        32.174115639615195        50.595206558946600        71.647791443795967        94.605302466030821        118.83602742463420        143.85702894117858     
   3.4938727747491285        1.7918047931031575        7.9550175028356458        19.923327592625949        36.837620868928298        57.589145093962188        81.306739052307776        107.21497856862096        134.63704305207958        163.05723597187722     
   3.8254027466328799        2.0817752524950190        9.2653072296271297        22.924267168441496        41.970207002686934        65.249996407481561        91.868831233011932        120.99716713385433        151.91816974555300        184.08571765127337     
   4.1883912544574775        2.4214296614850843        10.753987043654902        26.250621494603728        47.592514393546651        73.611697823559297        103.38072184412317        136.01624586560678        170.76888578286287        207.06277923373560     
   4.5858233661428098        2.8177056495644530        12.434079743314820        29.915817031359392        53.726286095140949        82.708996561046291        115.88999104117541        152.34062225024016        191.28502038132584        232.11606698030170     
   5.0209673996144657        3.2779330339163564        14.317812941876507        33.932447362156687        60.394537181044150        92.576649046082366        129.44597650821456        170.04315715427552        213.56721973896430        259.37700342652943     
   5.4974018001037450        3.8097599635268136        16.416553270407590        38.312692870444565        67.621483157036977        103.24928977757619        144.10099623136577        189.20048591616799        237.71796968323963        288.97555756682078     
   6.0190445678066622        4.4210524657437862        18.740734491507389        43.068719928628227        75.431985515467062        114.76199989318485        159.91063386646439        209.89071531678886        263.83697377615209        321.03584660254347     
   6.5901854779032725        5.1197877242960850        21.299809047555375        48.213084303681960        83.850788835290615        127.15141069939395        176.93270960460430        232.18974908290659        292.01821198195773        355.67987231782291     
   7.2155213579010242        5.9139670890031448        24.102267296376816        53.759150034212404        92.902047383255066        140.45661875350854        195.22511549048502        256.16846380686542        322.35472874463414        393.03714005175749     
   7.9001947124089602        6.8114725161151313        27.155542759663899        59.721137336628225        102.60919201751746        154.71868621914379        214.84228076467321        281.89507045852417        354.94617867563562        433.24304250468430     
   8.6498360129766851        7.8200366736803870        30.466193143610276        66.114300921522613        112.99608594176351        169.97960101588092        235.83391985866450        309.44261462134466        389.89635290792819        476.42577096530073     
   9.4706100007722398        8.9471204438595127        34.039895046912704        72.954424361788810        124.08798334930124        186.27958635472990        258.24889614180307        338.88871620108659        427.30070039150706        522.69957101772718     
   10.369266382873457        10.199818327364500        37.881544168454482        80.257139833544500        135.91202932866068        203.65446087004167        282.14135243163156        370.30594878795171        467.24337967525889        572.18251609923391     
   11.353195339077612        11.584892731556398        41.995685543515656        88.037653021541217        148.49719454318480        222.13717661167070        307.56885246193934        403.75735964551308        509.81506789155497        625.00168704993848     
   12.430488295695186        13.108551820463681        46.386442441518810        96.309994093672586        161.87200722923757        241.76282781660791        334.58192366241553        439.30741083860875        555.11119073675809        681.26733737481698     
   13.610004466105526        14.776548476872430        51.058186883325483        105.08805407071132        176.06288195296719        262.57208311943469        363.22322791750622        477.02758522108434        603.21253406283938        741.08696026900054     
   14.901443705277449        16.593990458973561        56.015602178471333        114.38625662297872        191.09180386910703        284.60418060946881        393.53994670757453        516.97857887206555        654.19970849114520        804.57484781527762     
   16.315426277379739        18.565370895212713        61.264160807281485        124.22085248257770        206.97921612699398        307.89031330605280        425.58449593033635        559.21806524226395        708.15795423558518        871.82932755020545     
   17.863580192457370        20.694488345551402        66.810218838654407        134.60997116187630        223.74984492295212        332.45923487626175        459.39925027060065        603.81208754702095        765.16247720949377        942.96229456116851     
   19.558636830395095        22.984474965496787        72.661092110770809        145.57282876321750        241.43282789788921        358.34738184317729        495.02629132984799        650.81776906174298        825.29754835963070        1018.0648886288519     
   21.414535638539547        25.437662529656770        78.824520555892846        157.12742277435166        260.05299443720543        385.58928447919817        532.50908176166786        700.28820562347244        888.62455757048929        1097.2288509153739     
   23.446538763970572        28.055635394688597        85.308279852541474        169.28853911084698        279.62793121658467        414.21363048837003        571.88768315298989        752.27360577945990        955.21626377407620        1180.5551247951921     
   25.671356563109935        30.839218697132555        92.119624783993544        182.06785598246984        300.17921309392881        444.25054870722823        613.21668259933119        806.84467299575317        1025.1624382396224        1268.1568443153624     
   28.107285020807289        33.788415446546630        99.265048108464711        195.47808921100091        321.73449834293410        475.72229326941095        656.52719115351283        864.06433684943102        1098.5418815667242        1360.1080762724257     
   30.774356208980628        36.902603594074371        106.75135734762614        209.53650995821434        344.30907350347877        508.66881401053104        701.83885413285361        923.95461506995889        1175.3855855429440        1456.4529035976100     
   33.694503022121602        40.180448196652520        114.58640569335407        224.26128531628672        367.91684494945201        543.13360712481699        749.20253281232613        986.54227184727586        1255.7325497329621        1557.3077345809295     
   36.891739544382439        43.620034825208144        122.77935489188127        239.66838115692104        392.59499920275368        579.12474923028435        798.70867991716796        1051.9486414690193        1339.7441337545074        1662.8767208742038     
   40.392358531509046        47.218988183824941        131.34075740724734        255.76982491335431        418.36805855170451        616.63617013459668        850.37382197903958        1120.2806305323645        1427.5493141430650        1773.1642908010879     
   44.225147631630513        50.974741084785748        140.28349030634109        272.57537515534608        445.23092242809918        655.74150300198528        904.13350013837862        1191.4458363089811        1518.9965227812261        1887.9946480824185     
   48.421626123015102        54.884617353001083        149.61990633140925        290.09300160454467        473.18438115080528        696.53450628134851        960.08285729675026        1265.4080458922926        1614.1010360719322        2007.8065718553287     
   53.016304115627769        58.946257467491208        159.35607637733045        308.34273309126229        502.30368315737576        738.95712142008176        1018.4571317557272        1342.5508772251903        1713.4172401769567        2133.0030182797768     
   58.046966348054411        63.157790209183858        169.49411615475353        327.35792451420502        532.63764184623619        782.92424488334450        1079.1389963652857        1422.9617393667093        1816.8537850256266        2262.7572689857097     
   63.554982913623071        67.517908133883736        180.04503715442260        347.13064152143761        564.10222481639869        828.65614979857423        1141.8548192667934        1506.0257646647153        1923.6131614666813        2397.2987635440245     
   69.585649471004459        72.026603220534952        191.02678754525860        367.62967114040003        596.68099474506118        876.32544060073246        1207.1258725979496        1592.2419662245827        2034.8679963283566        2538.2847506318444     
   76.188559737046049        76.685408126391948        202.44368178083337        388.92232411413517        630.58674558824930        925.55736155976911        1275.2060489701278        1682.4127702387270        2151.0691835628795        2684.0022127105208     
   83.418013325063441        81.496502208201875        214.28966222652517        411.07792543234331        665.84784904766798        976.37670020289750        1345.2448930222206        1775.3677540885892        2270.3296714280632        2833.9162739581393     
   91.333462282486295        86.462302642413704        226.58697523519660        433.99853823523790        702.11768305933731        1029.4617287822132        1417.5744364789207        1870.9146779327609        2393.8973690422986        2991.6825641554387     
   100.00000000000004        91.586123394079181        239.36567852745526        457.63354589752311        739.67201569303120        1084.4397654838151        1493.4584583350772        1971.4855785370630        2523.7937323304723        3154.0364507514400     
