   1.0000000000000002E-003   1.2201680116243780E-008   2.7067178867075382E-008   4.6834441143728361E-008   7.0191785443897752E-008   9.5536002602862581E-008   1.2130744715389985E-007   1.4625825058838680E-007   1.6958664047174027E-007   1.9082038623950352E-007
   1.0948889651276870E-003   1.7427155878425736E-008   3.8654457006363269E-008   6.6880267148424078E-008   1.0023187413316844E-007   1.3642030692800885E-007   1.7321849552385947E-007   2.0884475762168857E-007   2.4215460956044901E-007   2.7247332707712976E-007
   1.1987818459583783E-003   2.4877902163323098E-008   5.5174111762029856E-008   9.5457986268000956E-008   1.4305621220611928E-007   1.9470309897105999E-007   2.4722025890396356E-007   2.9806480825936062E-007   3.4560312416825640E-007   3.8887225381090893E-007
   1.3125330147352270E-003   3.5494098991492026E-008   7.8709550615554874E-008   1.3616987034825848E-007   2.0406387710062568E-007   2.7773169167264774E-007   3.5264053052860619E-007   4.2516298775505566E-007   4.9296909687019030E-007   5.5468579764950105E-007
   1.4370779141993756E-003   5.0607718936035776E-008   1.1221214335303260E-007   1.9412144888649548E-007   2.9090276212390023E-007   3.9591401995019370E-007   5.0269282109612773E-007   6.0606972396995837E-007   7.0272394286428022E-007   7.9069645887986444E-007
   1.5734407502856105E-003   7.2105954019749529E-008   1.5986415372385546E-007   2.7654504658285412E-007   4.1441085229469175E-007   5.6399766362473171E-007   7.1610122273808566E-007   8.6335754471685924E-007   1.0010359904162061E-006   1.1263480672706993E-006
   1.7227429147699432E-003   1.0265527092702644E-007   2.2757394657915977E-007   3.9365956357177053E-007   5.8989526887560511E-007   8.0281161332883243E-007   1.0193098106180085E-006   1.2289064262752315E-006   1.4248694860142720E-006   1.6032315509552165E-006
   1.8862122071335180E-003   1.4602163366331148E-007   3.2368455112316493E-007   5.5989071752391680E-007   8.3897139749616018E-007   1.1417716364873934E-006   1.4496624119673696E-006   1.7477361542938091E-006   2.0264179157937322E-006   2.2800681733716468E-006
   2.0651929314796274E-003   2.0750965133313463E-007   4.5994823562979143E-007   7.9556184389858499E-007   1.1920833361453558E-006   1.6223013341534399E-006   2.0597442471314049E-006   2.4832332323038054E-006   2.8791693178670046E-006   3.2395405170307032E-006
   2.2611569515367451E-003   2.9458417298531836E-007   6.5290009660019194E-007   1.1292597959627496E-006   1.6920603678774581E-006   2.3026757392042804E-006   2.9235370391309994E-006   3.5245857395711176E-006   4.0865222303530028E-006   4.5979723895246856E-006
   2.4757157946593421E-003   4.1772459076008775E-007   9.2574708888522557E-007   1.6011162010761932E-006   2.3990115018525936E-006   3.2646805467085640E-006   4.1448569379910284E-006   4.9969353280882115E-006   5.7935571035069982E-006   6.5186047462493790E-006
   2.7106339043648361E-003   5.9160832245662868E-007   1.3110032600956023E-006   2.2673232783417099E-006   3.3971137381879635E-006   4.6228412394085098E-006   5.8690910222006241E-006   7.0755289332768122E-006   8.2034254044235431E-006   9.2299734435946621E-006
   2.9678431503900389E-003   8.3675553541926441E-007   1.8540916331208176E-006   3.2064209496412531E-006   4.8040074637469888E-006   6.5372076563529066E-006   8.2993879869349990E-006   1.0005242711249670E-005   1.1600014081837381E-005   1.3051465848666711E-005
   3.2494587155918438E-003   1.1817610002212916E-006   2.6183234392050925E-006   4.5278463849224093E-006   6.7835979792061468E-006   9.2307553933402744E-006   1.1718759117319515E-005   1.4127182703303948E-005   1.6378747003478024E-005   1.8427983566443540E-005
   3.5577964903394962E-003   1.6662771428939492E-006   3.6914971310799548E-006   6.3833225392104844E-006   9.5631149994150960E-006   1.3012605303737035E-005   1.6519569359053711E-005   1.9914280807944954E-005   2.3087813060364831E-005   2.5976042442045517E-005
   3.8953921174427275E-003   2.3451508866833793E-006   5.1950309238322682E-006   8.9827203430311210E-006   1.3456846727568119E-005   1.8310248295761145E-005   2.3244350923686028E-005   2.8020421892537642E-005   3.2485149356233386E-005   3.6548187924815754E-005
   4.2650218442334201E-003   3.2940591209727041E-006   7.2964274036296391E-006   1.2615521105760638E-005   1.8898260936925473E-005   2.5713335178437976E-005   3.2641430869683792E-005   3.9347361118251663E-005   4.5615981481493249E-005   5.1320614473918820E-005
   4.6697253532797080E-003   4.6173709716392777E-006   1.0226704770245998E-005   1.7680922283572874E-005   2.6485133622913581E-005   3.6034787412501129E-005   4.5742444297152342E-005   5.5138330003291403E-005   6.3921161684512824E-005   7.1913767734783869E-005
   5.1128307594829414E-003   6.4574760753093086E-006   1.4300946702570353E-005   2.4723451575364948E-005   3.7032681030974331E-005   5.0383412566564349E-005   6.3954196222986350E-005   7.7088679133721202E-005   8.9365747563363056E-005   1.0053741403724750E-004
   5.5979819791232878E-003   9.0083832105194073E-006   1.9948645115577785E-005   3.4484927788777694E-005   5.1651426011454070E-005   7.0269107328580689E-005   8.9192690830955113E-005   1.0750656105152689E-004   1.2462388171771146E-004   1.4019994225230751E-004
   6.1291686959257363E-003   1.2533019444338085E-005   2.7751230877703527E-005   4.7969944579270203E-005   7.1845051411600008E-005   9.7736431145385480E-005   1.2405161071877503E-004   1.4951698986609953E-004   1.7331690116464705E-004   1.9497316505608637E-004
   6.7107591705751436E-003   1.7385379586423753E-005   3.8492004325658528E-005   6.6531078865060021E-005   9.9637910533665090E-005   1.3553748791747880E-004   1.7202162877827257E-004   2.0732467139993976E-004   2.4031634828982780E-004   2.7033429299494813E-004
   7.3475361634921530E-003   2.4038816487950868E-005   5.3218065757515824E-005   9.1977185036803185E-005   1.3773696358668750E-004   1.8735181545486400E-004   2.3776853571562070E-004   2.8655044669288662E-004   3.3213584205406824E-004   3.7360644746411731E-004
   8.0447362662841772E-003   3.3122023446870827E-005   7.3320150430808065E-005   1.2670966603293786E-004   1.8973478689911764E-004   2.5806139279581657E-004   3.2748472683768938E-004   3.9464894544700914E-004   4.5740522264492298E-004   5.1449273974249195E-004
   8.8080929653170624E-003   4.5462988021482811E-005   1.0062883354636156E-004   1.7388856692315539E-004   2.6035793435583935E-004   3.5408966699373447E-004   4.4931298342768081E-004   5.4142413487058810E-004   6.2747936122063100E-004   7.0575427239919235E-004
   9.6438837915444661E-003   6.2140187095288723E-005   1.3752889063497795E-004   2.3762980696363331E-004   3.5576273048681012E-004   4.8379700727074618E-004   6.1384877980410200E-004   7.3963162240445700E-004   8.5712820070770466E-004   9.6398629847032908E-004
   1.0558981944335792E-002   8.4543264228598196E-005   1.8709349314173434E-004   3.2323736851217735E-004   4.8387773433544392E-004   6.5795095274936630E-004   8.3473309512438476E-004   1.0056812911644864E-003   1.1653424901159587E-003   1.3105283505630448E-003
   1.1560912813835747E-002   1.1443920005896358E-004   2.5322767608416084E-004   4.3744771319242763E-004   6.5477110045806511E-004   8.9021261168136423E-004   1.1292714692670463E-003   1.3603946221725223E-003   1.5762127691468489E-003   1.7724302536320639E-003
   1.2657915866672035E-002   1.5403778664950147E-004   3.4081580439703570E-004   5.8868524757433357E-004   8.8102689982403487E-004   1.1976622891107444E-003   1.5190772063989736E-003   1.8297455588177321E-003   2.1197750567360772E-003   2.3834066129400418E-003
   1.3859012403933871E-002   2.0604914598009754E-004   4.5584887021307805E-004   7.8727834641988061E-004   1.1780669869559666E-003   1.6012060524018949E-003   2.0306062265135101E-003   2.4455225254346349E-003   2.8327610715984004E-003   3.1846641813597751E-003
   1.5174079748634946E-002   2.7372330250831524E-004   6.0550840971292249E-004   1.0456032984257097E-003   1.5643642043309215E-003   2.1258633754116735E-003   2.6954661024665614E-003   3.2456668921100134E-003   3.7589920389862006E-003   4.2253342627697008E-003
   1.6613932472747905E-002   3.6084742686440935E-004   7.9816087624707361E-004   1.3780769730588624E-003   2.0614009273187128E-003   2.8007278356107983E-003   3.5503994137053812E-003   4.2742330208801350E-003   4.9492887744782025E-003   5.5623190178651387E-003
   1.8190411331788243E-002   4.7167999413020656E-004   1.0432202994449585E-003   1.8009132099772293E-003   2.6933307986954907E-003   3.6584444240517987E-003   4.6365555113062869E-003   5.5804678065385022E-003   6.4603722583461715E-003   7.2591019283390484E-003
   1.9916480638308576E-002   6.1081649050310734E-004   1.3508427245136718E-003   2.3315895362490380E-003   3.4861797630071343E-003   4.7341090174314992E-003   5.9980785770827058E-003   7.2171533037342665E-003   8.3529176340167415E-003   9.3833149798867917E-003
   2.1806334875063296E-002   7.8296040115441608E-004   1.7314271120130922E-003   2.9880069322345084E-003   4.4665358706871558E-003   6.0635152275932943E-003   7.6799297179336546E-003   9.2378160881870768E-003   1.0688217200309203E-002   1.2003270426885895E-002
   2.3875515424585839E-002   9.9265613281803258E-004   2.1950204221687277E-003   3.7874637350044662E-003   5.6600625294134389E-003   7.6811982889721069E-003   9.7251562716403304E-003   1.1693466533774488E-002   1.3524547413786985E-002   1.5183460187583391E-002
   2.6141038375114913E-002   1.2440493895109794E-003   2.7508214686651732E-003   4.7457870696640571E-003   7.0902532395655865E-003   9.6184503872204560E-003   1.2172787459938373E-002   1.4630099407308849E-002   1.6913849441354597E-002   1.8981152371337122E-002
   2.8621534453892730E-002   1.5409527489528511E-003   3.4072445765241056E-003   5.8775279295701097E-003   8.7786542143537608E-003   1.1904151215103097E-002   1.5058397026972021E-002   1.8089324801949143E-002   2.0902972290746641E-002   2.3447115857993181E-002
   3.1337402238589059E-002   1.8874172321513816E-003   4.1733185248084507E-003   7.1983353316120956E-003   1.0748577219312340E-002   1.4569361472910882E-002   1.8420426317371195E-002   2.2115811943173108E-002   2.5541641104692807E-002   2.8635565080067753E-002
   3.4310975906798831E-002   2.2894966645734282E-003   5.0624831319876903E-003   8.7314769159797349E-003   1.3034780125112307E-002   1.7660903685610643E-002   2.2316947000228730E-002   2.6777993015467599E-002   3.0907309553430209E-002   3.4630818230172701E-002
   3.7566708903115982E-002   2.7577975248244059E-003   6.0982713981843602E-003   1.0517802286947649E-002   1.5698496876856170E-002   2.1261578077841452E-002   2.6852142331945425E-002   3.2199111041601738E-002   3.7139454337951884E-002   4.1586604869465922E-002
   4.1131375034185735E-002   3.3090424421199330E-003   7.3178072824267833E-003   1.2621614433436594E-002   1.8836141231798428E-002   2.5502150569480863E-002   3.2190280429420848E-002   3.8574798354092520E-002   4.4461803773742425E-002   4.9750211435605998E-002
   4.5034288645458394E-002   3.9820837372922949E-003   8.8071479068951575E-003   1.5191818802182058E-002   2.2670710011419296E-002   3.0685070424255625E-002   3.8712911687091123E-002   4.6360512856773117E-002   5.3396216580446208E-002   5.9702099139044944E-002
   4.9307545690287481E-002   4.8308331869050007E-003   1.0685780663938755E-002   1.8435136640845989E-002   2.7511556549620474E-002   3.7229953077442111E-002   4.6949295798465948E-002   5.6188419010135965E-002   6.4667320859660746E-002   7.2247033232386029E-002
   5.3986287673825017E-002   5.9153173161944038E-003   1.3086801323155820E-002   2.2582111400720875E-002   3.3704543574492332E-002   4.5606431928354896E-002   5.7492292938892291E-002   6.8766300094648347E-002   7.9085342014021467E-002   8.8283943945347790E-002
   5.9108990642279875E-002   7.2932405202039991E-003   1.6138407079582650E-002   2.7855446659935744E-002   4.1584578911553108E-002   5.6271094458262776E-002   7.0919930132063227E-002   8.4785842418449109E-002   9.7443021457792253E-002  0.10869124599674178     
   6.4717781594067936E-002   9.0042564950102728E-003   1.9929287952434083E-002   3.4410580328299488E-002   5.1387956960054638E-002   6.9549665121656543E-002   8.7648852839792013E-002  0.10474920030904221       0.12031759115252000       0.13410905110970933     
   7.0858784914888756E-002   1.0958305845784663E-002   2.4261691025378344E-002   4.1910442213824214E-002   6.2619845775315791E-002   8.4784859092122355E-002  0.10686596737918314       0.12769999266372098       0.14662420274029536       0.16333868148489175     
   7.7582501685667909E-002   1.2950307351338921E-002   2.8684115011491894E-002   4.9582039749148030E-002   7.4138776489602654E-002  0.10045270516592436       0.12667883307167369       0.15140963474714708       0.17383755975318196       0.19359828566578399     
   8.4944224982638025E-002   1.4755410362088321E-002   3.2702086226733922E-002   5.6579793754991010E-002   8.4699153119887863E-002  0.11489506029901146       0.14503684168171810       0.17347659013677216       0.19925521037605592       0.22193460080508010     
   9.3004494584813954E-002   1.6392959631399407E-002   3.6361646135771607E-002   6.2993243098777199E-002   9.4453227144166305E-002  0.12834642350152017       0.16227414301011583       0.19434651903603445       0.22344077977829180       0.24903043139861958     
  0.10182959482819059        1.8280973582220687E-002   4.0592366874467448E-002   7.0439605406851444E-002  0.10583625738381201       0.14413007050194565       0.18260715945716613       0.21908427167121997       0.25223097441050368       0.28140179089939538     
  0.11149209970080924        2.1190572471198925E-002   4.7108069784222315E-002   8.1895068274923891E-002  0.12332194324390297       0.16833220180147498       0.21372654317484616       0.25687966867305800       0.29615554679392858       0.33073669340784984     
  0.12207146966133181        2.5571763949634660E-002   5.6916923105051392E-002   9.9130596316461636E-002  0.14960188274100328       0.20464879115058751       0.26033364784448687       0.31337181281574855       0.36168377724201178       0.40421243473390112     
  0.13365470508911154        3.0482082766026215E-002   6.7949268571245267E-002  0.11861547867066867       0.17947877820641092       0.24614367129183695       0.31380177139915705       0.37837981476473687       0.43726424397947683       0.48910947301835916     
  0.14633706173946351        3.3984333277526965E-002   7.5935037499018268E-002  0.13302606918593612       0.20210217758399784       0.27825938771256659       0.35595580010627687       0.43040161182216319       0.49847489527502181       0.55853771828104981     
  0.16022283408774773        3.6415053941320996E-002   8.1640684343831857E-002  0.14373878703004350       0.21960808368617155       0.30396984154722373       0.39060766561492344       0.47404234866798878       0.55065069497322305       0.61848983457925211     
  0.17542621300415920        4.1025532849032341E-002   9.2308253036837887E-002  0.16335144507090263       0.25090612623379671       0.34889996576626803       0.44997520618049891       0.54760722002529305       0.63747978753817758       0.71726812049640498     
  0.19207222481239303        4.8562683558179998E-002  0.10965353079943320       0.19494883679285024       0.30073789282316066       0.41955651958748352       0.54229294825186602       0.66095151786354900       0.77029808751168971       0.86752243155446240     
  0.21029775945461360        5.4186375018649757E-002  0.12299312300268066       0.22015178111777972       0.34176070139651143       0.47912138198525928       0.62153714539862670       0.75969416556496949       0.88751791261707336        1.0017019259772981     
  0.23025269621793309        5.8109893110484825E-002  0.13285674713305942       0.23997608898788411       0.37559420208073141       0.52991325731460381       0.69084193158098783       0.84791759684572343       0.99425053826503518        1.1259399614588910     
  0.25210113627991265        6.6490528802566187E-002  0.15304747059864932       0.27851398115451631       0.43840604880004019       0.62096169410931379       0.81198851013147877       0.99930946191604031        1.1747934229830090        1.3336552578418481     
  0.27602275220902728        7.4171580241468388E-002  0.17219228531108990       0.31616742096693418       0.50104527198421100       0.71324211421196393       0.93666008934499978        1.1573589693463484        1.3657108009718308        1.5559909694658540     
  0.30221426551783803        8.0603444800866633E-002  0.18916385364531951       0.35109743426207130       0.56099807320589690       0.80391380256978406        1.0621221128155589        1.3201132825546364        1.5654679480047253        1.7913659416489565     
  0.33089106441964966        9.0800704528904527E-002  0.21532593353804363       0.40327033914451288       0.64856382576067928       0.93464999245855507        1.2415121101076985        1.5505003724623125        1.8471735472412796        2.1222134116861837     
  0.36228897509242902        9.8914679208679399E-002  0.23769679253229939       0.45028007647230051       0.73082589473298309        1.0620923522186989        1.4218983847740416        1.7878055728157267        2.1427782981230656        2.4746784622326845     
  0.39666620101612027       0.10998408364998911       0.26775327740756655       0.51250632020099363       0.83921339360021774        1.2300158931288987        1.6588660757840261        2.0994474255050615        2.5303429859414028        2.9362362993940416     
  0.43430544633167090       0.12042434822580149       0.29757834861606702       0.57665361467727716       0.95497897294062672        1.4141686558744027        1.9244601444228429        2.4539070161846821        2.9762634982784952        3.4722361206535806     
  0.47551624068340170       0.13284097803086489       0.33326836878518629       0.65418367930794974        1.0967591183982555        1.6415138312365027        2.2538412103259478        2.8949879091211681        3.5326542418749081        4.1425285790503450     
  0.52063748466325777       0.14596289345542188       0.37223127388461924       0.74161881973783694        1.2606839052459509        1.9090160299278567        2.6456707224879521        3.4239099625933771        4.2039749897665413        4.9552987827698542     
  0.57004023678963622       0.16029116156098153       0.41602502074894093       0.84307719229480538        1.4547757068133780        2.2295526515356254        3.1189217943153049        4.0663354233225384        5.0228686460900356        5.9502457210550910     
  0.62413076493974640       0.17608113860103144       0.46584394577844784       0.96194899979985105        1.6865171415697220        2.6160604338169229        3.6931048920244476        4.8490792118457948        6.0238577717400528        7.1697071804288077     
  0.68335388732923041       0.19339665869936237       0.52266321308316610        1.1018423715082348        1.9635508885876116        3.0821432190712450        4.3890228057309537        5.8009387712551446        7.2442225505277964        8.6597154236179321     
  0.74819663051388374       0.21235615722669957       0.58784972855727691        1.2670216920154962        2.2953053460272845        3.6442245444779067        5.2313757415893951        6.9557102690502166        8.7273630023436404        10.473536188831856     
  0.81919223449536838       0.23320687050940958       0.66309072044246198        1.4630167815217658        2.6935458138318009        4.3222349165630556        6.2495026497969608        8.3528845939149914        10.523404738903958        12.672238814737174     
  0.89692453786727211       0.25632578247405957       0.75083032891649237        1.6967089261640944        3.1724475645845613        5.1395662119689334        7.4771008781343307        10.037081807731738        12.688345840420375        15.323566709572868     
  0.98203277906312625       0.28211775513736764       0.85366800756940076        1.9759602213567404        3.7479900968184774        6.1220439133391489        8.9506924364437097        12.055993350986327        15.281496169740338        18.498913481354052     
   1.0752168531898927       0.31110717465262178       0.97471018182688940        2.3099587593886572        4.4382727395051660        7.2980838552811713        10.709503334636077        14.459937126323762        18.364710823876749        22.272256862927151     
   1.1772430676769294       0.34383245818340941        1.1177372538288290        2.7094859768409711        5.2637048413053726        8.6986137395626617        12.795021778763484        17.301040143206411        22.001242510850609        26.718744864261026     
   1.2889504440725368       0.38112934946085680        1.2872797711386015        3.1869121056148781        6.2467486760181385        10.356365650807495        15.249811437642904        20.631658311376491        26.253859274029224        31.912545063605020     
   1.4112576178114535       0.42389838604038438        1.4886786130810781        3.7561965892297602        7.4115087395914205        12.304983691171014        18.116236728861384        24.502839036485327        31.183160116135902        37.925138581294668     
   1.5451703926941469       0.47323879231589711        1.7281934078120016        4.4328207137850502        8.7833265913637195        14.578227817599172        21.435434024570529        28.963345684577678        36.846813599784554        44.824782773037725     
   1.6917900122028373       0.53045548582245738        2.0129984529283016        5.2335194543122050        10.388006366080880        17.208874123275869        25.246171617599220        34.058710035887891        43.298990240123466        52.676340041304442     
   1.8523222156741213       0.59712254218820304        2.3512861304860704        6.1761400610388986        12.251374555741730        20.228169598206566        29.584732845090752        39.831836386259802        50.591638258854367        61.543221177403581     
   2.0280871538024625       0.67512017893154153        2.7522408167310037        7.2792638606006568        14.398575151540317        23.665289870880880        34.484840632557294        46.323643842538438        58.775844703002051        71.489138611168599     
   2.2205302450155360       0.76666362242291408        3.2259782795870318        8.5617696422924592        16.853479808222250        27.547124143228093        39.978337402640925        53.574484320309587        67.903623146455530        82.580263681649697     
   2.4312340619997870       0.87436305216240728        3.7834726381563382        10.042508286043493        19.638447372257591        31.898668588945569        46.096354367254442        61.625892723985679        78.029757577834772        94.886660089794020     
   2.6619313461261318        1.0012550019047415        4.4364308554839686        11.739874211728070        22.774069308062206        36.743512394548006        52.870498616777695        70.521698270229138        89.212424754216642        108.48273570367117     
   2.9145192568009906        1.1508370358277227        5.1970785518126164        13.671436201119146        26.279250747863500        42.104707191559768        60.333950457387338        80.308568186411946        101.51304861257810        123.44671209926156     
   3.1910749729235515        1.3270857152341606        6.0779613984498457        15.853720423919350        30.171410010097041        48.005587988440730        68.522021463203430        91.035554281496303        114.99544214714432        139.86027068084877     
   3.4938727747491285        1.5344801198952704        7.0917570250122655        18.302035600800270        34.466974371437914        54.470683164417537        77.472182552790017        102.75328101534521        129.72552425775285        157.80944414834670     
   3.8254027466328799        1.7779933345111503        8.2510197336834104        21.030403102091768        39.181808696814151        61.526085753725702        87.223343187887991        115.51322856670372        145.77189706071945        177.38621272998293     
   4.1883912544574775        2.0630729075942806        9.5680333110312699        24.051595103780578        44.331841018200876        69.199666847103174        97.814923284093922        129.36782031986451        163.20731391756956        198.68979088445866     
   4.5858233661428098        2.3956129748164035        11.054605588401087        27.377220802684942        49.933668081638160        77.520455853264238        109.28630785917547        144.37192152555653        182.10995842915304        221.82636022764569     
   5.0209673996144657        2.7818813113386103        12.721938863911214        31.017813435204015        56.004865635485132        86.517895644664918        121.67708479233619        160.58401547840535        202.56295057978619        246.90611503128918     
   5.4974018001037450        3.2284655561030422        14.580491696859916        34.983085660168285        62.564234689916972        96.220940283808886        135.02831087846616        178.06654688449112        224.65194471569987        274.03847442460062     
   6.0190445678066622        3.7422032495445228        16.639959175973633        39.282189610489795        69.631785721523656        106.65797951630925        149.38384225462650        196.88468002121218        248.46124632723729        303.32624486545586     
   6.5901854779032725        4.3300871896534705        18.909180647569709        43.924130064659494        77.228122407911826        117.85742805881422        164.79043074462126        217.10321591130429        274.06895500328443        334.86533594504840     
   7.2155213579010242        4.9991833039900646        21.396025230712244        48.918009136857215        85.373619166666728        129.84901610633284        181.29648401540527        238.78238498353815        301.54729481932992        368.75490754209113     
   7.9001947124089602        5.7565559162639399        24.107456649569837        54.273519768235140        94.087960950404778        142.66480728760189        198.94941487109898        261.97578876447477        330.97167420346517        405.10437266467756     
   8.6498360129766851        6.6091772731371616        27.049469721188117        60.001208495920622        103.38992520510921        156.33899355178471        217.79230368526541        286.73654141204332        362.42588180130025        444.02259550955125     
   9.4706100007722398        7.5638738148383498        30.227107749581354        66.112647821859369        113.29822992082032        170.90650203008025        237.86310842675130        313.12561426212432        395.99242839448760        485.60275370701157     
   10.369266382873457        8.6272008723417688        33.644468007943196        72.620143869397594        123.83264456681192        186.40024222074666        259.19996577704336        341.20740751274741        431.74046550367189        529.93037477581311     
   11.353195339077612        9.8054957845714892        37.304953883465608        79.536576085753040        135.01534375297302        202.84895593733768        281.84793614207717        371.03711598349980        469.73419080733674        577.10575773295693     
   12.430488295695186        11.104640808054537        41.211156449939843        86.874259734179432        146.87001722452828        220.27740384263919        305.85345432220510        402.65820728318351        510.04881802913724        627.22246331016163     
   13.610004466105526        12.530173723259422        45.365365554449212        94.644944675822117        159.42120328231724        238.71342093207522        331.25555286756077        436.12385299829265        552.75479793477791        680.35724732220444     
   14.901443705277449        14.087105375799830        49.769572953280203        102.85955587155168        172.69150965431879        258.19031859476422        358.08613057878284        471.49305812610373        597.91018521399474        736.60285405220236     
   16.315426277379739        15.779868671042859        54.425886720279522        111.52892951939711        186.69918225103052        278.74059137223378        386.38333894819300        508.80786219439364        645.58465225041869        796.03827237163580     
   17.863580192457370        17.612386910672591        59.336947907127318        120.66550025137187        201.45957958451453        300.38946169953726        416.18748622890905        548.11281329924611        695.83415995302789        858.73554511053874     
   19.558636830395095        19.587936720157721        64.506131538089051        130.28360028353995        216.99133374757335        323.15915772246990        447.53051414840257        589.45767891952880        748.71511904843362        924.77625183679527     
   21.414535638539547        21.709133909509518        69.937680658240012        140.39931153885752        233.31942053909754        347.07757362714727        480.45055924834986        632.88676824615027        804.29522479510013        994.24384460313411     
   23.446538763970572        23.977951606299978        75.636732221580900        151.02875876013493        250.46659396189096        372.17145053923196        514.97957647764690        678.45369105509690        862.63470634507007        1067.2016805630760     
   25.671356563109935        26.395757845373065        81.609206776677567        162.18558033048825        268.44540304222824        398.46585733784195        551.13830555497498        726.18079006986670        923.77140302635803        1143.7077949521617     
   28.107285020807289        28.963135532324856        87.860964984140665        173.87978452149289        287.26948622189599        425.98930528335148        588.97141070629448        776.10673961914620        987.74839116982037        1223.8314532365309     
   30.774356208980628        31.680196683123746        94.397768567459835        186.12029728051303        306.96535069711223        454.75210652688634        628.52545943200550        828.30030589124146        1054.6522809943363        1307.6884872597445     
   33.694503022121602        34.546366990758031        101.22516564181896        198.91788416185767        327.54765715307474        484.76931085378214        669.81395917774478        882.82165828027655        1124.5738220376945        1395.3504616661401     
   36.891739544382439        37.560368208766974        108.34926105935050        212.28654988797982        349.01509556079270        516.09068386935280        712.82378235091824        939.64615297681075        1197.4723509163605        1486.7237187244416     
   40.392358531509046        40.719952533016560        115.77699398670644        226.24369824349984        371.39361586718047        548.74830348510989        757.62758132758267        998.76453343237108        1273.3262020754235        1581.9839736982251     
   44.225147631630513        44.021963026476122        123.51695866238391        240.80558927468098        394.72204176899504        582.70874390321126        804.33893048548521        1060.3965759574994        1352.4636226960395        1681.4737232441173     
   48.421626123015102        47.462962814231155        131.58020341426527        255.97872132013265        419.00434168935726        617.97474934255354        852.87156502469577        1124.5859919332036        1434.8778371478952        1784.7741428136258     
   53.016304115627769        51.039917088804799        139.97686538559390        271.76712042048223        444.21110526147748        654.69353643366776        903.12688673824721        1190.9863394711774        1520.0953955237899        1891.8460359429077     
   58.046966348054411        54.750408700653274        148.71190724507014        288.18628479385956        470.39956951654904        692.89063253686390        955.46486309734246        1259.9674063643217        1608.8036992037573        2003.8296675583908     
   63.554982913623071        58.591549410303564        157.78860627074255        305.26419939628323        497.66721784108506        732.34417240297682        1009.9219003895561        1331.9578643261984        1701.3329498830537        2119.7394353749296     
   69.585649471004459        62.558723770662695        167.21774437277179        322.99513230971320        525.92177539995168        773.26308622814122        1065.9727676032692        1406.1497758643889        1796.4371223060407        2239.1103426659720     
   76.188559737046049        66.648306985713603        177.01690095394210        341.32633629943052        555.05078590082894        815.92495864225714        1124.1479756725744        1482.7296212538270        1895.1086405808867        2364.3666828899413     
   83.418013325063441        70.860949777664715        187.18595678535507        360.34128554399337        585.34494898864614        859.87001847556769        1184.8874014401551        1563.0884512758814        1998.5062878504982        2493.4611837141010     
   91.333462282486295        75.197796527528524        197.70984602664979        380.12989672332856        616.80488665299049        905.02584153715861        1247.0447156823548        1645.3747024176973        2103.8158839202483        2625.8677448315198     
   100.00000000000004        79.656283313832532        208.62515450375949        400.53723550692644        649.05414688046051        952.35382985435251        1311.1611488288904        1729.9432611179268        2213.1396825897323        2765.2576221890854     
