   1.0000000000000002E-003   2.2903136683692438E-009   5.0732371336983295E-009   8.7605998201455236E-009   1.3093082753419905E-008   1.7760765771798241E-008   2.2469396445487034E-008   2.6991659361226503E-008   3.1184516673087574E-008   3.4979509945538020E-008
   1.0948889651276870E-003   3.3709891977205751E-009   7.4670242085437213E-009   1.2894254496059781E-008   1.9271002262129921E-008   2.6141112458069996E-008   3.3071490546909569E-008   3.9727563105614804E-008   4.5898800477521391E-008   5.1484442537973337E-008
   1.1987818459583783E-003   4.9592862090534308E-009   1.0985235512031740E-008   1.8969594542530009E-008   2.8350851380173327E-008   3.8457925502681138E-008   4.8653662283234627E-008   5.8445848297895602E-008   6.7524759452582426E-008   7.5742161131360178E-008
   1.3125330147352270E-003   7.2921651438002083E-009   1.6152758329086132E-008   2.7893009087399308E-008   4.1687266145062016E-008   5.6548767561820570E-008   7.1540636333424099E-008   8.5939118366620851E-008   9.9288793583405629E-008   1.1137169746113695E-007
   1.4370779141993756E-003   1.0716056342881071E-008   2.3736964964386280E-008   4.0989616687427173E-008   6.1260690810671737E-008   8.3100109066271191E-008   1.0513110078140913E-007   1.2629008671636636E-007   1.4590781364197092E-007   1.6366397722879567E-007
   1.5734407502856105E-003   1.5737428950732271E-008   3.4859727104255996E-008   6.0196694575021586E-008   8.9966465530050606E-008   1.2203947466365317E-007   1.5439381538833045E-007   1.8546753075458835E-007   2.1427776675869533E-007   2.4035413169932322E-007
   1.7227429147699432E-003   2.3094702095995108E-008   5.1156705102064143E-008   8.8338743380400050E-008   1.3202592127814087E-007   1.7909309156629951E-007   2.2657309706425961E-007   2.7217376067689935E-007   3.1445274374125342E-007   3.5271974973370760E-007
   1.8862122071335180E-003   3.3863987264659498E-008   7.5011576169739719E-008   1.2953195811590455E-007   1.9359087708556513E-007   2.6260588637915037E-007   3.3222620304637579E-007   3.9909078023588415E-007   4.6108470495373026E-007   5.1719579640966939E-007
   2.0651929314796274E-003   4.9610146295344546E-008   1.0989064042164593E-007   1.8976203385796175E-007   2.8360719177304341E-007   3.8471288602876121E-007   4.8670527456016481E-007   5.8466047310892395E-007   6.7548017576513662E-007   7.5768157025320242E-007
   2.2611569515367451E-003   7.2605369060072300E-008   1.6082698857354067E-007   2.7772023760920302E-007   4.1506430250739942E-007   5.6303420348854068E-007   7.1230166397718733E-007   8.5566046999514585E-007   9.8857620211102401E-007   1.1088787652912756E-006
   2.4757157946593421E-003   1.0614187412873760E-007   2.3511315971135316E-007   4.0599950470495657E-007   6.0678282979370378E-007   8.2309989866602715E-007   1.0413136165369485E-006   1.2508891770698910E-006   1.4451977241645984E-006   1.6210668471223608E-006
   2.7106339043648361E-003   1.5497850985684468E-007   3.4329039924999967E-007   5.9280270915769058E-007   8.8596763777999377E-007   1.2018131568788140E-006   1.5204275031418835E-006   1.8264286676995257E-006   2.1101378432767833E-006   2.3669230725861366E-006
   2.9678431503900389E-003   2.2598166946507896E-007   5.0056833771704064E-007   8.6439419009902962E-007   1.2918717028339083E-006   1.7524202362941577E-006   2.2170052141982525E-006   2.6631972677135674E-006   3.0768833229989064E-006   3.4513094930239735E-006
   3.2494587155918438E-003   3.2902953894644814E-007   7.2882797192509862E-007   1.2585585288898162E-006   1.8809653245608847E-006   2.5515223329846366E-006   3.2279546747312469E-006   3.8776049486421235E-006   4.4799246277255521E-006   5.0250804136294085E-006
   3.5577964903394962E-003   4.7828654824970865E-007   1.0594446737119406E-006   1.8294753501172454E-006   2.7342215766663027E-006   3.7089579772474301E-006   4.6922316530608730E-006   5.6365704873692841E-006   6.5121048019430008E-006   7.3045413350073410E-006
   3.8953921174427275E-003   6.9401654025006595E-007   1.5373044964924286E-006   2.6546547003985144E-006   3.9674812519448352E-006   5.3818624876073286E-006   6.8086255475125201E-006   8.1788853809833829E-006   9.4493001150420899E-006   1.0599130860209221E-005
   4.2650218442334201E-003   1.0050997651408449E-006   2.2263795002306752E-006   3.8445645059488428E-006   5.7458409987221887E-006   7.7941843739476010E-006   9.8604479572634009E-006   1.1844868544969572E-005   1.3684677736032314E-005   1.5349843196513959E-005
   4.6697253532797080E-003   1.4525362468879051E-006   3.2174879467980789E-006   5.5560307815876998E-006   8.3036795614636841E-006   1.1263848888719274E-005   1.4249894149936281E-005   1.7117638358235439E-005   1.9776372377716033E-005   2.2182699138684258E-005
   5.1128307594829414E-003   2.0943065365557112E-006   4.6390611711969471E-006   8.0108295868791584E-006   1.1972442511852324E-005   1.6240444244918819E-005   2.0545713937920983E-005   2.4680368512684609E-005   2.8513624157743891E-005   3.1982918491740415E-005
   5.5979819791232878E-003   3.0120120663118022E-006   6.6718523244725697E-006   1.1521085432554738E-005   1.7218598056321209E-005   2.3356701755746979E-005   2.9548328044611751E-005   3.5494492675932545E-005   4.1007109459381787E-005   4.5996218018127272E-005
   6.1291686959257363E-003   4.3199368562161685E-006   9.5690084437200369E-006   1.6523930348321390E-005   2.4695430655427030E-005   3.3498741263111111E-005   4.2378674928189522E-005   5.0906401541108608E-005   5.8812172107590019E-005   6.5966992463527307E-005
   6.7107591705751436E-003   6.1772155390589396E-006   1.3683022961208990E-005   2.3628042692433486E-005   3.5312584664242059E-005   4.7900384208981123E-005   6.0597488357438144E-005   7.2790669840975709E-005   8.4094226661962811E-005   9.4323762124915461E-005
   7.3475361634921530E-003   8.8040408561340301E-006   1.9501635406686060E-005   3.3675633365445979E-005   5.0328686256883917E-005   6.8268754061322394E-005   8.6364125715366125E-005   1.0374074894860340E-004   1.1984894288006953E-004   1.3442600106138811E-004
   8.0447362662841772E-003   1.2502944318198441E-005   2.7694967564972631E-005   4.7823830362217868E-005   7.1472941875546126E-005   9.6949150906940369E-005   1.2264502714670413E-004   1.4731919922237902E-004   1.7019111694918404E-004   1.9088789251654045E-004
   8.8080929653170624E-003   1.7686225567441600E-005   3.9176277690676245E-005   6.7649570406988423E-005   1.0110184245721787E-004   1.3713749005172379E-004   1.7348225147594391E-004   2.0837995050510298E-004   2.4072658176917157E-004   2.6999502222034062E-004
   9.6438837915444661E-003   2.4910248984709891E-005   5.5177923042776074E-005   9.5280737175356859E-005   1.4239504826250943E-004   1.9314579049855405E-004   2.4432895845087838E-004   2.9347074147856165E-004   3.3901644452207245E-004   3.8022427927426384E-004
   1.0558981944335792E-002   3.4918152664336170E-005   7.7345952353062079E-005   1.3355944656816534E-004   1.9959924530357252E-004   2.7073257592610979E-004   3.4246673581001484E-004   4.1133347586304981E-004   4.7515394149367363E-004   5.3288948702022367E-004
   1.1560912813835747E-002   4.8689869606843824E-005   1.0785089659206221E-004   1.8623328252312236E-004   2.7831368414881684E-004   3.7748959543165705E-004   4.7749377438754823E-004   5.7348908685561108E-004   6.6243815336149777E-004   7.4289477262011244E-004
   1.2657915866672035E-002   6.7498426782273025E-005   1.4951241417992297E-004   2.5817029994445968E-004   3.8581087515470174E-004   5.2327555429359108E-004   6.6187145467981915E-004   7.9489112734517124E-004   9.1812536311105077E-004   1.0295730478415159E-003
   1.3859012403933871E-002   9.2968326860560097E-005   2.0592857467634823E-004   3.5558203182456529E-004   5.3136909338275624E-004   7.2066540546094748E-004   9.1148972469990374E-004   1.0946005592869150E-003   1.2642031001276735E-003   1.4175478042537802E-003
   1.5174079748634946E-002   1.2713096055074551E-004   2.8159846205364923E-004   4.8623462500490297E-004   7.2658632784134336E-004   9.8537291493585926E-004   1.2461962067396712E-003   1.4964136173026565E-003   1.7281058791296833E-003   1.9375249197482482E-003
   1.6613932472747905E-002   1.7246305023349006E-004   3.8200710040839315E-004   6.5959455450689797E-004   9.8559548666247890E-004   1.3365373182151023E-003   1.6901501646208168E-003   2.0292748538776298E-003   2.3431773163178826E-003   2.6267938742611046E-003
   1.8190411331788243E-002   2.3189559968720045E-004   5.1364487003012222E-004   8.8686058392819112E-004   1.3251079945340435E-003   1.7967740797644868E-003   2.2718731068461736E-003   2.7273191010060531E-003   3.1486955117329494E-003   3.5292302607651247E-003
   1.9916480638308576E-002   3.0877760675577869E-004   6.8392650948612414E-004   1.1808215372120184E-003   1.7641949955214729E-003   2.3918656714737533E-003   3.0238376088811405E-003   3.6293502268105338E-003   4.1892377371950422E-003   4.6945464181735400E-003
   2.1806334875063296E-002   4.0679255524500281E-004   9.0100540860282375E-004   1.5555325886902902E-003   2.3237952823972358E-003   3.1500774184807473E-003   3.9815750659341160E-003   4.7777331635307091E-003   5.5133571725531150E-003   6.1767599975972734E-003
   2.3875515424585839E-002   5.2982382040277210E-004   1.1734750479208127E-003   2.0257968665973701E-003   3.0259315766921905E-003   4.1010754194942076E-003   5.1822760085629008E-003   6.2166713446155453E-003   7.1715446286127792E-003   8.0318565790739541E-003
   2.6141038375114913E-002   6.8185181670859347E-004   1.5101416752688304E-003   2.6067715551019830E-003   3.8931143329827508E-003   5.2750998101075072E-003   6.6637143721569496E-003   7.9908754511196691E-003   9.2146471527664343E-003   1.0315973027284367E-002
   2.8621534453892730E-002   8.6700155127357253E-004   1.9201316778531016E-003   3.3141546507953487E-003   4.9486167972159689E-003   6.7033241753833564E-003   8.4646790454990430E-003   1.0146054220726362E-002   1.1694409783812707E-002   1.3085987539520000E-002
   3.1337402238589059E-002   1.0900096706868135E-003   2.4139293605491608E-003   4.1659797528621114E-003   6.2191538441726110E-003   8.4214758025851506E-003   1.0629533726720517E-002   1.2734374690519022E-002   1.4669779172413818E-002   1.6406603782142808E-002
   3.4310975906798831E-002   1.3574509625968645E-003   3.0060957669184739E-003   5.1873081931928470E-003   7.7418773327731106E-003   1.0479289404511049E-002   1.3220132317610270E-002   1.5828739055587251E-002   1.8223384228950562E-002   2.0368852270035868E-002
   3.7566708903115982E-002   1.6792178411758462E-003   3.7185464180080887E-003   6.4158788271602091E-003   9.5727845591635965E-003   1.2951851048649222E-002   1.6330100368507152E-002   1.9539889734491171E-002   2.2481284501960689E-002   2.5112267887111250E-002
   4.1131375034185735E-002   2.0724928520754323E-003   4.5893251664366466E-003   7.9171762319093161E-003   1.1809056588918935E-002   1.5969608038016857E-002   2.0122430507034116E-002   2.4061170743917212E-002   2.7664288308295544E-002   3.0882074178990648E-002
   4.5034288645458394E-002   2.5698998154161088E-003   5.6905471977523187E-003   9.8151010308139795E-003   1.4634256661219539E-002   1.9778667088637965E-002   2.4904433305210676E-002   2.9757012173780430E-002   3.4188505946751664E-002   3.8140240886881914E-002
   4.9307545690287481E-002   3.2168731225711033E-003   7.1224633957007550E-003   1.2281413905173413E-002   1.8301960031817339E-002   2.4717735838236665E-002   3.1097572150811170E-002   3.7125654944495184E-002   4.2621234544149102E-002   4.7514947975168552E-002
   5.3986287673825017E-002   4.0671209398791116E-003   9.0032586878497460E-003   1.5517721163840438E-002   2.3108149280637494E-002   3.1179851159941908E-002   3.9188240636388455E-002   4.6739276934499759E-002   5.3611057382485762E-002   5.9721450906483162E-002
   5.9108990642279875E-002   5.1871204479818842E-003   1.1478601214024530E-002   1.9770963116961790E-002   2.9412668821977479E-002   3.9639261708634667E-002   4.9759173079880953E-002   5.9278786176103271E-002   6.7924866645917154E-002   7.5600414649027128E-002
   6.4717781594067936E-002   6.5961207128254762E-003   1.4589588592221651E-002   2.5107803632928007E-002   3.7307441582482163E-002   5.0210698786161419E-002   6.2944779992595234E-002   7.4894839553872702E-002   8.5726220513592938E-002   9.5325537892435683E-002
   7.0858784914888756E-002   8.2359741054430172E-003   1.8207508304870074E-002   3.1306527477079078E-002   4.6464436214100194E-002   6.2457926141393061E-002   7.8207170219440361E-002   9.2958546545353349E-002  0.10630749365826729       0.11812294514890516     
   7.7582501685667909E-002   9.9461611166361402E-003   2.1981788469819706E-002   3.7776145718648665E-002   5.6031815840615722E-002   7.5276312904160134E-002   9.4213858705813752E-002  0.11194156126569424       0.12797795997994102       0.14217079162950355     
   8.4944224982638025E-002   1.1578716583684850E-002   2.5594821479692071E-002   4.3996986905413114E-002   6.5290173617944078E-002   8.7772243694692609E-002  0.10993001696569564       0.13070188012566467       0.14952009386557299       0.16620225453550255     
   9.3004494584813954E-002   1.3180574763809010E-002   2.9159700222794859E-002   5.0190588806655514E-002   7.4615938337312809E-002  0.10050692996404285       0.12611232461339511       0.15019221570155236       0.17207652020966333       0.19153812561217676     
  0.10182959482819059        1.5186242050294972E-002   3.3629945282896437E-002   5.7982823227840298E-002   8.6387071829549383E-002  0.11660569426359541       0.14657925073080494       0.17485110617602298       0.20062669677188302       0.22362133623527938     
  0.11149209970080924        1.8331781205977164E-002   4.0593964569379262E-002   7.0013391144918724E-002  0.10434377200099602       0.14083802456814223       0.17700983907441156       0.21113402882315357       0.24227184184314993       0.27008161951885662     
  0.12207146966133181        2.2909729924951040E-002   5.0662155802127566E-002   8.7247487968184795E-002  0.12976083909047578       0.17472227934021378       0.21911609352120109       0.26090303772116891       0.29898471639420515       0.33297058732362500     
  0.13365470508911154        2.7855765555700823E-002   6.1561690801593426E-002  0.10596039624200153       0.15740871083305574       0.21166405804037081       0.26517105083330017       0.31553465795196600       0.36145202630402423       0.40245389716074464     
  0.14633706173946351        3.1507153552071857E-002   6.9847827711931959E-002  0.12072162898326459       0.18000473023969238       0.24289512801747337       0.30533350866995534       0.36447775491562739       0.41869759861959049       0.46733674249074036     
  0.16022283408774773        3.4791268414456816E-002   7.7592973407969293E-002  0.13506141301846100       0.20269866276841397       0.27520205496093353       0.34791193301179030       0.41738267751326280       0.48151860886057646       0.53937954670955057     
  0.17542621300415920        4.1054797623065999E-002   9.1763542320543678E-002  0.15995194467164833       0.24024747077688619       0.32652105231264156       0.41328028403844869       0.49637677019551146       0.57324945071301114       0.64272327911316951     
  0.19207222481239303        4.9934752243593429E-002  0.11149842471298332       0.19381391986461641       0.29028910912830552       0.39372253802580359       0.49762447862533843       0.59709313208566261       0.68911578191430600       0.77231930536159288     
  0.21029775945461360        5.6391391294618426E-002  0.12668925648945001       0.22141712884937159       0.33344312647556734       0.45463910491188630       0.57731270648083743       0.69547274619885013       0.80532667272674707       0.90505151311367704     
  0.23025269621793309        6.2882289524552784E-002  0.14251246473180254       0.25110138164445761       0.38117211751410729       0.52347069049150352       0.66876340823486591       0.80964109787715799       0.94128410667523355        1.0612684356381947     
  0.25210113627991265        7.4677948367230976E-002  0.16918251767640555       0.29774159645682324       0.45179198175420099       0.62053959734712960       0.79315331346183382       0.96090661303408420        1.1180668899044377        1.2616905199741126     
  0.27602275220902728        8.4609999753847184E-002  0.19297685457374938       0.34189741586890054       0.52222472408735732       0.72145772948840625       0.92664396860873122        1.1271395090967742        1.3158109007663796        1.4888761759416405     
  0.30221426551783803        9.5796152750334262E-002  0.22011821288907971       0.39297328696810291       0.60455477278905245       0.84030747409151940        1.0847160687670223        1.3248058566678302        1.5517276572158618        1.7606594187600830     
  0.33089106441964966       0.11056220487724890       0.25487942677809389       0.45685033845920520       0.70574250386029935       0.98480383714039654        1.2757852637805167        1.5631264344425568        1.8359818329455586        2.0882553732341291     
  0.36228897509242902       0.12438420133049996       0.28965682411600696       0.52452896187520937       0.81752248396920690        1.1490408053892676        1.4971281985821863        1.8427640416737108        2.1724885806539085        2.4785635012073906     
  0.39666620101612027       0.14214665911475163       0.33309750358947443       0.60734353353887471       0.95267020647480316        1.3465766663516174        1.7630488242297657        2.1790437029841496        2.5779134448238419        2.9498315845412204     
  0.43430544633167090       0.16052494736771705       0.38024081866164788       0.70058722898382342        1.1086978986193574        1.5784020335146296        2.0785294575365802        2.5809891251027288        3.0651579218954836        3.5186021714495279     
  0.47551624068340170       0.18179659159272388       0.43523435374067510       0.81016360311052138        1.2933583547008582        1.8545428004041178        2.4564144402871051        3.0647112832509222        3.6538654566121820        4.2081521281097416     
  0.52063748466325777       0.20567139174927970       0.49831440701743696       0.93800107628330165        1.5115159844767390        2.1837696873440637        2.9099900156319771        3.6483199959038273        4.3670641731659217        5.0463889141076672     
  0.57004023678963622       0.23227049626131754       0.57062074047556144        1.0875146153210709        1.7701322837704161        2.5776242403663323        3.4560974815599068        4.3543785572805973        5.2332219259440418        6.0677053794727467     
  0.62413076493974640       0.26234337995715856       0.65428823689781057        1.2634889075363078        2.0781251972246957        3.0504753130650655        4.1154935808903561        5.2105819508451923        6.2872236489434297        7.3142393196551359     
  0.68335388732923041       0.29630820536538038       0.75130874015737392        1.4712866604654549        2.4460962851790367        3.6196741307017004        4.9133011114245715        6.2504222242981307        7.5712227673980435        8.8369156677716560     
  0.74819663051388374       0.33479930345290215       0.86427731553645315        1.7176128295547921        2.8870818266762659        4.3063425409926301        5.8798833672960491        7.5141825921750289        9.1357841363643377        10.696773178336912     
  0.81919223449536838       0.37852643042990325       0.99632625142262154        2.0106539802191850        3.4169193819816068        5.1359187348947533        7.0515149490916054        9.0497074714632149        11.040760193226824        12.965981421576570     
  0.89692453786727211       0.42836962655548733        1.1513172908678024        2.3604148197128265        4.0547373406639213        6.1387480795330571        8.4710139683078793        10.913049822217365        13.355967286245161        15.728593732065821     
  0.98203277906312625       0.48540741817657385        1.3339804980669292        2.7790444314204139        4.8234256513347562        7.3505802999019947        10.188169242171154        13.168793495062825        16.161423947348116        19.080762961931374     
   1.0752168531898927       0.55094466940823539        1.5500893187026821        3.2812050336371956        5.7500829400760809        8.8129206859188383        12.259876178703522        15.889941169412570        19.547024379728654        23.130275910209516     
   1.1772430676769294       0.62656248089990563        1.8066776631555750        3.8844533979098270        6.8663690677250786        10.573124660089364        14.749844773851388        19.157220702814854        23.611496727646035        27.995250472703802     
   1.2889504440725368       0.71418448619022956        2.1122827733390492        4.6095952326004017        8.2086821933574363        12.684124857922271        17.727770076333851        23.057724772066749        28.460592713198036        33.801966995474260     
   1.4112576178114535       0.81615727931714921        2.4772075719493163        5.4809763839436432        9.8180857667769192        15.203718193760869        21.267944001522984        27.682940359973689        34.204645526446107        40.682038023864656     
   1.5451703926941469       0.93534444564082586        2.9138032868830082        6.5266764862515618        11.739935347143343        18.193419862816885        25.447432684768263        33.126429514896572        40.955887718226521        48.769419820856356     
   1.6917900122028373        1.0752295968751449        3.4367338667823808        7.7785033800144783        14.023095618721133        21.716867746894930        30.343953276029520        39.481449322419259        48.825954425283136        58.197812201327942     
   1.8523222156741213        1.2400469241070193        4.0632224471059466        9.2717725073252986        16.718821214986630        25.838055121072763        36.033956677323602        46.839213337319663        57.924437715354074        69.099465287522463     
   2.0280871538024625        1.4349259379363166        4.8132321792022603        11.044800934181374        19.879357184267668        30.619666652225469        42.591372369925139        55.288363191309259        68.359143983211652        81.606144440148199     
   2.2205302450155360        1.6660533377064626        5.7095461306853066        13.138113333515310        23.556469377812306        36.121959703614245        50.087559227434589        64.916199722485288        80.238596975948425        95.852835525178534     
   2.4312340619997870        1.9410397826373404        6.7781641717529917        15.594210458783852        27.801381192447842        42.404170655309038        58.594700383925577        75.814050778890234        93.679290147172750        111.98685090674627     
   2.6619313461261318        2.2682537608206803        8.0460365872305175        18.452876634722188        32.658944449869310        49.518860140740180        68.180548285573835        88.072378563547701        108.80128189414660        130.16418663821673     
   2.9145192568009906        2.6583479729381265        9.5438543971932202        21.755758979030613        38.176181142510337        57.525195139216564        78.925799347645892        101.80169187430845        125.75238867718042        150.57692553184398     
   3.1910749729235515        3.1234261276964408        11.303061976802585        25.541501947091952        44.397543751797549        66.484204671431229        90.918510944302611        117.12602280887010        144.70091141675414        173.44551479759687     
   3.4938727747491285        3.6774450876595850        13.355781479593860        29.846807596519604        51.368887710565595        76.464306137544014        104.26011410075900        134.18918779041380        165.84193852875921        199.02502904257733     
   3.8254027466328799        4.3362188637104895        15.733900343941903        34.706855471458951        59.139768912765888        87.543255209774728        119.06645623850432        153.15470419990939        189.39581780870577        227.60211985656247     
   4.1883912544574775        5.1174075816290205        18.468431347083463        40.156753071772734        67.765794360317329        99.809253730705365        135.46774189043481        174.20410931043074        215.60453770729262        259.48938445652527     
   4.5858233661428098        6.0403329086764428        21.588967137594420        46.233173051857356        77.309546014294483        113.36025319552201        153.60647826732222        197.53295796925519        244.72557190545663        295.01691669935252     
   5.0209673996144657        7.1257139543696342        25.123607857611315        52.976116050669980        87.840494853290807        128.30279131836699        173.63494918089222        223.34635532182148        277.02521278924092        334.52378176476270     
   5.4974018001037450        8.3953237089737875        29.099401354512288        60.430213399474809        99.434235628294758        144.75074944940081        195.71240048074301        251.85400381378770        312.77228923998587        378.35243951903800     
   6.0190445678066622        9.8715686866223500        33.543181404715476        68.645091485978796        112.17157120686188        162.82389827643266        220.00143558929264        283.26537706420697        352.23592806010106        426.85048087694719     
   6.5901854779032725        11.577032528196765        38.482614904500842        77.674775568524410        126.13782668972456        182.64585285707525        246.66371322524478        317.78872988765875        395.69016933980771        480.37672815238392     
   7.2155213579010242        13.534027735264237        43.947167792861833        87.576487771078149        141.42215437386756        204.34084999650523        275.85771658410232        355.63550913231671        443.41777981545494        539.29981554079063     
   7.9001947124089602        15.764358034836714        49.969047835026942        98.409976489664217        158.11703963069533        228.03083258043321        307.74297568125479        397.02383218838628        495.70493744587026        603.98792834071935     
   8.6498360129766851        18.289119942862474        56.583434007901594        110.23699097717200        176.31631267140540        253.83447359450369        342.48407756338798        442.17150872617185        552.83023140283683        674.80420676211997     
   9.4706100007722398        21.128760215717787        63.828374214418943        123.12158215424616        196.11253152084589        281.87156784579071        380.24707267687262        491.28801527381444        615.07013970028424        752.11999948653602     
   10.369266382873457        24.303139806744120        71.743908975097952        137.12985957039444        217.59405683877080        312.26557109258226        421.18941072165541        544.58046532592891        682.70976589902875        836.31060382072553     
   11.353195339077612        27.832011214625311        80.371651910107914        152.33019944661649        240.84749286788517        345.13994471558647        465.46339097454114        602.26380130861992        756.02920255369247        927.74025131726285     
   12.430488295695186        31.735050483336675        89.753462748958768        168.79069410231489        265.96119996534048        380.60862293137603        513.22649240861188        664.54317842128637        835.29575995839411        1026.7736680119240     
   13.610004466105526        36.032483934260156        99.931962482752994        186.57782298283794        293.02752462441998        418.78227251833812        564.63431002412676        731.61661753289650        920.78619046127062        1133.7750005931905     
   14.901443705277449        40.745100719612722        110.95039995932005        205.75416573889873        322.13469906748298        459.77668358098953        619.82841623511001        803.68657294402169        1012.7617025055389        1249.0953443018091     
   16.315426277379739        45.894506178525518        122.85330334287575        226.38120878738314        353.36301776355168        503.70346451972733        678.95664503758223        880.94187018138734        1111.4823351635084        1373.0849517101126     
   17.863580192457370        51.503556529743506        135.68718337879974        248.52493642331783        386.79558979446688        550.66769000771637        742.16270644682925        963.57530587347185        1217.2018524833077        1506.0844422129990     
   19.558636830395095        57.596273969773570        149.49961449581460        272.25385488813600        422.52077331962619        600.78133993012625        809.58752319650205        1051.7751658863988        1330.1758897469751        1648.4331794402142     
   21.414535638539547        64.197552511312225        164.33756375974028        297.62999512118438        460.61570497718134        654.14771125807306        881.37317848157898        1145.7297944404249        1450.6500357483249        1800.4646292737496     
   23.446538763970572        71.333070258934498        180.24624954432898        324.70810290287756        501.15279887024263        710.86450078122402        957.65061567425983        1245.6197472975139        1578.8774107290978        1962.5143903923840     
   25.671356563109935        79.028770844148895        197.26828286754827        353.54922515753668        544.21294225215127        771.03063907359524        1038.5509955937534        1351.6220700923650        1715.0923040514285        2134.9046675761742     
   28.107285020807289        87.310103341637557        215.44540577312509        384.21980263824958        589.87111460516746        834.74359591427788        1124.1994613629629        1463.9041194599311        1859.5307964382382        2317.9543547650383     
   30.774356208980628        96.202526532859039        234.82440606515178        416.77516464316540        638.20864096242519        902.11255537697434        1214.7408008330947        1582.6481258050417        2012.4162208955729        2511.9713719503347     
   33.694503022121602        105.73118471171635        255.45520260868653        451.26811152846790        689.29263319573749        973.23110202093608        1310.3044277672082        1708.0451801469828        2174.0222297261462        2717.2764720565501     
   36.891739544382439        115.92225838855222        277.38280926645530        487.76249056317050        743.19777067300686        1048.1963752652712        1411.0291695966796        1840.2613568791203        2344.5413131218343        2934.2128258887851     
   40.392358531509046        126.80347809631932        300.64499876610165        526.31112046437181        800.00098084807360        1127.0979845661141        1517.0160593156488        1979.4884533073266        2524.3277600735687        3163.1121582379842     
   44.225147631630513        138.40453495717276        325.28700736334702        566.97252001179686        859.78203406011630        1210.0776221325582        1628.4827132436328        2125.8942955127591        2713.3909177084511        3404.2355381036900     
   48.421626123015102        150.75607077862003        351.35745790542944        609.80101651052837        922.60043086638302        1297.1621545859309        1745.4264081433134        2279.6905367977574        2912.4132861945773        3658.0954771701740     
   53.016304115627769        163.88780815531510        378.89527975142011        654.85868318547375        988.56823890829003        1388.5902656129886        1868.2517189155064        2441.1044392895387        3120.9947413349778        3924.6788917694821     
   58.046966348054411        177.82710179374857        407.94204618920872        702.19063118680367        1057.7088957325529        1484.2684329701619        1996.6731143172308        2610.1927339800227        3340.3967257732825        4205.0724952331193     
   63.554982913623071        192.59978031164945        438.54414258690514        751.87904107416921        1130.1835130221486        1584.6070642097791        2131.5484895445625        2787.5292924250830        3569.5056565475220        4498.3964597845843     
   69.585649471004459        208.23496044709859        470.73846699558317        803.93826819886999        1205.9815972448907        1689.3224460968936        2271.9950603816214        2972.6766207765686        3810.5244334685908        4807.0021457791108     
   76.188559737046049        224.76808183731237        504.57169406142009        858.49415433159606        1285.2786511572724        1799.0536804315830        2419.6634776805804        3166.9229922714603        4061.2736459038388        5128.5172016765418     
   83.418013325063441        242.23331532851799        540.08022802888911        915.52316557956738        1368.1058127625938        1913.3010060406041        2572.7366337863600        3368.9904319406255        4325.2523637729601        5467.0736937148722     
   91.333462282486295        260.65812851764019        577.32371792878075        975.18152305708679        1454.5554474772939        2032.9363355957969        2733.9890584870072        3581.1729915055803        4598.8496349706584        5818.4739814342120     
   100.00000000000004        280.06686717240234        616.30576871008657        1037.4616386543421        1544.8352562705065        2157.2611734872225        2900.3731884254948        3801.1805714913521        4887.3063272907348        6188.7529271990597     
