   1.0000000000000002E-003   4.7934015288308726E-008   1.0617799352675820E-007   1.8330890838715226E-007   2.7388703984146877E-007   3.7145210144623258E-007   4.6987236348476575E-007   5.6440465678089884E-007   6.5205971015924350E-007   7.3140418537463604E-007
   1.0948889651276870E-003   6.6816954580156954E-008   1.4800536701116235E-007   2.5552440669511854E-007   3.8179242485223345E-007   5.1780202312564704E-007   6.5500376594149435E-007   7.8678482285769257E-007   9.0897801080356222E-007   1.0195854208255842E-006
   1.1987818459583783E-003   9.3094824638552368E-008   2.0621318091271555E-007   3.5602200497344991E-007   5.3195919665774962E-007   7.2147208808022817E-007   9.1264604569523650E-007   1.0962660239025558E-006   1.2665255280764205E-006   1.4206410003207795E-006
   1.3125330147352270E-003   1.2964058037409888E-007   2.8716530103181678E-007   4.9578973514207539E-007   7.4080712935245643E-007   1.0047334013176154E-006   1.2709729186299543E-006   1.5266911563056720E-006   1.7638016193821406E-006   1.9784281383978156E-006
   1.4370779141993756E-003   1.8042516344162221E-007   3.9965774401423046E-007   6.9001514720679733E-007   1.0310316423723781E-006   1.3983692598475299E-006   1.7689264367730360E-006   2.1248383496561880E-006   2.4548499939181754E-006   2.7535669199283428E-006
   1.5734407502856105E-003   2.5094191129131321E-007   5.5585879001118121E-007   9.5970860648286128E-007   1.4340296694983564E-006   1.9449656206761951E-006   2.4603796278058160E-006   2.9554212657029658E-006   3.4144356654309174E-006   3.8299202152807776E-006
   1.7227429147699432E-003   3.4876257883936480E-007   7.7254063490469591E-007   1.3338299970160336E-006   1.9930778252098439E-006   2.7032219917686494E-006   3.4195900280650637E-006   4.1076400534808621E-006   4.7456133993868797E-006   5.3230830702218444E-006
   1.8862122071335180E-003   4.8432165799953791E-007   1.0728167520599825E-006   1.8522886577317665E-006   2.7678155709902251E-006   3.7540324647574046E-006   4.7488925661831852E-006   5.7044222840612421E-006   6.5904039347905762E-006   7.3923580089222256E-006
   2.0651929314796274E-003   6.7196057954735685E-007   1.4884549320205211E-006   2.5699373656133675E-006   3.8402139207845606E-006   5.2085817630228144E-006   6.5889415609427669E-006   7.9147259403267475E-006   9.1440078175582607E-006   1.0256698355153106E-005
   2.2611569515367451E-003   9.3136926842428134E-007   2.0630705202380234E-006   3.5620862094654162E-006   5.3228155515921542E-006   7.2195222930828834E-006   9.1328503831853541E-006   1.0970524369390799E-005   1.2674428321753302E-005   1.4216718721043239E-005
   2.4757157946593421E-003   1.2894824356338009E-006   2.8563269767229173E-006   4.9317558651803988E-006   7.3695743515802188E-006   9.9956771233706049E-006   1.2644791594442830E-005   1.5189149197571649E-005   1.7548284360407951E-005   1.9683648470413243E-005
   2.7106339043648361E-003   1.7831109874979801E-006   3.9497648497351871E-006   6.8197427827919839E-006   1.0190897271681655E-005   1.3822443101871283E-005   1.7485808077325001E-005   2.1004295148157133E-005   2.4266630361727007E-005   2.7219509406273655E-005
   2.9678431503900389E-003   2.4624051932507264E-006   5.4544732696684822E-006   9.4178660055542987E-006   1.4073440987392315E-005   1.9088643482092251E-005   2.4147783026362460E-005   2.9006825155500927E-005   3.3512098016190603E-005   3.7589992212820432E-005
   3.2494587155918438E-003   3.3954621671231260E-006   7.5212963619154242E-006   1.2986591279353664E-005   1.9406450261385495E-005   2.6322253813418609E-005   3.3298634845096338E-005   3.9999058475746158E-005   4.6211614088864620E-005   5.1834802864249691E-005
   3.5577964903394962E-003   4.6744512058555564E-006   1.0354402097834249E-005   1.7878461457822428E-005   2.6716773624812167E-005   3.6237897813816434E-005   4.5842401159405200E-005   5.5066942741762731E-005   6.3619777889226559E-005   7.1361180027498642E-005
   3.8953921174427275E-003   6.4237679665658632E-006   1.4229345605841866E-005   2.4569288063062253E-005   3.6715477876810080E-005   4.9800075843588873E-005   6.2999224317905137E-005   7.5676129871000251E-005   8.7429851701873069E-005   9.8068380826825041E-005
   4.2650218442334201E-003   8.8106310836995503E-006   1.9516543324306052E-005   3.3698686537517532E-005   5.0358426400729498E-005   6.8305333461824198E-005   8.6409294871969878E-005   1.0379682657556099E-004   1.1991798857250304E-004   1.3450944018726944E-004
   4.6697253532797080E-003   1.2058774395565175E-005   2.6711605171559395E-005   4.6122454390662808E-005   6.8924556213843761E-005   9.3488435418530465E-005   1.1826715900286129E-004   1.4206511100501345E-004   1.6412957865731209E-004   1.8410015950107514E-004
   5.1128307594829414E-003   1.6466244230813773E-005   3.6474761286085139E-005   6.2980654686504590E-005   9.4117625944686010E-005   1.2766037326696484E-004   1.6149628952622788E-004   1.9399260117526816E-004   2.2412143728570106E-004   2.5139070703360754E-004
   5.5979819791232878E-003   2.2427919947123776E-005   4.9680753491336191E-005   8.5783771377114637E-005   1.2819497093467935E-004   1.7388300043528367E-004   2.1996997862179819E-004   2.6423174179397214E-004   3.0526821526832560E-004   3.4240921230754850E-004
   6.1291686959257363E-003   3.0464053847551118E-005   6.7482063740488543E-005   1.1652189712507839E-004   1.7413067824327379E-004   2.3619034506366083E-004   2.9879125583550487E-004   3.5891195141337512E-004   4.1465061584876085E-004   4.6509704805985155E-004
   6.7107591705751436E-003   4.1255444881376628E-005   9.1386842332791498E-005   1.5779930804935843E-004   2.3581669845507320E-004   3.1986136270917574E-004   4.0463783724282727E-004   4.8605381403002027E-004   5.6153367658481326E-004   6.2984501213011351E-004
   7.3475361634921530E-003   5.5686559497034499E-005   1.2335444786252015E-004   2.1299945551034584E-004   3.1830940870102757E-004   4.3175430784960856E-004   5.4618495210912701E-004   6.5607669627029902E-004   7.5795281734947065E-004   8.5015018044388231E-004
   8.0447362662841772E-003   7.4896001604061348E-005   1.6590727818820868E-004   2.8647809667394939E-004   4.2811821640279646E-004   5.8069807452299546E-004   7.3460011432815140E-004   8.8239258171955227E-004   1.0193992148969896E-003   1.1433838293362672E-003
   8.8080929653170624E-003   1.0033647030503360E-004   2.2226363571209998E-004   3.8379275809933167E-004   5.7354844095370563E-004   7.7795706751574779E-004   9.8413070853226774E-004   1.1821110598826407E-003   1.3656331348184734E-003   1.5317023238279256E-003
   9.6438837915444661E-003   1.3383839817292497E-004   2.9647877191448630E-004   5.1194633868472479E-004   7.6506528941695860E-004   1.0377245314860790E-003   1.3127272434353522E-003   1.5767866182831672E-003   1.8215453994298103E-003   2.0430111046419214E-003
   1.0558981944335792E-002   1.7767796563040891E-004   3.9359567620473489E-004   6.7964758869899441E-004   1.0156830411176760E-003   1.3776498980921502E-003   1.7427092004809420E-003   2.0932163491204137E-003   2.4180760486424984E-003   2.7119915336318665E-003
   1.1560912813835747E-002   2.3463837167222052E-004   5.1978106570534522E-004   8.9754625411495308E-004   1.3413166059476202E-003   1.8193151975288134E-003   2.3013662486828031E-003   2.7641594173053599E-003   3.1930415982702057E-003   3.5810238486828965E-003
   1.2657915866672035E-002   3.0805743250391656E-004   6.8243086573859836E-004   1.1784148860347586E-003   1.7610520087984760E-003   2.3885991423079193E-003   3.0214138670422936E-003   3.6288770674524650E-003   4.1917495296073960E-003   4.7008654579378684E-003
   1.3859012403933871E-002   4.0183989264423942E-004   8.9019806761880620E-004   1.5371976605756271E-003   2.2972196481122519E-003   3.1157753958302331E-003   3.9411141822903242E-003   4.7332714241963836E-003   5.4671495199683723E-003   6.1308092037810754E-003
   1.5174079748634946E-002   5.2041364162399640E-004   1.1528960161540525E-003   1.9908431140668362E-003   2.9751424764131243E-003   4.0351660604509253E-003   5.1038283154359512E-003   6.1293336879910763E-003   7.0791775845679764E-003   7.9379261474425891E-003
   1.6613932472747905E-002   6.6860957325164940E-004   1.4812326708937566E-003   2.5578449410400255E-003   3.8224472313910999E-003   5.1842006248944174E-003   6.5568130890182623E-003   7.8736793776797275E-003   9.0930387418514114E-003   1.0195110003592677E-002
   1.8190411331788243E-002   8.5142688640297702E-004   1.8862910451001706E-003   3.2573439785220548E-003   4.8677183540783561E-003   6.6015801105023036E-003   8.3488804554330762E-003   1.0024710150185320E-002   1.1575894196024776E-002   1.2977322461184534E-002
   1.9916480638308576E-002   1.0736977730354804E-003   2.3787870154716125E-003   4.1078459250038371E-003   6.1385773498818545E-003   8.3246605619979753E-003   1.0527066702414208E-002   1.2638582376565229E-002   1.4592165677766559E-002   1.6356283297614710E-002
   2.1806334875063296E-002   1.3396419141858155E-003   2.9680845508838708E-003   5.1255233369520104E-003   7.6591461147069440E-003   1.0386008250503681E-002   1.3132263137025764E-002   1.5763939655552357E-002   1.8197425509861972E-002   2.0393590259722774E-002
   2.3875515424585839E-002   1.6524461590186484E-003   3.6612705398674033E-003   6.3226291774151925E-003   9.4476923712782431E-003   1.2810225086352506E-002   1.6195219906712004E-002   1.9437132814569387E-002   2.2432896378735308E-002   2.5134575260465048E-002
   2.6141038375114913E-002   2.0140363740913090E-003   4.4626621936870890E-003   7.7066732997701764E-003   1.1515444405867705E-002   1.5612405007606236E-002   1.9734674843730673E-002   2.3680070591914220E-002   2.7323082532427184E-002   3.0605775803159468E-002
   2.8621534453892730E-002   2.4253776906973507E-003   5.3744936864454935E-003   9.2816556197026032E-003   1.3868517113175268E-002   1.8800869665273976E-002   2.3760978444082658E-002   2.8504778114921654E-002   3.2881276017517988E-002   3.6821379160399646E-002
   3.1337402238589059E-002   2.8878463963051050E-003   6.3999833050400251E-003   1.1053424865725272E-002   1.6516031155980354E-002   2.2388348646425148E-002   2.8290465274395597E-002   3.3930948101092942E-002   3.9130174504216721E-002   4.3806728672537494E-002
   3.4310975906798831E-002   3.4061157976033422E-003   7.5497535626133866E-003   1.3040822896809605E-002   1.9486868968045273E-002   2.6414860216401471E-002   3.3374609916742508E-002   4.0021233876108619E-002   4.6142976911664288E-002   5.1644774126504603E-002
   3.7566708903115982E-002   3.9906230396144502E-003   8.8473292489550000E-003   1.5285247775617022E-002   2.2844086135372043E-002   3.0967440630645035E-002   3.9125235952966957E-002   4.6911844672514032E-002   5.4079084237084719E-002   6.0516477596660373E-002
   4.1131375034185735E-002   4.6647928669597341E-003   1.0345106953302000E-002   1.7878129772472901E-002   2.6725769516533871E-002   3.6235234520863253E-002   4.5783751708783925E-002   5.4895137921250357E-002   6.3278827743276853E-002   7.0806263796387769E-002
   4.5034288645458394E-002   5.4785221628288984E-003   1.2153987724019235E-002   2.1011483929546076E-002   3.1419404155054176E-002   4.2608505072514000E-002   5.3843857966116793E-002   6.4563870674318249E-002   7.4426500619184599E-002   8.3280944238037335E-002
   4.9307545690287481E-002   6.4950669659666511E-003   1.4414246115864652E-002   2.4927387491190361E-002   3.7285998641144596E-002   5.0575218174813759E-002   6.3920095202378777E-002   7.6652478954532088E-002   8.8365923306630928E-002   9.8881552966495978E-002
   5.3986287673825017E-002   7.7772562142699297E-003   1.7264893425254033E-002   2.9864879737159053E-002   4.4680526918956354E-002   6.0613009995603651E-002   7.6611050976621020E-002   9.1872413331043221E-002  0.10590954586133978       0.11850835716404637     
   5.9108990642279875E-002   9.3936198193415605E-003   2.0856634315414166E-002   3.6080942441189222E-002   5.3980980315459844E-002   7.3225234375368584E-002   9.2540284126784805E-002  0.11095530830683950       0.12788156911052118       0.14306250655020070     
   6.4717781594067936E-002   1.1312140671606869E-002   2.5119099633694051E-002   4.3455357724985967E-002   6.5011202632202336E-002   8.8178774532876036E-002  0.11141881587857078       0.13355764933686121       0.15388599651254839       0.17209914985111674     
   7.0858784914888756E-002   1.3375948901334875E-002   2.9710399692179229E-002   5.1412400989165816E-002   7.6940168330043232E-002  0.10439027045068172       0.13192795921012151       0.15814923132893113       0.18220877105960925       0.20374934504055142     
   7.7582501685667909E-002   1.5299497928067863E-002   3.4014196128271910E-002   5.8929462372128899E-002   8.8317947023357171E-002  0.12000411374065464       0.15185048984101490       0.18220606759915786       0.21007752901419072       0.23504719241489788     
   8.4944224982638025E-002   1.6873637162208313E-002   3.7591490203796644E-002   6.5309646064685090E-002   9.8210264003369949E-002  0.13389265901447392       0.16991511815425037       0.20436538511230948       0.23608693660600538       0.26458374402663870     
   9.3004494584813954E-002   1.8202674678819638E-002   4.0692437347389983E-002   7.1030293160613892E-002  0.10739527815912983       0.14717172960134478       0.18758467395381004       0.22643532091892052       0.26237890715442697       0.29481305326557611     
  0.10182959482819059        1.9875108673773293E-002   4.4608601983817865E-002   7.8286190640813463E-002  0.11905727367639587       0.16398354549050173       0.20987117965108970       0.25419262157681621       0.29538564410770818       0.33271850796204405     
  0.11149209970080924        2.2722735358551002E-002   5.1127157551560921E-002   9.0018846149343204E-002  0.13729789252382565       0.18945744413731805       0.24276251630540616       0.29431679363814839       0.34232766344811910       0.38593659232862543     
  0.12207146966133181        2.6874800517701074E-002   6.0503247368975194E-002  0.10657744709080356       0.16245315181192641       0.22382939119739761       0.28636597970736061       0.34678434429900773       0.40305924117556563       0.45421445912814268     
  0.13365470508911154        3.0930422205361671E-002   6.9779251125348593E-002  0.12316305540185750       0.18787199379296554       0.25886849720505323       0.33125952866849939       0.40134772539695956       0.46680279228514177       0.52646475470963827     
  0.14633706173946351        3.3161221316551671E-002   7.5436284707022710E-002  0.13434703904235559       0.20651463319002236       0.28648617137145210       0.36885630022134314       0.44934204838464198       0.52509390327220440       0.59458551874474153     
  0.16022283408774773        3.4738920409386205E-002   8.0045208968800838E-002  0.14442006897514265       0.22452831758777680       0.31462197913753015       0.40865997063561360       0.50155399355647545       0.58973831310699443       0.67118157568952153     
  0.17542621300415920        3.8808731049080045E-002   9.0035968922945131E-002  0.16322574333003922       0.25466601972600822       0.35809744818370159       0.46672444140123176       0.57463676542792907       0.67758559447546329       0.77307592917650603     
  0.19207222481239303        4.4608897633648989E-002  0.10371757774828297       0.18787380226721365       0.29284927253128856       0.41184591527838110       0.53731025622172801       0.66251834815662791       0.78252348184634457       0.89433133665779307     
  0.21029775945461360        4.7729253894721525E-002  0.11244984714710358       0.20589293000412034       0.32416925746746639       0.46011070553530092       0.60509594310632675       0.75111387961194520       0.89208481340693413        1.0242000304448471     
  0.23025269621793309        5.0456811397621822E-002  0.12094585237956949       0.22463711288289129       0.35830045594746929       0.51429244415783826       0.68263254674241491       0.85370100400562787        1.0200158515276132        1.1767637927622148     
  0.25210113627991265        5.6564618475937405E-002  0.13620609631318745       0.25357136186372481       0.40585160640692514       0.58507183970807775       0.78017165422406587       0.98005713694209340        1.1757983649179862        1.3614412228058155     
  0.27602275220902728        6.0643884109919693E-002  0.14827885695291851       0.27957493953352675       0.45276273779520354       0.65944920854119393       0.88699739551127943        1.1222395455149652        1.3542926934136703        1.5757103928716676     
  0.30221426551783803        6.4955550366722806E-002  0.16149316677193926       0.30875220410572163       0.50628345751078729       0.74533542232242822        1.0115112426098185        1.2892071365497197        1.5651796875365664        1.8301394371535185     
  0.33089106441964966        7.0750385643239141E-002  0.17793660753040186       0.34362399111328029       0.56916162320322783       0.84591670868633062        1.1577771539519712        1.4863271340831599        1.8154295014270914        2.1334691111425150     
  0.36228897509242902        7.5296374328148091E-002  0.19339070971669134       0.37994769159175751       0.63854899696907230       0.96060379880083446        1.3278254545714316        1.7183404532006619        2.1124746586105903        2.4957628394677802     
  0.39666620101612027        8.1204685667899831E-002  0.21201708421854021       0.42246136960660602       0.71931327676373558        1.0947584969993689        1.5282474736982432        1.9937461663010021        2.4671886429123955        2.9305365090785473     
  0.43430544633167090        8.6662542574414594E-002  0.23140938105309955       0.46944255082209424       0.81150812064749223        1.2509416432310898        1.7645782552446521        2.3213551649895674        2.8918421791150069        3.4536158710478775     
  0.47551624068340170        9.2675513250669833E-002  0.25316895086724139       0.52298143058531976       0.91817848674758396        1.4340828291688590        2.0445582426201585        2.7123953758917616        3.4015689228390844        4.0842723275585140     
  0.52063748466325777        9.8985168220449143E-002  0.27723716693805373       0.58387596008386944        1.0418811881587806        1.6495295834055781        2.3772117044576149        3.1801968538711840        4.0144038506398392        4.8454852940335158     
  0.57004023678963622       0.10554924565573739       0.30394236787180651       0.65343850757051325        1.1859109403258714        1.9037961627675615        2.7733205502042870        3.7405329155886946        4.7515699137713350        5.7642199018837603     
  0.62413076493974640       0.11252652393795270       0.33386819020820835       0.73333978906189012        1.3542770778019220        2.2047069467851794        3.2456821276481742        4.4119372034338173        5.6378224613112264        6.8717908701792858     
  0.68335388732923041       0.11993481489865211       0.36754983966000676       0.82548159862975401        1.5517237459287609        2.5614730994753634        3.8091647434535805        5.2156896290026413        6.7013428583765213        8.2036647481128089     
  0.74819663051388374       0.12783909144171957       0.40567140882191671       0.93216146472792383        1.7839069638825313        2.9848626570837697        4.4808108900087014        6.1757969780499415        7.9735641350677851        9.7991261950512634     
  0.81919223449536838       0.13630478229241677       0.44904992189640947        1.0561201230288013        2.0574928162133053        3.4872489503928952        5.2797293586724754        7.3186505807315534        9.4885538610518516        11.700380712132189     
  0.89692453786727211       0.14541712118434569       0.49867224269481514        1.2006232729041084        2.3802517407946078        4.0825830392799762        6.2268154152882458        8.6724042189364834        11.282007027191149        13.951157312440253     
  0.98203277906312625       0.15527988345675822       0.55572340683714005        1.3695427627580214        2.7611048834255199        4.7862271172175284        7.3442209549329949        10.265990742857174        13.389774599711320        16.594749024833373     
   1.0752168531898927       0.16601539532551265       0.62162352563460943        1.5674384393004255        3.2101063522630118        5.6146259937054577        8.6545619587488005        12.127795275201184        15.845990523362465        19.671604582697100     
   1.1772430676769294       0.17776914489908818       0.69807151420687530        1.7996302689082280        3.7383390645584167        6.5847982526883593        10.179877179714580        14.284058671679992        18.680947048276039        23.216703684441946     
   1.2889504440725368       0.19071501762227733       0.78709153333000337        2.0722440420246557        4.3576993820327523        7.7136421920608491        11.940392835009304        16.757154933925293        21.918964963458425        27.257070332071034     
   1.4112576178114535       0.20506066876445486       0.89108283989192250        2.3922199522044547        5.0805676218841107        9.0171038167390662        13.953235253125809        19.564000304941302        25.576636474546021        31.809922386211568     
   1.5451703926941469       0.22105365609329333        1.0128725042194964        2.7672739578865575        5.9193776788262049        10.509297639260554        16.231295807881917        22.714912893052880        29.661862082397541        36.881974718711994     
   1.6917900122028373       0.23898843487496582        1.1557672473708362        3.2058019549806880        6.8861159445004798        12.201707380221421        18.782481867270729        26.213232802212151        34.174035497291953        42.470279231094210     
   1.8523222156741213       0.25921452113753485        1.3236011241613972        3.7167270530015792        7.9918126116222767        14.102634606320628        21.609592752800562        30.055946910909544        39.105576208441356        48.564734337791677     
   2.0280871538024625       0.28214596664669483        1.5207762557338953        4.3093028425728805        9.2461192871450617        16.217074898226517        24.711000541307737        34.235408790859523        44.444758135988373        55.152045383459850     
   2.2205302450155360       0.30827179253889797        1.7522907752421673        4.9928919463552033        10.657074205635256        18.547151783905679        28.082170757651294        38.742011425413651        50.179482993332257        62.220556700486064     
   2.4312340619997870       0.33820937334444229        2.0239009881294305        5.7770639955988559        12.231648975389730        21.093842717436463        31.718763339856793        43.568509901274773        56.302645841733636        69.766530079684841     
   2.6619313461261318       0.37253401613507364        2.3414646277877447        6.6701103602197440        13.974053666798580        23.855655920799336        35.615628798247172        48.709099051063710        62.811142386376410        77.792959190324780     
   2.9145192568009906       0.41208708132668165        2.7119656807037806        7.6811561928220327        15.889976087410735        26.835371583934670        39.775622813176639        54.169842765654657        69.717584729595657        86.322203622555151     
   3.1910749729235515       0.45777853673630986        3.1427424740753267        8.8187562197503642        17.985287780511843        30.038752923013352        44.207803738647030        59.966162855886836        77.047002776415837        95.391639034551119     
   3.4938727747491285       0.51065522189400070        3.6416510283537411        10.091601893236675        20.267998906817027        33.477249458781422        48.930299860412802        66.125785558397567        84.839725249862838        105.05604103927662     
   3.8254027466328799       0.57191073553644678        4.2170459168673169        11.509000015425412        22.749504763290496        37.169124315173967        53.970931205092626        72.689031900114642        93.151171969718192        115.38647827732146     
   4.1883912544574775       0.64290489255093386        4.8778470319479812        13.081583330854070        25.445650136149688        41.139791836304539        59.366800645789283        79.707956071237248        102.05021673140284        126.46773698865404     
   4.5858233661428098       0.72515942521210031        5.6335890984407273        14.821928607552177        28.376996683079295        45.420762785507698        65.162316288695251        87.243586155247002        111.61518189979017        138.39355746801434     
   5.0209673996144657       0.82036232499480288        6.4946087463158513        16.745237360455121        31.568575234188469        50.047939918016624        71.406657230501267        95.362233281515472        121.92866725824553        151.26146672927322     
   5.4974018001037450       0.93037002944162117        7.4723546232462876        18.869910115978918        35.049120980973797        55.059633292733530        78.151081457012580        104.13123373786148        133.07211128450194        165.16839905866030     
   6.0190445678066622        1.0572155586262599        8.5798731902781515        21.218035934241225        38.850265642527091        60.495191671900123        85.447107116506047        113.61560774504386        145.12244203079405        180.20898521178324     
   6.5901854779032725        1.2030947922291264        9.8323613950887729        23.815650634198118        43.005976451188687        66.394779145421495        93.346251918039670        123.87710229137916        158.15267013627252        196.47673803486663     
   7.2155213579010242        1.3703667586111457        11.247932801799246        26.693227578667560        47.553306818377123        72.801730859823621        101.90318874335259        134.97855301731937        172.23880337503212        214.06917859420821     
   7.9001947124089602        1.5615616509809558        12.848565849025110        29.886647108723004        52.534932709245076        79.767939324717545        111.18292238114005        146.99458530448936        187.47246507965468        233.09694769744362     
   8.6498360129766851        1.7794061481019612        14.661276297656974        33.439022990731949        58.003757826263779        87.362086147063962        121.27169671958472        160.02757876855640        203.97706295439349        253.69749457963061     
   9.4706100007722398        2.0268287223527497        16.719377042812312        37.403307529004017        64.028776465645706        95.678719837980040        132.28900452624234        174.22396363114470        221.92322544428728        276.05154783062005     
   10.369266382873457        2.3070220719599157        19.064222294521365        41.846183451772603        70.701892701167580        104.84683481063932        144.39876297032288        189.78667529349909        241.54102794668103        300.40342020300517     
   11.353195339077612        2.6235492418593642        21.747495707883264        46.852861224992196        78.144371107952793        115.03605322625420        157.81704556514902        206.98047911291323        263.12714781937234        327.08625258541156     
   12.430488295695186        2.9803896418796541        24.833735993644414        52.531810980081026        86.511833689914496        126.46019343723714        172.81600328736437        226.13179308748082        287.05229698919140        356.54003462671017     
   13.610004466105526        3.3821572065596741        28.404332386099789        59.021294711203211        96.001800925112079        139.38536790951824        189.73261936485903        247.63607671774730        313.78249420084632        389.30712646411195     
   14.901443705277449        3.8342483803165206        32.562174638232428        66.496920081004092        106.86434039562697        154.14482335575443        208.98574380165249        271.98265570019021        343.90286281726463        426.01713288641429     
   16.315426277379739        4.3430682120226010        37.437938331746146        75.182630361375800        119.41932219888508        171.16413815520150        231.10551106397614        299.80152746658564        378.13349584423634        467.43523547985103     
   17.863580192457370        4.9163948323927684        43.198739867715453        85.366646609968029        134.08083816825996        190.99520219907996        256.77436544566882        331.91811876163888        417.37368676909392        514.58152717904784     
   19.558636830395095        5.5637405705575720        50.059061254012704        97.421830448611175        151.38647224804933        214.35490827758724        286.87673844749446        369.38544961039122        462.79705729175646        568.79368263586605     
   21.414535638539547        6.2968113176561733        58.295125396979117        111.83195773581458        172.03392438437808        242.17212779948434        322.56818891503116        413.54479851391812        515.97120918888015        631.71839316525973     
   23.446538763970572        7.1301605153027117        68.264176855590335        129.22642220664562        196.93037023429170        275.65222511213886        365.35523757092113        466.13382996947234        578.87548854110435        705.53939590106688     
   25.671356563109935        8.0820101056400020        80.429816863533404        150.42637723130389        227.25893407356531        316.36432724436696        417.19667545000976        529.48530435259863        654.06388737521013        793.09327995270849     
   28.107285020807289        9.1752398007130100        95.394994666827102        176.50500865557777        264.56615399389443        366.35707068454712        480.61391595093971        606.56599594763168        744.92385406484345        898.05747373476891     
   30.774356208980628        10.438851449998252        113.94655343362327        208.86969016535301        310.88126314287149        428.32535214417015        558.94925460886611        701.31724435979606        855.86209514385951        1025.2175455987656     
   33.694503022121602        11.909665527863474        137.11291095951435        249.36624224434303        368.86668475907322        505.81338916453490        656.57330756091153        818.79354800883596        992.64668143640961        1180.8147259697000     
   36.891739544382439        13.634713561470589        166.24123729884931        300.42386553584276        442.02920959734689        603.48521261636790        779.38647509292309        965.85826899554297        1162.9934121582510        1373.3137968158683     
   40.392358531509046        15.674251209761621        203.09896611252699        365.23473071890595        534.96834583676230        727.46832252931927        934.65950893172487        1151.4181455427783        1376.1511444789867        1613.6853074154901     
   44.225147631630513        18.105887277585953        250.00836075765793        448.01712240205376        653.77453576890866        885.86031018683400        1132.7258400203732        1387.2739391770840        1647.1135941974944        1914.3529664983271     
   48.421626123015102        21.029779733942860        310.02530588966152        554.31117498572758        806.45425316805199        1089.0036398024320        1386.9829079919912        1687.5217341813877        1991.2428643830531        2298.8556269173650     
   53.016304115627769        24.575603782844844        387.17202413992692        691.47920581326741        1003.5124076863702        1351.7649418563140        1714.0645504518434        2076.8079698123802        2430.5894062884295        2786.9034323631140     
   58.046966348054411        28.911736927340748        486.75510603122996        869.12414196426300        1258.9327416050558        1692.0812400837633        2136.8405288716795        2575.9930233221357        3001.0095663397874        3411.8387481800478     
   63.554982913623071        34.257322312270155        615.76495794505468        1100.1821803727962        1591.7223504611361        2133.9646315930358        2690.2237689783005        3224.3869521915381        3736.2020685508924        4222.1607495238895     
   69.585649471004459        40.898063644567209        783.44995248659257        1401.3746989927899        2024.7089938015606        2711.5588206003531        3405.0002079547021        4071.5765613423982        4688.7703752665557        5274.0274836343206     
   76.188559737046049        49.207304543525254        1001.9775357272822        1795.2112367850684        2592.6648661118429        3468.9031915611208        4345.1207944290836        5175.9901640895741        5936.2492228906021        6629.3506726507649     
   83.418013325063441        59.673320305269542        1287.5120083560814        2310.8749704191591        3336.3782357386244        4455.0112393531708        5575.2430002107367        6617.3611588423555        7568.5769400595891        8416.8438076731272     
   91.333462282486295        72.936126221006205        1661.2719000680408        2988.9691506856561        4313.4287970036657        5760.8236116757053        7192.2438680965834        8517.5421910514033        9694.0912208732097        10742.731011085179     
   100.00000000000004        89.834435437645936        2151.5913660830670        3877.6807451223708        5595.5511920329818        7467.4100601654727        9311.7953834498785        11009.747771920678        12508.853251480390        13797.399895504705     
