   1.0000000000000002E-003   1.3067171433159491E-008   2.8944950203426959E-008   4.9982936157654766E-008   7.4701510379932511E-008   1.0133237035791560E-007   1.2819665526602971E-007   1.5399745650120140E-007   1.7791873108239166E-007   1.9956995010902583E-007
   1.0948889651276870E-003   1.8649201852482938E-008   4.1309640061389833E-008   7.1334599346328000E-008   1.0661237570286410E-007   1.4461926849528062E-007   1.8295923966884708E-007   2.1978137761068306E-007   2.5392105859069527E-007   2.8482094474645505E-007
   1.1987818459583783E-003   2.6603310571196453E-008   5.8928686059651584E-008   1.0175959861576052E-007   1.5208364003240840E-007   2.0630069605442967E-007   2.6099278731777241E-007   3.1351958416760018E-007   3.6221976523257277E-007   4.0629831082431551E-007
   1.3125330147352270E-003   3.7930304266145832E-008   8.4018954369567342E-008   1.4508604956901378E-007   2.1683651429347848E-007   2.9413735865531367E-007   3.7211531484746268E-007   4.4700590205434552E-007   5.1644050115920789E-007   5.7928564474322336E-007
   1.4370779141993756E-003   5.4047950612754294E-008   1.1972090770218203E-007   2.0673693400529931E-007   3.0897574996490424E-007   4.1912314682688160E-007   5.3023506782795815E-007   6.3694745606635474E-007   7.3588528588273931E-007   8.2543353552043331E-007
   1.5734407502856105E-003   7.6964631881037892E-008   1.7048325560490903E-007   2.9439430393857394E-007   4.3998227882814708E-007   5.9683158703481270E-007   7.5505384854813298E-007   9.0701071226165955E-007   1.0478962687722081E-006   1.1754108675008109E-006
   1.7227429147699432E-003   1.0951755687057418E-007   2.4259060101843479E-007   4.1891039980843530E-007   6.2607484633282111E-007   8.4926278617424777E-007   1.0744034639481392E-006   1.2906279920613460E-006   1.4910980137533652E-006   1.6725414786468068E-006
   1.8862122071335180E-003   1.5571253735586676E-007   3.4491605015157322E-007   5.9560721390970457E-007   8.9015214039560419E-007   1.2074777379077261E-006   1.5275781706902707E-006   1.8350003169768826E-006   2.1200218167599122E-006   2.3779908998320786E-006
   2.0651929314796274E-003   2.2119209311320212E-007   4.8995806237810385E-007   8.4606683996857108E-007   1.2644683319286538E-006   1.7152273664900874E-006   2.1699253990092688E-006   2.6066115686626099E-006   3.0114758784904637E-006   3.3779111793944724E-006
   2.2611569515367451E-003   3.1389349743667301E-007   6.9529800160811099E-007   1.2006482195998574E-006   1.7943940935255954E-006   2.4340537901099682E-006   3.0792986995227908E-006   3.6989793139587853E-006   4.2734991991198535E-006   4.7934834620826334E-006
   2.4757157946593421E-003   4.4495207326721944E-007   9.8560088202002593E-007   1.7019417522332765E-006   2.5435790368256240E-006   3.4502922189916496E-006   4.3649147017595499E-006   5.2432928859102044E-006   6.0576505889271864E-006   6.7947008924259438E-006
   2.7106339043648361E-003   6.2995529065298990E-007   1.3953930709390310E-006   2.4095653376619466E-006   3.6011185397170034E-006   4.8847911491667590E-006   6.1796481693228388E-006   7.4231805213390481E-006   8.5760670555776387E-006   9.6195001963938181E-006
   2.9678431503900389E-003   8.9069047463537335E-007   1.9729332131527301E-006   3.4068478171837344E-006   5.0915406281938129E-006   6.9064568467884507E-006   8.7371637731491301E-006   1.0495284982133370E-005   1.2125231136652144E-005   1.3600416791446290E-005
   3.2494587155918438E-003   1.2574832481023026E-006   2.7853914025778446E-006   4.8097708552500974E-006   7.1881669614801939E-006   9.7503729611142202E-006   1.2334833536546520E-005   1.4816786506643378E-005   1.7117761748882504E-005   1.9200236767452862E-005
   3.5577964903394962E-003   1.7724254923750762E-006   3.9259982358976769E-006   6.7793113236745264E-006   1.0131553939175959E-005   1.3742808230225625E-005   1.7385364501632792E-005   2.0883384368487769E-005   2.4126283248545830E-005   2.7061191808342850E-005
   3.8953921174427275E-003   2.4937932809469396E-006   5.5238289631245364E-006   9.5383321306081698E-006   1.4254728194655296E-005   1.9335435625480841E-005   2.4460073267784654E-005   2.9381261657656176E-005   3.3943441517476913E-005   3.8072257649855658E-005
   4.2650218442334201E-003   3.5019764350121755E-006   7.7569346997578903E-006   1.3394249683147653E-005   2.0017049804798921E-005   2.7151246512593482E-005   3.4346945117431697E-005   4.1256797520820908E-005   4.7662410680922956E-005   5.3459422811761051E-005
   4.6697253532797080E-003   4.9073252334299259E-006   1.0869718172176576E-005   1.8769025740003712E-005   2.8049012762505894E-005   3.8045287337722408E-005   4.8127427446715557E-005   5.7808763462620746E-005   6.6783354182495236E-005   7.4905047424996170E-005
   5.1128307594829414E-003   6.8606955497743042E-006   1.5196283266659303E-005   2.6239466476054169E-005   3.9212434651266249E-005   5.3186248990508952E-005   6.7279574881592502E-005   8.0812140911077672E-005   9.3356382513029991E-005   1.0470812287029035E-004
   5.5979819791232878E-003   9.5674378350498777E-006   2.1191407528408078E-005   3.6590671254406362E-005   5.4680274128834790E-005   7.4164644256577737E-005   9.3814783699867012E-005   1.1268223308826640E-004   1.3017100506614046E-004   1.4599662311367485E-004
   6.1291686959257363E-003   1.3305438574558088E-005   2.9470482806624735E-005   5.0884945824422027E-005   7.6039520600685819E-005   1.0313222329195025E-004   1.3045396948487581E-004   1.5668606995174533E-004   1.8100012624952693E-004   2.0300094109200494E-004
   6.7107591705751436E-003   1.8448277987135420E-005   4.0860776086309623E-005   7.0550228772396257E-005   1.0542318345628601E-004   1.4298076781096749E-004   1.8085344128989029E-004   2.1721337021156017E-004   2.5091269812775163E-004   2.8140418203657268E-004
   7.3475361634921530E-003   2.5494979542620600E-005   5.6467273066461851E-005   9.7493645625338547E-005   1.4567973465090533E-004   1.9757154010287116E-004   2.4989466591551817E-004   3.0012402720494828E-004   3.4667454230240431E-004   3.8879110982478407E-004
   8.0447362662841772E-003   3.5107274575118577E-005   7.7755142137393371E-005   1.3424368095019620E-004   2.0058516507327694E-004   2.7202230202980207E-004   3.4404656071922765E-004   4.1318236784520130E-004   4.7724904496949700E-004   5.3520873485361461E-004
   8.8080929653170624E-003   4.8153567164714321E-005   1.0664700614451598E-004   1.8411780026187052E-004   2.7509283983663264E-004   3.7304524926341423E-004   4.7179173512137029E-004   5.6656769070701917E-004   6.5438539951339129E-004   7.3382451263869126E-004
   9.6438837915444661E-003   6.5763069602216786E-005   1.4564270089011773E-004   2.5142872774158145E-004   3.7564076809561467E-004   5.0936227777173364E-004   6.4414984950914326E-004   7.7350063320460528E-004   8.9333977283741445E-004   1.0017327280124342E-003
   1.0558981944335792E-002   8.9385569635464719E-005   1.9795146584437135E-004   3.4171195848198055E-004   5.1049009705134314E-004   6.9216180154484141E-004   8.7525248474673296E-004   1.0509301817952443E-003   1.2136652035047001E-003   1.3608366187886712E-003
   1.1560912813835747E-002   1.2085494169037523E-004   2.6763239589513998E-004   4.6196724250592341E-004   6.9008377856086224E-004   9.3558178258075389E-004   1.1829496397704135E-003   1.4202568725536358E-003   1.6400413615890786E-003   1.8387732214597322E-003
   1.2657915866672035E-002   1.6245384344461497E-004   3.5973751664459842E-004   6.2090426689428112E-004   9.2741057501549598E-004   1.2571984062752341E-003   1.5894212006903673E-003   1.9080593866140411E-003   2.2031054294200112E-003   2.4698366072774111E-003
   1.3859012403933871E-002   2.1696264193929405E-004   4.8041999427817281E-004   8.2912785208949470E-004   1.2382775761352347E-003   1.6783886178862951E-003   2.1216259670815999E-003   2.5466225536330280E-003   2.9400497529977949E-003   3.2956356103969846E-003
   1.5174079748634946E-002   2.8768345502032562E-004   6.3698739570914979E-004   1.0992281682199597E-003   1.6414396554509211E-003   2.2244961796403762E-003   2.8114985045045284E-003   3.3741579591282248E-003   3.8948593780707285E-003   4.3653424658423113E-003
   1.6613932472747905E-002   3.7841901714072694E-004   8.3785520125903242E-004   1.4456990558064688E-003   2.1584712885289303E-003   2.9246458175979334E-003   3.6956967367476807E-003   4.4344795914769324E-003   5.1179139503443206E-003   5.7352221244646173E-003
   1.8190411331788243E-002   4.9338398037789531E-004   1.0923511491796425E-003   1.8845998861181787E-003   2.8132554140315792E-003   3.8110362677283662E-003   4.8146865497496402E-003   5.7758776371353935E-003   6.6646566858991592E-003   7.4671080506775516E-003
   1.9916480638308576E-002   6.3702800489084108E-004   1.4103248420498254E-003   2.4328833953053308E-003   3.6309755180033510E-003   4.9175600867148060E-003   6.2109728119389904E-003   7.4489628032284889E-003   8.5930682802237632E-003   9.6255309444067232E-003
   2.1806334875063296E-002   8.1377846474823200E-004   1.8015800234097170E-003   3.1074207902635383E-003   4.6366608875684605E-003   6.2778221213206902E-003   7.9265718350089286E-003   9.5035988241990617E-003   1.0960084530722039E-002   1.2273658290113601E-002
   2.3875515424585839E-002   1.0277549151835113E-003   2.2752449497435785E-003   3.9239242981361959E-003   5.8535879047996219E-003   7.9229734069698049E-003   1.0000259059869020E-002   1.1985570430825751E-002   1.3817710696626458E-002   1.5468893688482883E-002
   2.6141038375114913E-002   1.2825505313216346E-003   2.8392915273472083E-003   4.8961308287647281E-003   7.3020839231171374E-003   9.8801085975025928E-003   1.2465546838922216E-002   1.4934142177784805E-002   1.7210174819943001E-002   1.9259647641813617E-002
   2.8621534453892730E-002   1.5813637471020550E-003   3.5008300664363902E-003   6.0363267116660567E-003   9.0003459836628680E-003   1.2173415312900875E-002   1.5352164003842771E-002   1.8383840420391630E-002   2.1175971187384329E-002   2.3687599191249124E-002
   3.1337402238589059E-002   1.9278386308067121E-003   4.2679733549411515E-003   7.3585794664340820E-003   1.0969306806662714E-002   1.4830822783607946E-002   1.8694503211084731E-002   2.2374610529014884E-002   2.5759576897990195E-002   2.8800796906623218E-002
   3.4310975906798831E-002   2.3280555405592548E-003   5.1542479680267636E-003   8.8863596141957463E-003   1.3244045661116033E-002   1.7899510145803248E-002   2.2551252503044825E-002   2.6975372982559125E-002   3.1038598217488122E-002   3.4684004909232576E-002
   3.7566708903115982E-002   2.7925691163857473E-003   6.1831131371724943E-003   1.0660348177753987E-002   1.5885469744025146E-002   2.1461773398421535E-002   2.7025469553099282E-002   3.2308089080691368E-002   3.7151467006564007E-002   4.1489610787420660E-002
   4.1131375034185735E-002   3.3420550890588714E-003   7.4004723694107155E-003   1.2760023979129006E-002   1.9012512068421479E-002   2.5678573591416672E-002   3.2319454934622648E-002   3.8613342110300104E-002   4.4372759462490398E-002   4.9521571684845014E-002
   4.5034288645458394E-002   4.0185453053765635E-003   8.8995632434653148E-003   1.5346593301185643E-002   2.2866087075272528E-002   3.0875851653965929E-002   3.8843222463064209E-002   4.6379615536399438E-002   5.3261278788523811E-002   5.9400060681378736E-002
   4.9307545690287481E-002   4.8779301228917419E-003   1.0804399800584924E-002   1.8634539436728503E-002   2.7766820863414549E-002   3.7487515502543846E-002   4.7142684361145035E-002   5.6257217178076309E-002   6.4560611706567336E-002   7.1949723241619398E-002
   5.3986287673825017E-002   5.9809328305899644E-003   1.3249847871657163E-002   2.2857433122729601E-002   3.4064419218612148E-002   4.5987518807675244E-002   5.7814714777821505E-002   6.8957312578122487E-002   7.9083454530517891E-002   8.8070716492044190E-002
   5.9108990642279875E-002   7.3984005333990761E-003   1.6393409801575609E-002   2.8288439506779263E-002   4.2168582516766855E-002   5.6932174892974259E-002   7.1561128785667949E-002   8.5317173728242990E-002   9.7787236190196719E-002  0.10882353024603161     
   6.4717781594067936E-002   9.1260371044052449E-003   2.0226566970715121E-002   3.4915526566870143E-002   5.2066333229376260E-002   7.0310916688140351E-002   8.8376055253569188E-002  0.10533565008471592       0.12067346505580601       0.13420915656751037     
   7.0858784914888756E-002   1.1053565175677621E-002   2.4506589998302183E-002   4.2324248989316811E-002   6.3148379626588216E-002   8.5314193277233358E-002  0.10725843009350865       0.12783688948109381       0.14641086835508715       0.16275979448340022     
   7.7582501685667909E-002   1.2947698389180581E-002   2.8718895209346142E-002   4.9633128664407201E-002   7.4113618922300034E-002  0.10020631788627977       0.12605565581196934       0.15028981913413675       0.17213695561068157       0.19132875235318902     
   8.4944224982638025E-002   1.4616121874490063E-002   3.2440155317856295E-002   5.6119658824881825E-002   8.3900989056767059E-002  0.11358083274249292       0.14303692860967049       0.17067768237302974       0.19559370696553435       0.21745996653566713     
   9.3004494584813954E-002   1.6128713676525658E-002   3.5828450523077586E-002   6.2065865016597076E-002   9.2948610910960239E-002  0.12605606529217153       0.15901442111757025       0.19000987216239282       0.21798273154576361       0.24253644894244741     
  0.10182959482819059        1.8015075720205123E-002   4.0061779453256945E-002   6.9516546265352891E-002  0.10432522792521454       0.14180052431109277       0.17925113594463216       0.21457666702348485       0.24651865696666395       0.27458139628555128     
  0.11149209970080924        2.1101593533300378E-002   4.6979101333140705E-002   8.1664564694386613E-002  0.12282091344111452       0.16731325129794830       0.21193502864570257       0.25413477732491474       0.29235082587622263       0.32594310238596508     
  0.12207146966133181        2.5619074900785108E-002   5.7104375373392031E-002   9.9445458047977275E-002  0.14988079039262406       0.20460447405379678       0.25964574959331077       0.31179537122170309       0.35905948294094342       0.40060033480083690     
  0.13365470508911154        3.0256394540276118E-002   6.7547461757063568E-002  0.11791265395317398       0.17820315167644907       0.24391694481682114       0.31024533527718201       0.37323888056810406       0.43040889323744880       0.48068430985208210     
  0.14633706173946351        3.3172372648952453E-002   7.4243035077884323E-002  0.13009302434694184       0.19747122726104496       0.27143652236408372       0.34652487092250744       0.41815129740694668       0.48337238899204060       0.54087704988617158     
  0.16022283408774773        3.5452681619199816E-002   7.9619546503314181E-002  0.14023152592953303       0.21408811217217530       0.29587395094427571       0.37946474046461515       0.45961463291400356       0.53290240233985875       0.59775613311973419     
  0.17542621300415920        4.0609390952052953E-002   9.1511563956557795E-002  0.16195331760207182       0.24847806491434724       0.34484993300772138       0.44370740210854087       0.53872155805509059       0.62577003755902461       0.70295058855418924     
  0.19207222481239303        4.8065848910275918E-002  0.10869625848971635       0.19325969184554109       0.29779071389194056       0.41462598852873472       0.53465528217136304       0.65011816334269013       0.75601210637967076       0.85004111364843149     
  0.21029775945461360        5.2570903926409299E-002  0.11955157956501072       0.21413328003293658       0.33225860311998001       0.46517937066291848       0.60236604519400161       0.73489200269747212       0.85699737393500375       0.96597558326547339     
  0.23025269621793309        5.6658569519151325E-002  0.12977226547761078       0.23453572806758566       0.36685278761192730       0.51681557844243053       0.67246300767912659       0.82370567586834120       0.96396582386438334        1.0900164954581442     
  0.25210113627991265        6.5475507127598517E-002  0.15093666166356937       0.27471257874567157       0.43196775926974096       0.61070168419312088       0.79676017421788925       0.97830556544375491        1.1475089822094195        1.3003700465470742     
  0.27602275220902728        7.1803031555008903E-002  0.16703462907394800       0.30698838271033596       0.48639477388275748       0.69162358200013374       0.90678922833900677        1.1184350824050950        1.3173250859506334        1.4986812529575881     
  0.30221426551783803        7.8656718989608271E-002  0.18490685056202733       0.34338005750288886       0.54834121490247556       0.78465567141704462        1.0346715484447611        1.2829327035921416        1.5184823025689456        1.7345140351906503     
  0.33089106441964966        8.8222610496439008E-002  0.20959574208169532       0.39285407111270793       0.63162827576730940       0.90918996481129799        1.2055870078116437        1.5026393335987525        1.7863570730060081        2.0487384350427402     
  0.36228897509242902        9.5959613766798846E-002  0.23102134623984683       0.43804294618454026       0.71088479037405561        1.0320601349422731        1.3793703611938330        1.7308861854339121        2.0700474476026125        2.3862954025778742     
  0.39666620101612027       0.10657917466401384       0.25993971362580215       0.49807977155406802       0.81563774856624482        1.1943739586177782        1.6081678981304424        2.0312115389518848        2.4426448150500288        2.8290544641451549     
  0.43430544633167090       0.11663014422132785       0.28871325780698048       0.56013675233314753       0.92804646967062721        1.3727890506937923        1.8650934750155264        2.3733370601897135        2.8718790436592769        3.3437060085214796     
  0.47551624068340170       0.12823923902566955       0.32235478421430530       0.63376180391590087        1.0631145416547798        1.5902343066618703        2.1802036119574715        2.7949047511169387        3.4027176905750105        3.9820934992657686     
  0.52063748466325777       0.14090819286143472       0.36001603085475109       0.71850010631932359        1.2221737546740019        1.8496482814799555        2.5595129798520011        3.3056689727769291        4.0490957976132105        4.7625788479797837     
  0.57004023678963622       0.15446478379687023       0.40170880680643828       0.81569922498882708        1.4087937247951892        2.1581763466448352        3.0147320480674096        3.9225927537936203        4.8336416480967239        5.7136486409707858     
  0.62413076493974640       0.16938358721997318       0.44910315388738303       0.92954835586930473        1.6315621697462799        2.5301453196192814        3.5669710410514330        4.6741855817084108        5.7925479952646572        6.8792307092400664     
  0.68335388732923041       0.18569480567266733       0.50305899659447273        1.0633731472129275        1.8976535319229062        2.9784189699086601        4.2359667611425200        5.5878147585486690        6.9612495803358403        8.3030352695664451     
  0.74819663051388374       0.20360175267307851       0.56508667322457784        1.2216323763175101        2.2166995619117360        3.5195864301151865        5.0464771239962003        6.6971383570641851        8.3827200313997494        10.037560474217795     
  0.81919223449536838       0.22329039357988206       0.63668300361365138        1.4094262251329139        2.5997222630607308        4.1724603961253575        6.0262960336310227        8.0396356274798269        10.104558398855795        12.140800517657103     
  0.89692453786727211       0.24503584543803067       0.71996779581304160        1.6329934533849060        3.0598459727416563        4.9589088835813344        7.2070993468989819        9.6573909818292680        12.179672541164697        14.676818713935972     
  0.98203277906312625       0.26922217057014636       0.81741271783557301        1.8998707193048698        3.6124527311648142        5.9038691153412897        8.6242058627677896        11.596546594070288        14.665416296777645        17.714590430409725     
   1.0752168531898927       0.29636209466225860       0.93201062189493811        2.2189453464264455        4.2751167226502007        7.0349963497798731        10.315833578047423        13.906134244497803        17.622015718233222        21.326063414687891     
   1.1772430676769294       0.32696079836485953        1.0673338044217462        2.6005156195897969        5.0674833984788430        8.3821827268903846        12.322174935657330        16.636710717029292        21.110811398068403        25.584059614223733     
   1.2889504440725368       0.36176999902500345        1.2276151208859625        3.0563444310773096        6.0110744305827293        9.9769487412622802        14.684344141400306        19.838920788657990        25.192520746626826        30.560302332344129     
   1.4112576178114535       0.40160693117903701        1.4178567378160341        3.5997069474835404        7.1290333050153238        11.851770808254260        17.443338509275467        23.562223616565259        29.925850781402040        36.323987359680636     
   1.5451703926941469       0.44747695022172118        1.6439450320085585        4.2453900477039310        8.4457754433321224        14.039353687831362        20.639093539481504        27.853939383021100        35.366685836103379        42.941176539809824     
   1.6917900122028373       0.50057698677841911        1.9126431284338345        5.0094159043525170        9.9862463251515976        16.571521894509111        24.309297648557649        32.758271384880075        41.567477083721180        50.474597737865814     
   1.8523222156741213       0.56234519423160456        2.2316624929844937        5.9088668991927964        11.775401851113205        19.478597420965432        28.489051348962544        38.316532704676277        48.578124247953781        58.985140820511170     
   2.0280871538024625       0.63450079361629708        2.6096709719462305        6.9615804253613227        13.837615359671272        22.788902166435303        33.210905881046052        44.567944846869288        56.447492522763078        68.533950049769558     
   2.2205302450155360       0.71906687073312514        3.0562131608754579        8.1857053334296044        16.196041136410944        26.528421975227843        38.505246260080064        51.550798330919037        65.225115742926576        79.184426624555542     
   2.4312340619997870       0.81843469993836604        3.5816905085760848        9.5994222681039822        18.872394712342693        30.721184083993151        44.401541180671067        59.304345258965945        74.963277034027669        91.004214701454899     
   2.6619313461261318       0.93538546664305222        4.1971962654482162        11.220496182499637        21.886650678238166        35.389617393120574        50.929402305021398        67.870004410585594        85.717822708690321        104.06550201099196     
   2.9145192568009906        1.0731277550079252        4.9143639486193917        13.065968687482243        25.257073291084428        40.555335515027281        58.119794735843406        77.292158152706804        97.548187539812744        118.44452869735537     
   3.1910749729235515        1.2353132288951860        5.7451529966090540        15.151860444048186        29.000340578335379        46.239924371630430        66.005742734766841        87.617902798452860        110.51641346651564        134.22062050696891     
   3.4938727747491285        1.4260674404763509        6.7016869450287597        17.493072985253388        33.131986209399798        52.465907325003613        74.622674874232516        98.896326358623000        124.68641653773467        151.47637726880674     
   3.8254027466328799        1.6499750734421337        7.7960115106318586        20.103230553907256        37.666750199777027        59.257244633082074        84.007772035979144        111.17726809206687        140.12377194941070        170.29884163732319     
   4.1883912544574775        1.9120798425978878        9.0399428750354272        22.994727193901053        42.619190151836811        66.639700720596124        94.199120077052271        124.51107379285469        156.89712380409264        190.78162771496477     
   4.5858233661428098        2.2178517157535502        10.444896308038023        26.178761066186578        48.004207424881564        74.640584270805647        105.23475354713277        138.94938922534098        175.07988270073278        213.02569572591094     
   5.0209673996144657        2.5731147383217405        12.021681825017358        29.665324398960767        53.837387119511270        83.287846180130686        117.15222963202153        154.54655604838959        194.75065049092171        237.13758086107043     
   5.4974018001037450        2.9840227261614594        13.780478323947492        33.463506677317980        60.135548654947968        92.609414049474168        129.98981419854630        171.36111849086521        215.99230622703510        263.22591922466148     
   6.0190445678066622        3.4569750164481832        15.730704450529995        37.581644744356964        66.916724619667590        102.63243009980856        143.78784375694440        189.45520837172899        238.88853411671383        291.39524165801862     
   6.5901854779032725        3.9985475052261061        17.880960647069958        42.027629281879015        74.199898844495692        113.38345435288039        158.58973441338003        208.89236887415953        263.51885611306551        321.74133557935266     
   7.2155213579010242        4.6154023395187025        20.238940203760386        46.809198810620792        82.004291502802715        124.88946129270606        174.44138676230011        229.73359660189709        289.95498019744031        354.35628479138040     
   7.9001947124089602        5.3142185625685601        22.811404277203270        51.934354971195674        90.348626373788690        137.17927041439728        191.38924095118909        252.03324394301728        318.26581413507682        389.34088875512492     
   8.6498360129766851        6.1016272547737769        25.604176933926208        57.411767338613920        99.250695102505333        150.28421825954720        209.47709714199593        275.84043738827097        348.52781753162651        426.80416636185856     
   9.4706100007722398        6.9841220438973926        28.622096196403209        63.250972715662016        108.72751091251241        164.23728117857101        228.74295261078950        301.20846080135897        380.82370548050858        466.84643676382893     
   10.369266382873457        7.9679819039794690        31.869016471224938        69.462408476291429        118.79632568623458        179.07099496583996        249.22084269543015        328.19875886622424        415.22807109073869        509.55034212538891     
   11.353195339077612        9.0592881654023270        35.348051467178514        76.057476630139305        129.47631667804885        194.81500412751691        270.94929055975689        356.87077216413093        451.80164395439277        555.00312642498818     
   12.430488295695186        10.263712146259687        39.061332003199723        83.047486650310859        140.78845532850468        211.49330530403756        293.97296423245689        387.26958244862982        490.60896345439005        603.30351354007666     
   13.610004466105526        11.586629275462096        43.010541176020283        90.443633603134856        152.75566280788769        229.12869752535855        318.33443842325067        419.43822848306615        531.72527026173475        654.53381752326175     
   14.901443705277449        13.032927970355718        47.196809826889577        98.256129994076929        165.40031377293232        247.74913723951562        344.06438262224009        453.43252673940390        575.20991900527974        708.76956287954113     
   16.315426277379739        14.606985485549504        51.621044654649040        106.49456622299667        178.74184858746383        267.38758420276713        371.19180985041709        489.29916275643404        621.11698999996054        766.09531317890139     
   17.863580192457370        16.312711678228872        56.284449385574355        115.16920227564638        192.79592679464545        288.07219204143564        399.75865575672276        527.07436480196191        669.51182372937319        826.58409738066052     
   19.558636830395095        18.153418564180658        61.188671346147245        124.29174821782617        207.57706863264795        309.82095568229983        429.80083564767511        566.81346430224028        720.45187744171142        890.31919151320915     
   21.414535638539547        20.131825260193050        66.336127547128996        133.87563338951583        223.10379492401302        332.65661207421175        461.34039829832858        608.55405982718617        773.99375453068228        957.35859561848656     
   23.446538763970572        22.250094184633124        71.730206088906016        143.93541012294460        239.39851944321777        356.61224465451153        494.41142306086988        652.32863086654754        830.17732729063221        1027.7694932836971     
   25.671356563109935        24.509791391222723        77.375303316564427        154.48571601632190        256.48158441980257        381.70725367407255        529.05196126889416        698.18108901369305        889.06076559367943        1101.6322497273763     
   28.107285020807289        26.911684852815476        83.276779230427593        165.53847562537914        274.36465297766529        407.95162881717243        565.29527647563373        746.17030133442995        950.71723146681552        1179.0306220930936     
   30.774356208980628        29.455818148762315        89.441157841365765        177.10073428583851        293.05613720790819        435.37361013467205        603.15248984418349        796.32907622879009        1015.1986240428488        1260.0115088657042     
   33.694503022121602        32.141420373358507        95.874541491492920        189.17944665244065        312.57128292766333        464.00531744164226        642.63504501928355        848.65308519814130        1082.4944454210954        1344.5641314001884     
   36.891739544382439        34.967139556408291        102.58110046537324        201.79168838962727        332.93314701624610        493.86015060701322        683.80919058480038        903.17719445348359        1152.6459964762855        1432.8477476248900     
   40.392358531509046        37.931228794424740        109.56404596634404        214.95837702446767        354.16502046730290        524.92132810232999        726.72869713809064        960.04444932395188        1225.8626417147711        1525.0493992179734     
   44.225147631630513        41.031220889677265        116.82832073344309        228.68610006095349        376.27106640746445        557.22965088224851        771.32386164920308        1019.2429361199665        1302.0968025654004        1620.8821472158452     
   48.421626123015102        44.263798427056685        124.38208439307377        242.97021725024490        399.24364182409386        590.88521381756811        817.59967445679843        1080.5787569682659        1381.0820366378587        1720.4378088879994     
   53.016304115627769        47.625666934277291        132.23527977379584        257.82561959379353        423.13460534912025        625.86166945201478        865.81452875953801        1144.3912910249624        1463.3741929359271        1824.4474088853140     
   58.046966348054411        51.113699350735203        140.39642272378768        273.28241012068003        447.97725502526799        662.02549466483799        915.92323881028278        1210.9068541679792        1549.1091531428581        1932.2146652965250     
   63.554982913623071        54.723739428125022        148.87483578346055        289.33042746539439        473.69039068261281        699.57624147877300        967.55248625248612        1279.5080277421632        1637.4232632313710        2043.4716034259088     
   69.585649471004459        58.451731919816339        157.68133445370714        305.94688179174466        500.28880883487096        738.65298602650580        1021.2068195161489        1350.4701210899141        1729.1419630057835        2160.0448723902769     
   76.188559737046049        62.293746460797358        166.81361383277289        323.19708660721955        527.96944627866651        778.89863117853042        1077.0726781988683        1424.6928639505156        1824.9695785633205        2280.2805445187846     
   83.418013325063441        66.246402432996049        176.26977732815962        341.11135793559646        556.62631874202430        820.43358343852219        1134.3512515417237        1500.8332176703098        1922.8660226797797        2403.7370436198898     
   91.333462282486295        70.308323534731784        186.08105067319843        359.57286450831594        586.01686410749562        863.82366570045895        1193.5954017959225        1579.2450923824404        2024.4800484116686        2533.5077293102704     
   100.00000000000004        74.478160789046640        196.24515623701714        378.65506542003254        616.60926734563668        908.36291695210309        1255.6331701232168        1661.6959706534167        2131.0082627390339        2666.5246672185176     
