   1.0000000000000002E-003   1.6931883060549907E-008   3.6193724321275637E-008   6.0102332607515950E-008   8.6594393370089630E-008   1.1395729382720525E-007   1.4095940226771224E-007   1.6681797281003797E-007   1.9109894535567559E-007   2.1361093262646076E-007
   1.0948889651276870E-003   2.4015462884128347E-008   5.1335629996382314E-008   8.5246540946971381E-008   1.2282165743715451E-007   1.6163187398721160E-007   1.9993029957348606E-007   2.3660673103548337E-007   2.7104552863592270E-007   3.0297524924430701E-007
   1.1987818459583783E-003   3.4042790830816940E-008   7.2770100747330011E-008   1.2083997097697215E-007   1.7410389313943668E-007   2.2911850875973103E-007   2.8340754212682862E-007   3.3539725776675985E-007   3.8421498564791377E-007   4.2947596646630057E-007
   1.3125330147352270E-003   4.8235115319494576E-008   1.0310767231623137E-007   1.7121756816174455E-007   2.4668673919337495E-007   3.2463628141599893E-007   4.0155757893397909E-007   4.7522084205561002E-007   5.4438962461911108E-007   6.0851879854245671E-007
   1.4370779141993756E-003   6.8320749814925101E-008   1.4604277364617007E-007   2.4251412855359142E-007   3.4940896753027451E-007   4.5981672376400791E-007   5.6876777491988874E-007   6.7310387536774130E-007   7.7107377250138290E-007   8.6190540229107362E-007
   1.5734407502856105E-003   9.6747517924193819E-008   2.0680784032552814E-007   3.4341836117368757E-007   4.9478887737136487E-007   6.5113343364704079E-007   8.0541469309673951E-007   9.5316042474783273E-007   1.0918908265053168E-006   1.2205126999002455E-006
   1.7227429147699432E-003   1.3696387932895628E-007   2.9277423250877631E-007   4.8617071077646383E-007   7.0046186204224454E-007   9.2179378531955558E-007   1.1402039038052433E-006   1.3493611107179651E-006   1.5457549759424397E-006   1.7278380540562447E-006
   1.8862122071335180E-003   1.9383515122854337E-007   4.1434191904450789E-007   6.8804066385344216E-007   9.9130874891244921E-007   1.3045396083330892E-006   1.6136340403689094E-006   1.9096323544920950E-006   2.1875668069500437E-006   2.4452477115626737E-006
   2.0651929314796274E-003   2.7421472865451196E-007   5.8616046278365544E-007   9.7335414651960068E-007   1.4023766041789659E-006   1.8454906041658096E-006   2.2827504973404186E-006   2.7014816523417361E-006   3.0946568401838404E-006   3.4591788691523196E-006
   2.2611569515367451E-003   3.8773956064317784E-007   8.2882933255944949E-007   1.3763167800967567E-006   1.9829460287885485E-006   2.6094962995990852E-006   3.2277648224094357E-006   3.8198304671884808E-006   4.3757576525011324E-006   4.8911678223391048E-006
   2.4757157946593421E-003   5.4791824364084997E-007   1.1712236404217187E-006   1.9448755333679870E-006   2.8020942779021131E-006   3.6874560967114863E-006   4.5611080588860130E-006   5.3977270159731395E-006   6.1832744721299657E-006   6.9115645304216351E-006
   2.7106339043648361E-003   7.7365501336667979E-007   1.6537515287517325E-006   2.7461271619039731E-006   3.9564864893243109E-006   5.2065708296774563E-006   6.4401093954210345E-006   7.6213484801139216E-006   8.7304685257115455E-006   9.7587376153016683E-006
   2.9678431503900389E-003   1.0913526339094924E-006   2.3328487921082571E-006   3.8737806852865430E-006   5.5811255380753376E-006   7.3444867372471924E-006   9.0844881709297085E-006   1.0750698006086696E-005   1.2315162385753086E-005   1.3765567915159538E-005
   3.2494587155918438E-003   1.5377723009323830E-006   3.2870913280113025E-006   5.4583055853839128E-006   7.8639701085803006E-006   1.0348528136809068E-005   1.2800138084467489E-005   1.5147745616052530E-005   1.7351969927870629E-005   1.9395467971158911E-005
   3.5577964903394962E-003   2.1639294178451835E-006   4.6255212575060805E-006   7.6807546299945732E-006   1.1065844910608562E-005   1.4561891473888507E-005   1.8011518539670279E-005   2.1314750948122861E-005   2.4416185523189860E-005   2.7291429462674417E-005
   3.8953921174427275E-003   3.0404232831288854E-006   6.4990371490901302E-006   1.0791672647321529E-005   1.5547675018130891E-005   2.0459472840389325E-005   2.5305955949355694E-005   2.9946673795464787E-005   3.4303804000321099E-005   3.8343093810882506E-005
   4.2650218442334201E-003   4.2645867403150450E-006   9.1156729015657296E-006   1.5136459070249969E-005   2.1807012765549265E-005   2.8695916254359140E-005   3.5493051493252595E-005   4.2001450943825832E-005   4.8111995135173335E-005   5.3776674171228278E-005
   4.6697253532797080E-003   5.9702579027379514E-006   1.2761478765649906E-005   2.1190027257323235E-005   3.0527949558716217E-005   4.0171263009310381E-005   4.9685844145829249E-005   5.8796000627170724E-005   6.7349030487013923E-005   7.5277778579680780E-005
   5.1128307594829414E-003   8.3397009953203820E-006   1.7825991908267880E-005   2.9599075764142565E-005   4.2641979761320001E-005   5.6110993176470776E-005   6.9399750757167511E-005   8.2123236458983280E-005   9.4068246811024737E-005   1.0514106923012498E-004
   5.5979819791232878E-003   1.1621823686774081E-005   2.4841158756082250E-005   4.1246681275112643E-005   5.9420999444352986E-005   7.8188321030010603E-005   9.6703729052858596E-005   1.1443083564919605E-004   1.3107269991298351E-004   1.4649888548011383E-004
   6.1291686959257363E-003   1.6153002371558498E-005   3.4525820688206276E-005   5.7326106100454336E-005   8.2583543121473772E-005   1.0866385951111464E-004   1.3439286180802064E-004   1.5902528627930018E-004   1.8214870000806774E-004   2.0358207106283997E-004
   6.7107591705751436E-003   2.2385551020198934E-005   4.7846520015596700E-005   7.9441668087760041E-005   1.1443994979387958E-004   1.5057643145477547E-004   1.8622410501330629E-004   2.2035057070670262E-004   2.5238472344612508E-004   2.8207610790696144E-004
   7.3475361634921530E-003   3.0923595744440496E-005   6.6094107682365907E-005   1.0973579128035516E-004   1.5807515561552243E-004   2.0798326976574137E-004   2.5721297324351496E-004   3.0433879100600687E-004   3.4857255194016687E-004   3.8956897240748485E-004
   8.0447362662841772E-003   4.2567606233842742E-005   9.0978811911566240E-005   1.5104662249244667E-004   2.1757538328853244E-004   2.8625779394537987E-004   3.5400121281152052E-004   4.1884454502856338E-004   4.7970407564307163E-004   5.3610564009875031E-004
   8.8080929653170624E-003   5.8369015440779328E-005   1.2474680523073684E-004   2.0710121345100476E-004   2.9830586307493412E-004   3.9245426170238706E-004   4.8530685660433853E-004   5.7417641707504564E-004   6.5757894238362017E-004   7.3486608012868248E-004
   9.6438837915444661E-003   7.9694014820967709E-005   1.7031628845960822E-004   2.8274091890680679E-004   4.0723466884745341E-004   5.3573270709205475E-004   6.6244837113910052E-004   7.8371561924983548E-004   8.9751147757628747E-004   1.0029536369568408E-003
   1.0558981944335792E-002   1.0829590175364318E-004   2.3143171820620906E-004   3.8417665213051150E-004   5.5329915440678157E-004   7.2783938984319850E-004   8.9993681447837629E-004   1.0646143968374142E-003   1.2191282161876933E-003   1.3622839230138968E-003
   1.1560912813835747E-002   1.4639370538213192E-004   3.1283126607803066E-004   5.1926574717323440E-004   7.4780296604255812E-004   9.8362676140436602E-004   1.2161160264957760E-003   1.4385503477409123E-003   1.6472285153307825E-003   1.8405432403873277E-003
   1.2657915866672035E-002   1.9674674320113795E-004   4.2040533693451972E-004   6.9777351859643354E-004   1.0047903326810851E-003   1.3215426679517594E-003   1.6337637724300304E-003   1.9324334579963092E-003   2.2125898920594715E-003   2.4720841081092041E-003
   1.3859012403933871E-002   2.6271591129624583E-004   5.6132643801320189E-004   9.3158672488539063E-004   1.3413503149615467E-003   1.7640264621588758E-003   2.1805767084610238E-003   2.5789745656365336E-003   2.9526135315289526E-003   3.2986410676111339E-003
   1.5174079748634946E-002   3.4829082357453551E-004   7.4410574632175223E-004   1.2348048175761198E-003   1.7777443293349967E-003   2.3376718239193550E-003   2.8893660364344245E-003   3.4169107278907412E-003   3.9115761038601288E-003   4.3696058336497312E-003
   1.6613932472747905E-002   4.5806384268693513E-004   9.7853591428331225E-004   1.6236419910211706E-003   2.3372608316407891E-003   3.0730304089176953E-003   3.7978089383579605E-003   4.4907051205069406E-003   5.1402800423732027E-003   5.7416305983418476E-003
   1.8190411331788243E-002   5.9712048933847634E-004   1.2754551039002701E-003   2.1160326146210853E-003   3.0456433329852850E-003   4.0038552378433012E-003   4.9475087567346053E-003   5.8494310873604891E-003   6.6947717844790438E-003   7.4771923051649815E-003
   1.9916480638308576E-002   7.7082304042777508E-004   1.6462831160138506E-003   2.7308594542229969E-003   3.9299772935907041E-003   5.1656355110304957E-003   6.3821832971905097E-003   7.5446297991882370E-003   8.6338902429433043E-003   9.6418557219847285E-003
   2.1806334875063296E-002   9.8450185493437355E-004   2.1023613591335949E-003   3.4868588413686564E-003   5.0171162502895116E-003   6.5935317272729343E-003   8.1451196929848164E-003   9.6273095457188769E-003   1.1015842413392868E-002   1.2300459923446451E-002
   2.3875515424585839E-002   1.2431042342248529E-003   2.6542039881929111E-003   4.4013828006757771E-003   6.3319092828056220E-003   8.3200596126437026E-003   1.0276331090921544E-002   1.2144606302932860E-002   1.3894406086800254E-002   1.5512903522897565E-002
   2.6141038375114913E-002   1.5509253017233554E-003   3.3109271090530409E-003   5.4894628649862038E-003   7.8958727795458254E-003   1.0373371671245983E-002   1.2810468040004713E-002   1.5137354628018551E-002   1.7316193494332176E-002   1.9331134225417854E-002
   2.8621534453892730E-002   1.9118004617889491E-003   4.0806670413494877E-003   6.7645214116789434E-003   9.7282438964583461E-003   1.2778683399855847E-002   1.5778631755865150E-002   1.8642289311998586E-002   2.1323233242975817E-002   2.3802096662973227E-002
   3.1337402238589059E-002   2.3300472808336788E-003   4.9726015174942437E-003   8.2417469808841112E-003   1.1850875485581924E-002   1.5564758778915095E-002   1.9216449700586599E-002   2.2701662415008105E-002   2.5964051047466612E-002   2.8980183983342466E-002
   3.4310975906798831E-002   2.8129682247890310E-003   6.0023031015416827E-003   9.9469951855244831E-003   1.4301080452123359E-002   1.8780841735024836E-002   2.3185053991575954E-002   2.7388109785872920E-002   3.1322198024255676E-002   3.4959170295467967E-002
   3.7566708903115982E-002   3.3732687870375163E-003   7.1969114729281318E-003   1.1925389780672689E-002   1.7144046785983757E-002   2.2513027234092351E-002   2.7791373059780029E-002   3.2828712674247598E-002   3.7543865684918958E-002   4.1903131473567050E-002
   4.1131375034185735E-002   4.0357792009647750E-003   8.6094830237541733E-003   1.4265124510355892E-002   2.0507098228352862E-002   2.6929311884997822E-002   3.3243819295818711E-002   3.9270863179772318E-002   4.4913300710459257E-002   5.0130706942009190E-002
   4.5034288645458394E-002   4.8511878753134327E-003   1.0348282818279366E-002   1.7145999687211151E-002   2.4649483079284457E-002   3.2371264134263479E-002   3.9965488388779349E-002   4.7216024469932880E-002   5.4005822037605740E-002   6.0285927574895745E-002
   4.9307545690287481E-002   5.8868832551724178E-003   1.2557277499206152E-002   2.0807187269502671E-002   2.9916188962813395E-002   3.9293594286383154E-002   4.8519828506596648E-002   5.7332225367775706E-002   6.5588059390151804E-002   7.3227183790748857E-002
   5.3986287673825017E-002   7.2159679154785985E-003   1.5392792223472153E-002   2.5508758323534813E-002   3.6682964027310583E-002   4.8192394629275194E-002   5.9522568093086994E-002   7.0350578984672271E-002   8.0500175654139070E-002   8.9896329473758599E-002
   5.9108990642279875E-002   8.9236885907045399E-003   1.9037340215205208E-002   3.1554837961402259E-002   4.5389980739130434E-002   5.9649833338840601E-002   7.3697443996139561E-002   8.7131690895872804E-002   9.9732379897667131E-002  0.11140460969767055     
   6.4717781594067936E-002   1.1004851030250788E-002   2.3481207876393174E-002   3.8932527497375566E-002   5.6023993709458743E-002   7.3655738541527488E-002   9.1040575243807043E-002  0.10768056465516353       0.12330038946947865       0.13777957779601724     
   7.0858784914888756E-002   1.3326721947209297E-002   2.8443658763330413E-002   4.7181993958109819E-002   6.7932575543267440E-002   8.9364953050070500E-002  0.11052242594034406       0.13079614140696966       0.14984624292849494       0.16752111881474518     
   7.7582501685667909E-002   1.5608249650502492E-002   3.3328806912099516E-002   5.5323815289269641E-002   7.9720482489882810E-002  0.10496239380498242       0.12992261267930788       0.15387766824906193       0.17641837731212212       0.19735746032376786     
   8.4944224982638025E-002   1.7618288481931348E-002   3.7647987954174802E-002   6.2558188122663547E-002   9.0254142719838920E-002  0.11898135604998590       0.14745638585827348       0.17484484910797085       0.20066617097022865       0.22469289020947950     
   9.3004494584813954E-002   1.9442045051126143E-002   4.1587744029953487E-002   6.9205665789816420E-002  0.10001358788151980       0.13207796732578866       0.16396357241792622       0.19472116718825055       0.22379111443859684       0.25089772246989600     
  0.10182959482819059        2.1717827766332819E-002   4.6515660566842962E-002   7.7546945667365169E-002  0.11230144718132108       0.14861950087937817       0.18486813770238136       0.21994535796301889       0.25318503744111609       0.28424605052482560     
  0.11149209970080924        2.5442165190766780E-002   5.4567635639038277E-002   9.1144254163281785E-002  0.13227345823765191       0.17541631561856458       0.21861557426675440       0.26052575785238419       0.30031737156538607       0.33755416561408969     
  0.12207146966133181        3.0893821334142566E-002   6.6355445040728447E-002  0.11104795754643360       0.16149213629828060       0.21457853535771393       0.26786501483362829       0.31964814436200523       0.36886491773758173       0.41494904928996107     
  0.13365470508911154        3.6495720985815598E-002   7.8537208962314309E-002  0.13176851708785153       0.19213547828625477       0.25591507164237282       0.32011688817568351       0.38262319568752040       0.44209825621436116       0.49782345270559875     
  0.14633706173946351        4.0030535377098213E-002   8.6405139953949370E-002  0.14555555638729423       0.21313711823506093       0.28498373329587878       0.35763773660040754       0.42859938965737138       0.49626885326960696       0.55977209584216625     
  0.16022283408774773        4.2809600983888224E-002   9.2787037638885406E-002  0.15715750956054300       0.23140277372700380       0.31092650543284894       0.39177026381571828       0.47101872324461891       0.54678634450617725       0.61803128290787190     
  0.17542621300415920        4.9067357872662878E-002  0.10678275801602265       0.18176785312408816       0.26888831784797340       0.36264211857741341       0.45819889912910577       0.55200267318531726       0.64177058796730069       0.72625153881928617     
  0.19207222481239303        5.8116207613597370E-002  0.12699923238711405       0.21719876037863822       0.32256568922575535       0.43624264147420894       0.55219914952080373       0.66605893152855611       0.77505790096832461       0.87770121742713236     
  0.21029775945461360        6.3631475091826956E-002  0.13996842895198944       0.24117930976641638       0.36048613313993189       0.48990136809804419       0.62237160469036257       0.75282840874477441       0.87808238320857801       0.99638802745697741     
  0.23025269621793309        6.8674030552811030E-002  0.15232046770071306       0.26483461020993276       0.39876336319538774       0.54489998081459179       0.69515963823379368       0.84378392617056619       0.98711824358461064        1.1230955861183889     
  0.25210113627991265        7.9463499298488199E-002  0.17753829987950256       0.31076786519004240       0.47008780524519767       0.64432927219602210       0.82393947693963254        1.0021754894684718        1.1746846169422678        1.3389112258192948     
  0.27602275220902728        8.7303574975118717E-002  0.19705227429474795       0.34816912332210659       0.53026802715959620       0.73059280217776901       0.93838284112094117        1.1459161915210212        1.3479940854178294        1.5416433728581724     
  0.30221426551783803        9.5846524090771226E-002  0.21884151599151971       0.39048235441655677       0.59897011968188663       0.83005680110914959        1.0716881947574639        1.3151960304136918        1.5533629537314013        1.7826627258012091     
  0.33089106441964966       0.10775141433565928       0.24880945554714584       0.44778260813506066       0.69119892714090836       0.96317946458598636        1.2501984080569593        1.5406440925041116        1.8271046329350336        2.1041554896695125     
  0.36228897509242902       0.11754793009422577       0.27525793805565013       0.50081206522236710       0.77994353508906611        1.0955964648703316        1.4320131396174207        1.7757827493514853        2.1170903165622450        2.4490308038876241     
  0.39666620101612027       0.13095568025972706       0.31076603781249157       0.57110044866717247       0.89721327830633124        1.2705181185443395        1.6719279263554632        2.0854215555248929        2.4983563627338019        2.9019239922982645     
  0.43430544633167090       0.14381792556443770       0.34650283829558770       0.64457869268747936        1.0241095332664043        1.4640923249582236        1.9424300272185826        2.4390189194050236        2.9380730989829735        3.4283673643780204     
  0.47551624068340170       0.15873168908114577       0.38842445445190649       0.73221931516090211        1.1774240410357075        1.7006753275023927        2.2749352714486890        2.8754941242779695        3.4825921003827038        4.0819419404796662     
  0.52063748466325777       0.17511939033529911       0.43571326268885496       0.83401985114096611        1.3589201964839346        1.9840316614383913        2.6763884397108648        3.4055250523773100        4.1466978092315081        4.8817695444160849     
  0.57004023678963622       0.19279696697021481       0.48860142695912956       0.95149259398701846        1.5730826432107534        2.3224715867250185        3.1597717235505072        4.0473486847751454        4.9542457207429207        5.8575248446470205     
  0.62413076493974640       0.21238111416651498       0.54932057676645707        1.0903204179453994        1.8299656610848687        2.7320445388480277        3.7480125493629570        4.8313060527219545        5.9432671437926965        7.0550316265883630     
  0.68335388732923041       0.23397118347155341       0.61926843021071687        1.2546286827916528        2.1383188119426149        3.2275758378333714        4.4630171103345164        5.7870163261482395        7.1514554498170186        8.5202406673762834     
  0.74819663051388374       0.25790216678462435       0.70035441584381009        1.4501865334730377        2.5097449960684544        3.8280870324174026        5.3322479121938597        6.9509836738932833        8.6246773931782759        10.308535778040183     
  0.81919223449536838       0.28452027322857226       0.79504303730817816        1.6836465611415696        2.9576072837957614        4.5553118241426134        6.3868081289209568        8.3642374130844814        10.414180998440036        12.481539592060169     
  0.89692453786727211       0.31431379437193085       0.90619733422967386        1.9631346484054779        3.4978435294380570        5.4346416956860333        7.6624239302742234        10.073283448399192        12.577476905023659        15.107909403438708     
  0.98203277906312625       0.34796267537038117        1.0373616741854743        2.2984341743215633        4.1491422272577747        6.4951681151295118        9.1992563803817191        12.129636313974737        15.177578153207891        18.262297615221520     
   1.0752168531898927       0.38616390214106827        1.1928170891034184        2.7010617611420886        4.9328970508803396        7.7693675354362366        11.041226262116915        14.588757474111166        18.281566726588167        22.023583614960899     
   1.1772430676769294       0.42993640103099012        1.3776679486513776        3.1843498108101111        5.8731008215526108        9.2926508880252747        13.235152491447176        17.508793764650314        21.958981678585868        26.472974209497757     
   1.2889504440725368       0.48038460553683726        1.5979401274885761        3.7634911964085158        6.9961188952408904        11.102728403387458        15.829694336927538        20.949167277028106        26.280153278735646        31.692173503354400     
   1.4112576178114535       0.53885040531171524        1.8607219250922726        4.4555921345642426        8.3304247957244950        13.238941830085789        18.874345402439342        24.969373821080286        31.314949675003337        37.762188707336591     
   1.5451703926941469       0.60697485253200534        2.1742958473327492        5.2796440024197278        9.9062019410866125        15.741499782862101        22.418473564081342        29.628049431758686        37.132051600646470        44.762925110838168     
   1.6917900122028373       0.68670454299869277        2.5481024654957616        6.2561538635875147        11.754490922661629        18.650277533649341        26.510070410956306        34.981963399453605        43.798383905620014        52.773139680134896     
   1.8523222156741213       0.78037358622809860        2.9928331676281954        7.4069617937918526        13.906690098731005        22.004271738936620        31.195542807485978        41.086437339764657        51.380285820265591        61.872345132672642     
   2.0280871538024625       0.89075045309401113        3.5203884674097270        8.7548308362409646        16.393873615232135        25.841057106141776        36.519744671286269        47.996175107323062        59.945131085195527        72.143072526947435     
   2.2205302450155360        1.0210726294409229        4.1437537626981156        10.322941868131299        19.246156821574463        30.196534085766693        42.526509343312597        55.766622627635307        69.563301125953998        83.673173275121556     
   2.4312340619997870        1.1751275867740418        4.8769393237113139        12.134582604848356        22.492524584208272        35.105435697998956        49.260081759845107        64.456073109512602        80.310521726453899        96.558048404801951     
   2.6619313461261318        1.3572786946632631        5.7347588371517695        14.212683661934602        26.160617297225194        40.601865660806297        56.766398737444142        74.127111394868479        92.268929806561033        110.90116982897246     
   2.9145192568009906        1.5724960571424453        6.7326109257635647        16.579494889696132        30.276841715767198        46.720214105861821        65.094423491430689        84.847528172696016        105.52718970831218        126.81366386026305     
   3.1910749729235515        1.8263647014953257        7.8862249461525531        19.256330326382805        34.866650979151856        53.496125891243572        74.296989457834670        96.690219310357179        120.17962347324048        144.41349680312274     
   3.4938727747491285        2.1251001843894048        9.2114684021086113        22.263515758873478        39.955124389084169        60.967544325468907        84.431130244066395        109.73248454240984        136.32546059429492        163.82572499891353     
   3.8254027466328799        2.4755186497977961        10.724110318893436        25.620330109468028        45.567517122149006        69.175283109430680        95.557431074772509        124.05489131401366        154.06874010560188        185.18385101216850     
   4.1883912544574775        2.8849910531786342        12.439622329731796        29.345045800106906        51.729879689187825        78.163143810618720        107.73890760419297        139.74084251744341        173.51958718968604        208.63179728172690     
   4.5858233661428098        3.3613919102727952        14.373040608171465        33.455087622113062        58.469703397539185        87.977531922396096        121.04009996554045        156.87746856450855        194.79613990049759        234.32483042207448     
   5.0209673996144657        3.9130154858489972        16.538814908015276        37.967192680559023        65.816325122515082        98.666494945890932        135.52692713166331        175.55722495571254        218.02527951112475        262.42794125083560     
   5.4974018001037450        4.5484724049428378        18.950660513724923        42.897611975943086        73.801006123218940        110.27864992395601        151.26769955283726        195.87899006081395        243.34116449199956        293.11143751489965     
   6.0190445678066622        5.2766446528482094        21.621572091535956        48.262612118940595        82.456904984034665        122.86302248280616        168.33511613813306        217.94794239778656        270.88184617794417        326.54452787911799     
   6.5901854779032725        6.1065588317280772        24.563667156314416        54.078748184222164        91.818253226221557        136.46943825115520        186.80695367781942        241.87273939684033        300.78309632933491        362.89037534119251     
   7.2155213579010242        7.0472934858702247        27.788119805715866        60.363276188220489        101.91948737031764        151.14994537983637        206.76524069385235        267.76095119265915        333.17451143005854        402.31325552073889     
   7.9001947124089602        8.1079148296858943        31.305170092205927        67.134587175945768        112.79473509745276        166.96023776850549        228.29370186930248        295.71483433026327        368.18614560472338        444.99234150196554     
   8.6498360129766851        9.2973673430729988        35.124058241594085        74.412301530574609        124.47784666572402        183.95961036344636        251.47323107259541        325.83339806474589        405.96029327738830        491.11797820904718     
   9.4706100007722398        10.624424623284638        39.253129475702281        82.217261785986764        137.00359495619401        202.20956902477894        276.37867792772352        358.22274839443372        446.64863027743576        540.87098592522614     
   10.369266382873457        12.097544339135672        43.699792195269829        90.570874543076343        150.40885085387757        221.77037958879291        303.08287566567390        392.99907711568522        490.39347012692383        594.41501403596828     
   11.353195339077612        13.724915345467938        48.470955681026169        99.494834285393708        164.73388981578685        242.69806641722388        331.66779842795938        430.27665821830186        537.32233565177546        651.92723832537490     
   12.430488295695186        15.514191410318038        53.572897090072665        109.00998173512355        180.02103973796636        265.04394523109403        362.22305251313549        470.15490013626834        587.57281270784983        713.59897778523691     
   13.610004466105526        17.472615806479826        59.012021856455846        119.13694078799526        196.31339579189898        288.86313048422022        394.83244998688252        512.73329158557090        641.29599605713031        779.59786721423347     
   14.901443705277449        19.606771936385439        64.794901624261797        129.89644154650577        213.65105235263971        314.21878090808275        429.56558799793754        558.12677461420162        698.62182813279344        850.09398905987905     
   16.315426277379739        21.922530259422913        70.928703854565612        141.31077016808186        232.06930090990156        341.17423084877942        466.49700440670227        606.44098232313024        759.68112408092145        925.26888093204911     
   17.863580192457370        24.425088177708961        77.421680933798328        153.40504900803455        251.60235859928332        369.78280703691547        505.71391518908263        657.76756735986112        824.61447936135653        1005.2832867811145     
   19.558636830395095        27.118809091214036        84.283036728109337        166.20658109969048        272.28994894783733        400.09430220254796        547.28894650209975        712.21502343821544        893.54708757643004        1090.3231310160297     
   21.414535638539547        30.007161703588107        91.522689789215605        179.74324321517963        294.17781473584182        432.16847059121608        591.29495178700097        769.88716567286235        966.62454415477464        1180.5380945508828     
   23.446538763970572        33.092739387022483        99.150851189791908        194.04151851580184        317.30848457231946        466.06000982006242        637.81515220760571        830.88231446546126        1043.9594376114783        1276.0910455003570     
   25.671356563109935        36.377268492795132        107.17749913787372        209.12407079229939        341.71308989544281        501.81495018105676        686.90248386048211        895.28461121743214        1125.6718516951223        1377.1492252702624     
   28.107285020807289        39.861521867442647        115.61216523690638        225.00943826757424        367.42157360775616        539.49819779126244        738.63813161175801        963.18661789919906        1211.8979461572212        1483.9035705768083     
   30.774356208980628        43.545528806516145        124.46474291011904        241.71944184868278        394.47675142908957        579.16153463293904        793.11122312073553        1034.7179532978616        1302.8013484596052        1596.5045481326185     
   33.694503022121602        47.428560350149141        133.74570209193567        259.28557197858771        422.92179343310363        620.83138982454670        850.39372715504862        1109.9831185890550        1398.4729786648500        1715.0040088088615     
   36.891739544382439        51.509319107212043        143.46729882041518        277.73956700018056        452.78815143989647        664.55716720570592        910.49236310301615        1188.9846453843295        1498.9225629033303        1839.6512373373494     
   40.392358531509046        55.785913425534858        153.64563555708622        297.09597232684729        484.09293558178990        710.43573847826553        973.49089067946852        1271.8146984609159        1604.4253747403911        1970.8008836279880     
   44.225147631630513        60.255722300792058        164.29989681472691        317.36395515623468        516.86046309514211        758.51478080517859        1039.5860693452221        1358.7752742879813        1715.2519260583103        2108.2279625625019     
   48.421626123015102        64.915451167963653        175.44707940238763        338.58142438927428        551.17499293564890        808.73072036722215        1108.7665985609362        1449.8362831815709        1831.0761215942757        2252.0003053116052     
   53.016304115627769        69.761581125572235        187.09906141771154        360.79260437848194        587.06986218978932        861.17655704927256        1180.8575249903108        1544.7262927995146        1952.0993224419719        2403.1263230974710     
   58.046966348054411        74.791576105070433        199.26732211885846        383.99450126428570        624.47329214396450        916.09721980664074        1256.2645319621129        1644.1020191646539        2079.2063413138426        2560.9935439332385     
   63.554982913623071        80.004757153768153        211.96605902658314        408.17600871215666        663.47051473449824        973.35921814322023        1335.2118267248040        1748.1456946096737        2211.5990974392325        2725.0803668996900     
   69.585649471004459        85.401608706169938        225.20400202652655        433.41071598492806        704.26742946417471        1032.7534274821633        1417.0994491237100        1855.9660573305325        2349.0377280260668        2897.6438796679386     
   76.188559737046049        90.982012459997748        238.98651555846146        459.75538588201869        746.71090480811517        1094.9068577711512        1502.3051901859644        1968.4331007585370        2493.6434567774081        3077.3380517294386     
   83.418013325063441        96.746130040848314        253.35209431975713        487.08738993743151        790.61110684607195        1159.7391469146482        1591.7470249024543        2086.5000775274762        2643.6610395638822        3263.0797147600547     
   91.333462282486295        102.69717642663281        268.32991063953853        515.44345869771928        836.51509606262380        1226.5495360662801        1684.0932151871223        2208.0264120417055        2798.6674547236817        3458.7164491437402     
   100.00000000000004        108.84315313906683        283.86784345338884        545.09103776374661        884.28831669528756        1296.2164318498953        1779.6128429705468        2334.4641784194109        2962.0129408932808        3661.4568807902833     
