   1.0000000000000002E-003   2.1953958463335253E-008   4.5528217394951732E-008   7.4714740682111994E-008   1.0764983973871477E-007   1.4256085446181700E-007   1.7782710207620866E-007   2.1207113207190401E-007   2.4423111415228882E-007   2.7359161060625607E-007
   1.0948889651276870E-003   3.0873272130395615E-008   6.4025131553158325E-008   1.0507700603432359E-007   1.5140488451639549E-007   2.0051252665411954E-007   2.5011880118618818E-007   2.9828579984304772E-007   3.4352017591014108E-007   3.8481602393488429E-007
   1.1987818459583783E-003   4.3358426426804437E-008   8.9916903607983086E-008   1.4757999852812120E-007   2.1265851145367902E-007   2.8164236151202841E-007   3.5132533652050188E-007   4.1898474732345385E-007   4.8252316558823220E-007   5.4052813953019981E-007
   1.3125330147352270E-003   6.0829357367470268E-008   1.2614820453423607E-007   2.0705890771789423E-007   2.9838054072409972E-007   3.9518303845258488E-007   4.9296491363628964E-007   5.8790496409581576E-007   6.7706038039704543E-007   7.5844987555651228E-007
   1.4370779141993756E-003   8.5276163177170928E-008   1.7684611118763617E-007   2.9029067393602540E-007   4.1834004537470967E-007   5.5407551941609386E-007   6.9118212999495954E-007   8.2430109164663112E-007   9.4930657397731729E-007   1.0634214043106243E-006
   1.5734407502856105E-003   1.1948918214590938E-007   2.4779724342133641E-007   4.0677761635213968E-007   5.8623512349410707E-007   7.7646577024710039E-007   9.6861530179605835E-007   1.1551725040075557E-006   1.3303557969941428E-006   1.4902742742059622E-006
   1.7227429147699432E-003   1.6736112313916519E-007   3.4707432472689097E-007   5.6977646795378070E-007   8.2117647918106439E-007   1.0876702080192093E-006   1.3568485777871016E-006   1.6181878360395574E-006   1.8635894559157602E-006   2.0876042865020290E-006
   1.8862122071335180E-003   2.3433234669537100E-007   4.8595960985082808E-007   7.9781502310572271E-007   1.1498740635027060E-006   1.5230726066688431E-006   1.9000261759144669E-006   2.2659955318519686E-006   2.6096405881933237E-006   2.9233324284657533E-006
   2.0651929314796274E-003   3.2800515585275067E-007   6.8021880658295486E-007   1.1167844692608596E-006   1.6096537460312743E-006   2.1321206671702367E-006   2.6598385930914491E-006   3.1721706842868708E-006   3.6532425691676534E-006   4.0923767054994442E-006
   2.2611569515367451E-003   4.5898548381526798E-007   9.5184657576895356E-007   1.5628062866804936E-006   2.2525907742316441E-006   2.9838021615512065E-006   3.7223547678200660E-006   4.4393634479430461E-006   5.1126132398899007E-006   5.7271640744486165E-006
   2.4757157946593421E-003   6.4201357552400006E-007   1.3314113507454383E-006   2.1860835237542263E-006   3.1510625138086696E-006   4.1740013921776594E-006   5.2072001489092899E-006   6.2102452653135187E-006   7.1520610726739696E-006   8.0117515620971398E-006
   2.7106339043648361E-003   8.9756983997322609E-007   1.8613855719474571E-006   3.0563706798218381E-006   4.4056349940780874E-006   5.8359476223143742E-006   7.2805923789255041E-006   8.6830558276373380E-006   9.9998896497652339E-006   1.1201882289516545E-005
   2.9678431503900389E-003   1.2540764567846599E-006   2.6007114053781415E-006   4.2704729301844345E-006   6.1558754487260077E-006   8.1545400027658767E-006   1.0173213316410543E-005   1.2132917939269811E-005   1.3972944472925210E-005   1.5652481760225058E-005
   3.2494587155918438E-003   1.7508363847017417E-006   3.6308956974549789E-006   5.9622571621554465E-006   8.5947864386467736E-006   1.1385470452701740E-005   1.4204066885026611E-005   1.6940291008023340E-005   1.9509380404421924E-005   2.1854362044207268E-005
   3.5577964903394962E-003   2.4420496416884053E-006   5.0643389935830503E-006   8.3163325875276118E-006   1.1988530904790661E-005   1.5881356083896492E-005   1.9813081801315157E-005   2.3629853408948822E-005   2.7213438452370471E-005   3.0484377284367584E-005
   3.8953921174427275E-003   3.4023046948370124E-006   7.0557236644142875E-006   1.1586756134444625E-005   1.6703402111044453E-005   2.2127469699509179E-005   2.7605688294952779E-005   3.2923664259696113E-005   3.7916665434237227E-005   4.2473995744615876E-005
   4.2650218442334201E-003   4.7342016045308404E-006   9.8178228980881017E-006   1.6122999481094035E-005   2.3243263690577126E-005   3.0791341023276272E-005   3.8414698790540632E-005   4.5814960201594917E-005   5.2762894243969544E-005   5.9104483511652464E-005
   4.6697253532797080E-003   6.5773695596345616E-006   1.3640201418268144E-005   2.2400665103440919E-005   3.2293835578250360E-005   4.2781425342523798E-005   5.3373497610223520E-005   6.3655434559681899E-005   7.3308744103511701E-005   8.2119465081037136E-005
   5.1128307594829414E-003   9.1217261694025158E-006   1.8916712810058540E-005   3.1066651616445518E-005   4.4787813212533842E-005   5.9333370848112326E-005   7.4023658268769835E-005   8.8283567978073328E-005   1.0167138572129525E-004   1.1389041461647407E-004
   5.5979819791232878E-003   1.2625191596071406E-005   2.6182235340363351E-005   4.2999493407790536E-005   6.1991863554660854E-005   8.2125263958686279E-005   1.0245870393188461E-004   1.2219604901982130E-004   1.4072590914952329E-004   1.5763768499921194E-004
   6.1291686959257363E-003   1.7435209111219356E-005   3.6157301554073724E-005   5.9382663950697097E-005   8.5612306945610266E-005   1.1341761896897436E-004   1.4149871966284737E-004   1.6875596082299303E-004   1.9434499463860953E-004   2.1769887796332972E-004
   6.7107591705751436E-003   2.4017077256889492E-005   4.9806853721374794E-005   8.1801079095122472E-005   1.1793424139273689E-004   1.5623765507932224E-004   1.9492018508888105E-004   2.3246677591253230E-004   2.6771430457092946E-004   2.9988195588662782E-004
   7.3475361634921530E-003   3.2990502964934019E-005   6.8416047675308163E-005   1.1236559832381599E-004   1.6200102022313959E-004   2.1461700197002918E-004   2.6775240684958528E-004   3.1932569338102509E-004   3.6773913434349321E-004   4.1192044267496111E-004
   8.0447362662841772E-003   4.5174198691779722E-005   9.3682737730979592E-005   1.5386491534691738E-004   2.2183319227761817E-004   2.9388162755481493E-004   3.6663900234119732E-004   4.3725440868513720E-004   5.0354004141317152E-004   5.6402806283088888E-004
   8.8080929653170624E-003   6.1640263502829473E-005   1.2783025027412272E-004   2.0995075669330698E-004   3.0269541858408277E-004   4.0100522609516723E-004   5.0027838512482542E-004   5.9662385046251390E-004   6.8705635993808337E-004   7.6957383987050535E-004
   9.6438837915444661E-003   8.3778686823149606E-005   1.7374114720177943E-004   2.8535752757777300E-004   4.1141297444871551E-004   5.4502812929856147E-004   6.7994570933185687E-004   8.1087564620761939E-004   9.3376056336722554E-004   1.0458807156285392E-003
   1.0558981944335792E-002   1.1336938125935257E-004   2.3510663523572758E-004   3.8614768107539274E-004   5.5672532509792112E-004   7.3752522429328148E-004   9.2007569788417787E-004   1.0972157596762881E-003   1.2634551189610785E-003   1.4151157982078193E-003
   1.1560912813835747E-002   1.5266171919116624E-004   3.1659155147268416E-004   5.1998263849501207E-004   7.4967639837422706E-004   9.9312214463313135E-004   1.2389050704297172E-003   1.4773782576140528E-003   1.7011488442746801E-003   1.9052681581459788E-003
   1.2657915866672035E-002   2.0444689597441247E-004   4.2398402725059650E-004   6.9636752894009814E-004   1.0039653213235738E-003   1.3299563553344491E-003   1.6590424958139347E-003   1.9782979884402931E-003   2.2778229893664569E-003   2.5509972838960995E-003
   1.3859012403933871E-002   2.7212102357707828E-004   5.6432685387270787E-004   9.2686760580971712E-004   1.3362589297596823E-003   1.7700909214366232E-003   2.2079832585389890E-003   2.6327211425139041E-003   3.0311293863395142E-003   3.3944086482524186E-003
   1.5174079748634946E-002   3.5970861017532593E-004   7.4596564915863203E-004   1.2251856339716796E-003   1.7662996568060978E-003   2.3396508645681766E-003   2.9182692405761933E-003   3.4793821617932269E-003   4.0055769950565054E-003   4.4852431045132772E-003
   1.6613932472747905E-002   4.7184406783208480E-004   9.7851023452082803E-004   1.6070969183197351E-003   2.3168080526808073E-003   3.0686866102947919E-003   3.8273065213744878E-003   4.5627691675539867E-003   5.2522402741298005E-003   5.8805254839852938E-003
   1.8190411331788243E-002   6.1364434730969055E-004   1.2725698932510225E-003   2.0900117904651379E-003   3.0128457819836325E-003   3.9903185022713682E-003   4.9762798074128971E-003   5.9318039835591467E-003   6.8272077283501077E-003   7.6427912216276948E-003
   1.9916480638308576E-002   7.9050876865078927E-004   1.6393373979786781E-003   2.6922886767131436E-003   3.8808166878532687E-003   5.1393976074980141E-003   6.4084570194314064E-003   7.6377864803825303E-003   8.7891734973185951E-003   9.8373427638312680E-003
   2.1806334875063296E-002   1.0078012240853557E-003   2.0899295016781352E-003   3.4321473878224170E-003   4.9468912063319586E-003   6.5504014120569016E-003   8.1665372138298286E-003   9.7311952174969803E-003   1.1195709139587208E-002   1.2528025663097787E-002
   2.3875515424585839E-002   1.2704806347375963E-003   2.6346219407796831E-003   4.3264123545985935E-003   6.2351903848568927E-003   8.2550174326475167E-003   1.0289617533994612E-002   1.2258044668586553E-002   1.4099038890078401E-002   1.5772465971987521E-002
   2.6141038375114913E-002   1.5828735206851114E-003   3.2823828060741245E-003   5.3897530906001478E-003   7.7666983510030858E-003   1.0280708621617932E-002   1.2811408148651117E-002   1.5257761345368088E-002   1.7543602554894872E-002   1.9619355724281883E-002
   2.8621534453892730E-002   1.9487864341347977E-003   4.0411161206191926E-003   6.6351021348088467E-003   9.5598907464100498E-003   1.2651579649199034E-002   1.5761357102299874E-002   1.8764583348314885E-002   2.1567743003004888E-002   2.4110437396638262E-002
   3.1337402238589059E-002   2.3725509450526578E-003   4.9198432948773067E-003   8.0772639676397716E-003   1.1635976949436466E-002   1.5395376021682700E-002   1.9173458318546627E-002   2.2818169614893549E-002   2.6216061974034133E-002   2.9294513804610452E-002
   3.4310975906798831E-002   2.8614491339964939E-003   5.9337459756255359E-003   9.7412194631502653E-003   1.4030903216883777E-002   1.8559427663195630E-002   2.3106208079577500E-002   2.7487501241063018E-002   3.1567088098057416E-002   3.5258621264581590E-002
   3.7566708903115982E-002   3.4285872147568827E-003   7.1101352127556734E-003   1.1671942477720838E-002   1.6809518257797806E-002   2.2229433946436138E-002   2.7666084396879679E-002   3.2898966580839427E-002   3.7765747034896553E-002   4.2164560332238414E-002
   4.1131375034185735E-002   4.0980306860198702E-003   8.4990753994994804E-003   1.3951781714003211E-002   2.0090503097101763E-002   2.6562297301502089E-002   3.3048277569986767E-002   3.9284684887314562E-002   4.5078745497927113E-002   5.0310647406050436E-002
   4.5034288645458394E-002   4.9210048954931715E-003   1.0206737904270733E-002   1.6754694714288389E-002   2.4123575376649501E-002   3.1886911162200500E-002   3.9660459751311092E-002   4.7127729332364601E-002   5.4059107164352020E-002   6.0313110071729389E-002
   4.9307545690287481E-002   5.9664355317784693E-003   1.2375634379278858E-002   2.0313434086883107E-002   2.9241610915328599E-002   3.8639985521780690E-002   4.8041863830015616E-002   5.7064655885617904E-002   6.5432842294144256E-002   7.2977949219623084E-002
   5.3986287673825017E-002   7.3093692063274582E-003   1.5160419284981288E-002   2.4879430742811938E-002   3.5802312405076323E-002   4.7288283325437754E-002   5.8765826868216416E-002   6.9768788162877890E-002   7.9963923264123535E-002   8.9148970002863648E-002
   5.9108990642279875E-002   9.0342563201753195E-003   1.8734113795906226E-002   3.0731865866693395E-002   4.4199592054926837E-002   5.8341508286537655E-002   7.2453098284385925E-002   8.5962656742774271E-002   9.8464708067324394E-002  0.10971549628190641     
   6.4717781594067936E-002   1.1140623449836027E-002   2.3094369071018743E-002   3.7863974773102951E-002   5.4419933823689530E-002   7.1777895219040197E-002   8.9072520830974763E-002  0.10560412957737474       0.12088067949317491       0.13461010997922279     
   7.0858784914888756E-002   1.3498886276569297E-002   2.7975122381664604E-002   4.5845765839422722E-002   6.5858408589750450E-002   8.6819945996628900E-002  0.10768433159623747       0.12760556498736783       0.14599365052039842       0.16250313677553765     
   7.7582501685667909E-002   1.5826236153289357E-002   3.2802512523169250E-002   5.3764966939795190E-002   7.7255147792237078E-002  0.10187749361403323       0.12639928256591043       0.14981718711296979       0.17143560364762009       0.19085008450514565     
   8.4944224982638025E-002   1.7880866873625417E-002   3.7097068671871063E-002   6.0885236626787111E-002   8.7634763680037336E-002  0.11577052021498528       0.14387182398614085       0.17076925504293763       0.19565286450367569       0.21804771592980832     
   9.3004494584813954E-002   1.9740457760568920E-002   4.1038717943005829E-002   6.7544216732531817E-002   9.7543142761444074E-002  0.12928140058920826       0.16113278668822140       0.19174529150553268       0.22017806276944735       0.24586511563584135     
  0.10182959482819059        2.2027824743711864E-002   4.5907386860838360E-002   7.5816005487881366E-002  0.10989890296170410       0.14614894973865480       0.18268228922082530       0.21793324612937218       0.25080501115369319       0.28061709091387577     
  0.11149209970080924        2.5735377373962136E-002   5.3698936042104246E-002   8.8839642699968233E-002  0.12897137674618367       0.17167004966641675       0.21471644771384418       0.25629314674170534       0.29512491068623142       0.33040486243439965     
  0.12207146966133181        3.1174087657721842E-002   6.5009618543697759E-002  0.10748271392769709       0.15581800446486108       0.20701924611867864       0.25848263653905890       0.30811198893479352       0.35443832386618246       0.39652484740703864     
  0.13365470508911154        3.6860466285077248E-002   7.6898683238758009E-002  0.12717205363395426       0.18425574368560163       0.24460075671855494       0.30523676346765144       0.36375693447091884       0.41845133992866962       0.46820940636668568     
  0.14633706173946351        4.0573172774109295E-002   8.5111325807076088E-002  0.14157077267108720       0.20614704989042723       0.27493184159930739       0.34460595444669884       0.41235045887315541       0.47607693685301855       0.53436835752772804     
  0.16022283408774773        4.3491045817415051E-002   9.2099114635566526E-002  0.15463332994452408       0.22706336359791235       0.30518720143069639       0.38524560179479700       0.46385165227341402       0.53838603961755238       0.60699968576676766     
  0.17542621300415920        4.9655898477191790E-002  0.10561580863730201       0.17784731229612105       0.26176934572197597       0.35270676260549555       0.44634302931673475       0.53866932863491224       0.62653363968488529       0.70767394065293476     
  0.19207222481239303        5.8654322677443999E-002  0.12469707709480322       0.20950048606583530       0.30775357957427013       0.41421322700160024       0.52396899020721810       0.63238802441713404       0.73579575143997766       0.83151760949664855     
  0.21029775945461360        6.4594342432768945E-002  0.13847848349818923       0.23428357735136723       0.34652393412617161       0.46944163009807560       0.59731993234680769       0.72457825087599592       0.84668849776184385       0.96028294440447426     
  0.23025269621793309        6.9922971844609022E-002  0.15177179602834784       0.25957869373972137       0.38786690874044266       0.53021958456980800       0.67985117277922258       0.82993827007861154       0.97484019142307166        1.1102949324299163     
  0.25210113627991265        8.0494630485505453E-002  0.17489467670053144       0.29927096397784286       0.44781773539394243       0.61346163553334110       0.78851609887209562       0.96504253313720367        1.1363332164875970        1.2971984262514220     
  0.27602275220902728        8.8908182143021763E-002  0.19499232862622323       0.33650757260720121       0.50764273622728118       0.70052817056936079       0.90618317189400199        1.1150672665755028        1.3189612231529075        1.5113968823650463     
  0.30221426551783803        9.7689535436635014E-002  0.21676582805746500       0.37799896377026282       0.57565046062399972       0.80093149186705159        1.0433024815735763        1.2912694259389657        1.5347534094664022        1.7657016931950122     
  0.33089106441964966       0.10959197092013252       0.24469753424007865       0.42926908351340148       0.65785817882718645       0.92103338862702089        1.2067450627608707        1.5013164819313400        1.7924435438620216        2.0700997754093811     
  0.36228897509242902       0.11991373867418731       0.27180996756337478       0.48290242886918178       0.74819013625517383        1.0572532033317603        1.3959489660153797        1.7477735142602107        2.0976174626601671        2.4329999693367057     
  0.39666620101612027       0.13319110425890562       0.30512231823572100       0.54710774628761671       0.85524328162852670        1.2185413674833228        1.6206580452570902        2.0417277362471684        2.4631585020008395        2.8693702052836332     
  0.43430544633167090       0.14632626271379331       0.34067664734955094       0.61869573605761918       0.97797107754246482        1.4068318529558348        1.8862005201576821        2.3920646924188076        2.9015313732339445        3.3951883008385924     
  0.47551624068340170       0.16128873905255481       0.38155691860669977       0.70160192401782784        1.1214735693238582        1.6291265733356808        2.2022747124405835        2.8117978105923425        3.4294470528045671        4.0310368439751345     
  0.52063748466325777       0.17759355320623041       0.42771856579557471       0.79707611214592256        1.2892948988820097        1.8922010076090958        2.5796285137151709        3.3161509881158548        4.0668882998204605        4.8017630777241580     
  0.57004023678963622       0.19536062048220332       0.48008030781990402       0.90755289274214179        1.4864328722919193        2.2047393892770502        3.0315710170435746        3.9237058404288887        4.8380795819812770        5.7373917677386714     
  0.62413076493974640       0.21502361967358705       0.54001288769616829        1.0361298769594292        1.7190394720984399        2.5773423654618601        3.5742575072325642        4.6569025430141071        5.7721546919383311        6.8739348373793012     
  0.68335388732923041       0.23677097621601059       0.60886571606771667        1.1863661094120270        1.9944738058576752        3.0227466010558102        4.2270032992814528        5.5424050662540161        6.9035549709898438        8.2538257387537044     
  0.74819663051388374       0.26096029738048859       0.68839806967724393        1.3626525126673392        2.3216717900475410        3.5562315868014669        5.0127198632606706        6.6115413096401703        8.2724563514949114        9.9263377749080846     
  0.81919223449536838       0.28795613743588105       0.78071728203610091        1.5702996615786164        2.7113660481609285        4.1958990673323289        5.9581718982670955        7.9004743544546532        9.9248239604806798        11.947527933493975     
  0.89692453786727211       0.31822457833922280       0.88841527951841204        1.8157383039006303        3.1763495880363841        4.9629166433847933        7.0940970684871472        9.4501197631590514        11.912093471038132        14.379694924915713     
  0.98203277906312625       0.35233865524031827        1.0146520645682227        2.1067050610150893        3.7316930014287335        5.8816183225711640        8.4550472231285116        11.305635765326171        14.290282202852667        17.290137299337374     
   1.0752168531898927       0.39098556451085342        1.1632690419000995        2.4524470467983597        4.3949058019506175        6.9794217178508635        10.078892289749806        13.515425255139984        17.118481492693277        20.749183635829191     
   1.1772430676769294       0.43499356875968231        1.3389261222022872        2.8639172767904388        5.1859842542780630        8.2864769818858068        12.005894353696917        16.129576619802869        20.456698590942732        24.827514011450116     
   1.2889504440725368       0.48536566041526052        1.5472514307496983        3.3539347131008483        6.1272918501235996        9.8349838723581318        14.277316441797801        19.197774577396817        24.363170850646693        29.592994428167891     
   1.4112576178114535       0.54331640268635295        1.7950029002722419        3.9372851607176749        7.2432312469912850        11.658159143153567        16.933627205204086        22.766865682272346        28.891481262955608        35.107497252852824     
   1.5451703926941469       0.61031422129434321        2.0902381762736519        4.6307336548935467        8.5596798851889773        13.788892868115699        20.012473670590673        26.878422992634125        34.087997923824744        41.424393662175014     
   1.6917900122028373       0.68813070732065340        2.4424826395266255        5.4529159462960708        10.103187859278620        16.258209429044662        23.546718484536420        31.566801436512698        39.990300055438325        48.587515825866859     
   1.8523222156741213       0.77889772993909334        2.8628842423785956        6.4240897327798363        11.899994160602578        19.093759197659168        27.562972449262539        36.858286267296812        46.627296346459566        56.632336552444713     
   2.0280871538024625       0.88517190679631541        3.3643419812678070        7.5657458900965748        13.974985279668060        22.318664958282440        32.081121927673323        42.771909089922360        54.021567528820036        65.589775171117424     
   2.2205302450155360        1.0100045162261222        3.9615887245538830        8.9000996944565749        16.350776398028561        25.951084905477483        37.115284471546758        49.322264616388090        62.194015851209052        75.492386863821821     
   2.4312340619997870        1.1571337007124616        4.6715192681679882        10.450053083804338        19.047923219485604        30.005846745772494        42.677681409470686        56.525717171815529        71.171954838040506        86.383770048220285     
   2.6619313461261318        1.3305481871674931        5.5118386866430340        12.236412150754038        22.081699914041135        34.492053380277397        48.777601496346762        64.400365333634511        80.989290110608081        98.318346798227140     
   2.9145192568009906        1.5353827028367848        6.5030680567285462        14.281225600117208        25.468327598330415        39.423293897771615        55.435410940445642        72.982659194885628        91.704422086901118        111.37978872667462     
   3.1910749729235515        1.7773878761106783        7.6668895200686249        16.605167694758034        29.222947754859870        44.816796799580160        62.682094335430648        82.325840724773812        103.39657827774300        125.67519560293914     
   3.4938727747491285        2.0631533463111991        9.0264576545804243        19.228802321137703        33.363360893258800        50.699489629316808        70.566047801642696        92.505706298877413        116.17003012547241        141.33838774632318     
   3.8254027466328799        2.4001220907158416        10.606304671053833        22.173548946221306        37.913026402234905        57.111999601857626        79.155989988236044        103.62115258352419        130.15298482727178        158.52858413347272     
   4.1883912544574775        2.7965994408068284        12.432459528856370        25.463242730243042        42.904156462127922        64.111411176906330        88.541211162276781        115.79189205998638        145.49481915131426        177.42870090740612     
   4.5858233661428098        3.2617228150551076        14.532796280119953        29.126006979302741        48.380091836890472        71.771688850002917        98.828511989882742        129.15376027525289        162.36236402501547        198.24309454439938     
   5.0209673996144657        3.8054279281591707        16.937795476061069        33.196338496346321        54.396585188611098        80.181628887090014        110.13681899986955        143.85347538739276        180.93620229382705        221.19409999012163     
   5.4974018001037450        4.4383604763057312        19.681643532506612        37.716872816893257        61.021355000938250        89.440342004205633        122.59072195566557        160.04365515088764        201.40578815515204        246.51493936447667     
   6.0190445678066622        5.1718689697370452        22.804037764284192        42.740081917182430        68.332812641031722        99.652545214222798        136.31624893759394        177.87985913103725        223.96404570137264        274.44013208899150     
   6.5901854779032725        6.0179596709363787        26.352344270529748        48.329284222766809        76.418056696688453        110.92484711427461        151.43956554081302        197.51843608529899        248.80084034959742        305.19457965984020     
   7.2155213579010242        6.9893527619156943        30.384385262537432        54.559731799822011        85.372150785178349        123.36620521419663        168.09051003029572        219.11739449237211        276.10028239213756        338.99113347527526     
   7.9001947124089602        8.0996240098205057        34.971709337890438        61.520298592535120        95.299924561124513        137.09398301981659        186.41070880296368        242.84216544037977        306.04830214969991        376.04842034661704     
   8.6498360129766851        9.3635241877402624        40.203525758354260        69.316937592133513        106.32172097902777        152.24605949335398        206.56623763125978        268.87950225981456        338.85889874509064        416.62877491667223     
   9.4706100007722398        10.797468765572390        46.191362854926503        78.078520529369101        118.58310726310108        168.99631431843159        228.76283698278141        297.46179603894967        374.81364134025176        461.06866336701597     
   10.369266382873457        12.420132761287752        53.074574456201418        87.964897350539658        132.26697636917487        187.56860672509572        253.26044203208022        328.89818078561302        414.28619867357367        509.78076204315863     
   11.353195339077612        14.253610675594404        61.028405814445499        99.178182107469894        147.60766140990333        208.24785570662183        280.38979259631361        363.59681159644521        457.73705210388192        563.26242623793257     
   12.430488295695186        16.324364075790879        70.273283315164093        111.97356452708125        164.90109715199762        231.38352689645677        310.56701014952790        402.05241942357634        505.70344743149275        622.14043468396437     
   13.610004466105526        18.664971220182608        81.088769825070557        126.67320009342474        184.51607098321205        257.39809608483745        344.30571567639078        444.82984795657899        558.83834703175933        687.18349133698302     
   14.901443705277449        21.315763994196754        93.830697935644295        143.68164397307339        206.90663359691027        286.80762423662304        382.21422427623315        492.59677923747398        617.93644439047989        759.23870783100710     
   16.315426277379739        24.327132036108654        108.95459398586064        163.50894065074598        232.63512949236622        320.26212290995716        425.01047732307671        546.20075077737999        683.91256201086492        839.31036224831405     
   17.863580192457370        27.762510125107639        127.04680550056418        186.80446837709479        262.40892008794469        358.58647639463027        473.59850152520551        606.68606958611940        757.89462189446397        928.69163205557368     
   19.558636830395095        31.701926006367430        148.86467959503875        214.40196793455004        297.13068937834663        402.80937314965263        529.16867686130956        675.32798151895815        841.35375334005994        1028.9276216656078     
   21.414535638539547        36.246771512169062        175.38984685849712        247.37739774736775        337.96745502992979        454.22166733791909        593.21304531415490        753.79397686287621        936.08797680400392        1142.0077799590802     
   23.446538763970572        41.526142271981278        207.89863912048006        287.12208631723752        386.43486945027183        514.50299187979533        667.58011407684967        844.18989851684387        1044.3937663664901        1270.4110061804363     
   25.671356563109935        47.705287033995823        248.05536153539271        335.43915906356170        444.48886875812451        585.85719915548759        754.71639351769954        949.16074020814642        1169.1984625089376        1417.2746401578756     
   28.107285020807289        54.996396272335872        298.03456448652145        394.67135442233746        514.63455077060314        671.07293902481547        857.75507949419023        1072.1839998261046        1314.2135969383073        1586.6067538905054     
   30.774356208980628        63.673424318668204        360.68507435839132        467.87747564788816        600.12623044163217        773.75983266515186        980.69834893809843        1217.6540870857987        1484.2866865791746        1783.5259343483169     
   33.694503022121602        74.091099002850882        439.74680171536392        559.06956157405500        705.26388716149654        898.70656074562135        1128.8609138228408        1391.3887884961475        1685.5590442992363        2014.6567237880543     
   36.891739544382439        86.710396046223295        540.14086003365571        673.54386168207486        835.71459286146523        1052.1099728335794        1309.0295094998555        1600.8031661930420        1926.1743304785650        2288.6092459267752     
   40.392358531509046        102.13177237463773        668.35660915153028        818.28107386839724        998.79708621681573        1242.0474808232789        1530.2957421402334        1855.7368600690054        2216.6428009070769        2616.1527555518433     
   44.225147631630513        121.13894996007821        832.95886045557836        1002.4511101580036        1204.2304381563338        1479.3538598723271        1804.2070549454218        2168.9563046889480        2570.6166223474142        3012.4878533130341     
   48.421626123015102        144.75658745895117        1045.2566288877822        1238.0581025230967        1464.8025851530426        1777.8143369444335        2146.4301444558973        2557.7749403118246        3005.3889436070090        3496.4822317923013     
   53.016304115627769        174.32900273639950        1320.1780142656798        1541.0451374373740        1797.4761690693338        2156.2024198668091        2577.7546440373958        3042.0145735815686        3547.8195276893398        4090.1125120189377     
   58.046966348054411        211.62671197211159        1677.4843990005954        1932.5171698381328        2224.0972514088990        2639.1154970588091        3123.2801457862838        3655.5624306928348        4222.7315663650552        4832.0707462554774     
   63.554982913623071        258.98673843393158        2143.3207549526114        2440.5476148863886        2775.2087173879713        3258.4984228675235        3820.2226528886317        4432.2537458338511        5075.7452808003854        5761.8613777969431     
   69.585649471004459        319.49189760585023        2752.4623129897727        3101.7375818916094        3488.2317311645161        4055.4624647514356        4717.8871162646856        5421.3874147717643        6164.3121060180174        6928.4571175707524     
   76.188559737046049        397.20172590514119        3550.8287865515354        3965.9192853205050        4415.7065116135736        5093.4018170669488        5868.4761338378476        6697.7205689225866        7550.1949624556391        8422.1795579563786     
   83.418013325063441        497.47554042660852        4599.6860820577931        5096.1190074432698        5626.7753500065210        6435.7336474532603        7365.3902491291328        8347.0600893785431        9326.5886961637116        10336.804906953797     
   91.333462282486295        627.42162943158189        5979.2735408854733        6582.2234344407598        7212.7148006270381        8189.8928859330190        9315.6253242156399        10470.670318533979        11645.855647289900        12780.333892459981     
   100.00000000000004        796.47649350457959        7798.6586925605088        8533.2843607455234        9284.5296544624616        10489.655152524098        11852.898303170645        13255.164261403479        14624.758926113527        15965.535793496007     
