   1.0000000000000002E-003   1.3067183045883708E-008   2.8944974515930280E-008   4.9982950924831218E-008   7.4701478384721983E-008   1.0133225383193563E-007   1.2819642469132264E-007   1.5399709550317738E-007   1.7791823352138220E-007   1.9956931713883441E-007
   1.0948889651276870E-003   1.8649219368071782E-008   4.1309676947040486E-008   7.1334621737908341E-008   1.0661232640709983E-007   1.4461908904156342E-007   1.8295888403166889E-007   2.1978081998443713E-007   2.5392028905427758E-007   2.8481996477666109E-007
   1.1987818459583783E-003   2.6603336929238092E-008   5.8928741913188640E-008   1.0175963243859718E-007   1.5208356398558406E-007   2.0630041968828193E-007   2.6099223894362438E-007   3.1351872318802595E-007   3.6221857568342821E-007   4.0629679453367226E-007
   1.3125330147352270E-003   3.7930343807928834E-008   8.4019038728638254E-008   1.4508610039357632E-007   2.1683639677888775E-007   2.9413693301855638E-007   3.7211446957245501E-007   4.4700457340592189E-007   5.1643866356676669E-007   5.7928330037228092E-007
   1.4370779141993756E-003   5.4048009684093985E-008   1.1972103467700425E-007   2.0673700983229130E-007   3.0897556795767860E-007   4.1912249122565381E-007   5.3023376544374341E-007   6.3694540709185433E-007   7.3588244957074603E-007   8.2542991428887800E-007
   1.5734407502856105E-003   7.6964719624051790E-008   1.7048344583628890E-007   2.9439441594147453E-007   4.3998199608487645E-007   5.9683057702934324E-007   7.5505184286037010E-007   9.0700755508468365E-007   1.0478918955636061E-006   1.1754052807542973E-006
   1.7227429147699432E-003   1.0951768617578117E-007   2.4259088421132808E-007   4.1891056290506313E-007   6.2607440536811759E-007   8.4926122971465486E-007   1.0744003770625731E-006   1.2906231324791850E-006   1.4910912799774193E-006   1.6725328730110889E-006
   1.8862122071335180E-003   1.5571272581205104E-007   3.4491646803679166E-007   5.9560744649787217E-007   8.9015144916418932E-007   1.2074753382602538E-006   1.5275734233719676E-006   1.8349928471656447E-006   2.1200114662718293E-006   2.3779776707567117E-006
   2.0651929314796274E-003   2.2119236345884808E-007   4.8995867141382067E-007   8.4606716122179868E-007   1.2644672413551366E-006   1.7152236644751905E-006   2.1699181050172652E-006   2.6066001065896124E-006   3.0114600046289301E-006   3.3778908963376611E-006
   2.2611569515367451E-003   3.1389387628263376E-007   6.9529887347537424E-007   1.2006486407038878E-006   1.7943923588899421E-006   2.4340480736886735E-006   3.0792875059962490E-006   3.6989617655116064E-006   4.2734749259743592E-006   4.7934524707593630E-006
   2.4757157946593421E-003   4.4495258527461865E-007   9.8560209714071379E-007   1.7019422536972155E-006   2.5435762501851831E-006   3.4502833810113388E-006   4.3648975496951877E-006   5.2432660978403384E-006   6.0576136154765858E-006   6.7946537546645627E-006
   2.7106339043648361E-003   6.2995594206603083E-007   1.3953946942122654E-006   2.4095658160507909E-006   3.6011140094510434E-006   4.8847774619703352E-006   6.1796219370983333E-006   7.4231397855255458E-006   8.5760110244506807E-006   9.6194289338972938E-006
   2.9678431503900389E-003   8.9069121336900185E-007   1.9729352284689853E-006   3.4068479666152338E-006   5.0915331605060644E-006   6.9064356019568071E-006   8.7371237518430553E-006   1.0495223349562558E-005   1.2125146804337356E-005   1.3600309935743506E-005
   3.2494587155918438E-003   1.2574838742194099E-006   2.7853935568013884E-006   4.8097699127295319E-006   7.1881544582076432E-006   9.7503398882701691E-006   1.2334772670398947E-005   1.4816693886029046E-005   1.7117635993499407E-005   1.9200078327955341E-005
   3.5577964903394962E-003   1.7724254665639844E-006   3.9259996909169916E-006   6.7793075345885787E-006   1.0131532647646599E-005   1.3742756548198825E-005   1.7385272312865905E-005   2.0883246444932014E-005   2.4126098109221297E-005   2.7060960541433930E-005
   3.8953921174427275E-003   2.4937913277805228E-006   5.5238275507465441E-006   9.5383216460857754E-006   1.4254691293602126E-005   1.9335354472720216E-005   2.4459934385218850E-005   2.9381058832552866E-005   3.3943173837861122E-005   3.8071927634659904E-005
   4.2650218442334201E-003   3.5019697410761609E-006   7.7569253704595007E-006   1.3394224316633364E-005   2.0016984718015580E-005   2.7151118314517425E-005   3.4346737370203904E-005   4.1256504468240740E-005   4.7662033771134135E-005   5.3458967690760953E-005
   4.6697253532797080E-003   4.9073078598537307E-006   1.0869689834532159E-005   1.8768968456967670E-005   2.8048896030566797E-005   3.8045083328371627E-005   4.8127119626339354E-005   5.7808350766200000E-005   6.6782844700722169E-005   7.4904453497652760E-005
   5.1128307594829414E-003   6.8606553459877814E-006   1.5196212458511179E-005   2.6239342419457427E-005   3.9212222112981982E-005   5.3185921484279452E-005   6.7279124637794474E-005   8.0811582081015559E-005   9.3355739457596802E-005   1.0470742201799818E-004
   5.5979819791232878E-003   9.5673505401001259E-006   2.1191245933147668E-005   3.6590410059005381E-005   5.4679882109253835E-005   7.4164113132326183E-005   9.3814136869546939E-005   1.1268152402588010E-004   1.3017029521816362E-004   1.4599596814653519E-004
   6.1291686959257363E-003   1.3305256736277746E-005   2.9470132980572013E-005   5.0884407108830936E-005   7.6038789929111115E-005   1.0313135208645539E-004   1.3045306394094333E-004   1.5668527544994033E-004   1.8099958510963530E-004   2.0300076892212766E-004
   6.7107591705751436E-003   1.8447910513712595E-005   4.0860044931451272E-005   7.0549135496951297E-005   1.0542181089264071E-004   1.4297932104680945E-004   1.8085222204980970E-004   2.1721272678113947E-004   2.5091294392361185E-004   2.8140555422457805E-004
   7.3475361634921530E-003   2.5494254654666305E-005   5.6465783919007333E-005   9.7491456763322009E-005   1.4567714288381907E-004   1.9756910661143030E-004   2.4989312548869859E-004   3.0012415976845929E-004   3.4667701520182389E-004   3.8879640428037985E-004
   8.0447362662841772E-003   3.5105873985954338E-005   7.7752171196627550E-005   1.3423935105598341E-004   2.0058025802361225E-004   2.7201815667825680E-004   3.4404483261200235E-004   4.1318473104829534E-004   4.7725688603364203E-004   5.3522302036310815E-004
   8.8080929653170624E-003   4.8150911672441923E-005   1.0664118341159711E-004   1.8410933170750435E-004   2.7508354656988155E-004   3.7303810367600795E-004   4.7179029439779069E-004   5.6657544325557779E-004   6.5440517148965271E-004   7.3385822691385966E-004
   9.6438837915444661E-003   6.5758124615853921E-005   1.4563147340919234E-004   2.5141234904816180E-004   3.7562320210537221E-004   5.0934983216574742E-004   6.4414992181565029E-004   7.7352033081660055E-004   8.9338476505618485E-004   1.0018068041832322E-003
   1.0558981944335792E-002   8.9376522750513239E-005   1.9793015491692285E-004   3.4168064293106610E-004   5.1045702839920635E-004   6.9213994460478332E-004   8.7525684882229754E-004   1.0509749841155144E-003   1.2137616579629919E-003   1.3609921223730714E-003
   1.1560912813835747E-002   1.2083868222714763E-004   2.6759258111104316E-004   4.6190809118076722E-004   6.9002190387614242E-004   9.3554317799645498E-004   1.1829641511179470E-003   1.4203524873180428E-003   1.6402399728723963E-003   1.8390891277073323E-003
   1.2657915866672035E-002   1.6242514555048467E-004   3.5966434076378979E-004   6.2079399184890836E-004   9.2729573495382888E-004   1.2571300307872557E-003   1.5894575987319634E-003   1.9082548445285138E-003   2.2035021500864515E-003   2.4704619461118340E-003
   1.3859012403933871E-002   2.1691292216272510E-004   4.8028781095926218E-004   8.2892519583749021E-004   1.2380665786107170E-003   1.6782675544224947E-003   2.1217068902604128E-003   2.5470092584190356E-003   2.9408225556331576E-003   3.2968462717373570E-003
   1.5174079748634946E-002   2.8759894538504159E-004   6.3675299440506792E-004   1.0988615898823429E-003   1.6410566911420972E-003   2.2242825974077948E-003   2.8116661651500976E-003   3.3749024493041403E-003   3.8963315182534595E-003   4.3676390302293863E-003
   1.6613932472747905E-002   3.7827817734626833E-004   8.3744769979695970E-004   1.4450474874337200E-003   2.1577861247663518E-003   2.9242715973759143E-003   3.6960274001008307E-003   4.4358781252611234E-003   5.1206595697199089E-003   5.7394934107822910E-003
   1.8190411331788243E-002   4.9315398391830433E-004   1.0916576461469066E-003   1.8834640164647222E-003   2.8120498080368172E-003   3.8103872227850566E-003   4.8153137370332416E-003   5.7784438440012095E-003   6.6696709453977661E-003   7.4748952117668641E-003
   1.9916480638308576E-002   6.3666019602742275E-004   1.4091712150341932E-003   2.4309451414493834E-003   3.6288940107059311E-003   4.9164493692742716E-003   6.2121227584637211E-003   7.4535624449714706E-003   8.6020302361882791E-003   9.6394369044734574E-003
   2.1806334875063296E-002   8.1320280702834840E-004   1.7997069603846985E-003   3.1041898124316101E-003   4.6331429299044206E-003   6.2759524919890324E-003   7.9286147404772651E-003   9.5116466996360092E-003   1.0975743993856764E-002   1.2297953188503272E-002
   2.3875515424585839E-002   1.0268736229439321E-003   2.2722803877507757E-003   3.9186728901960174E-003   5.8477807441211557E-003   7.9198869411254286E-003   1.0003778492396113E-002   1.1999301623672199E-002   1.3844426606585334E-002   1.5510363208286353E-002
   2.6141038375114913E-002   1.2812312437661475E-003   2.8347218830873408E-003   4.8878220492916367E-003   7.2927400366240049E-003   9.8751243469531180E-003   1.2471426814823432E-002   1.4956961356358161E-002   1.7254618695680270E-002   1.9328712305649243E-002
   2.8621534453892730E-002   1.5794324868704172E-003   3.4939727431910822E-003   6.0235428110035757E-003   8.9857127984466403E-003   1.2165557485031708E-002   1.5361689884326795E-002   1.8420742509164308E-002   2.1247991902987710E-002   2.3799709448816382E-002
   3.1337402238589059E-002   1.9250720947658609E-003   4.2579505172214002E-003   7.3394547382947505E-003   1.0947015414775673E-002   1.4818741913748355E-002   1.8709471685064562E-002   2.2432664500449052E-002   2.5873222606820949E-002   2.8978112115616673E-002
   3.4310975906798831E-002   2.3241705743159650E-003   5.1399546262425018E-003   8.8585085171407826E-003   1.3210991700943061E-002   1.7881393349421865E-002   2.2574093700828614E-002   2.7064290432514303E-002   3.1213351680648860E-002   3.4957462571844643E-002
   3.7566708903115982E-002   2.7872072403439781E-003   6.1631713675704726E-003   1.0620774476572186E-002   1.5837673131511375E-002   2.1435236501484024E-002   2.7059387529323107E-002   3.2440912996864281E-002   3.7413780664085655E-002   4.1901545198782912E-002
   4.1131375034185735E-002   3.3347515991694610E-003   7.3731318508540788E-003   1.2704930146155478E-002   1.8944859443916284E-002   2.5640483020131725E-002   3.2368656976046781E-002   3.8807535459099742E-002   4.4758460305062420E-002   5.0129807064809705E-002
   4.5034288645458394E-002   4.0086604942770514E-003   8.8624631005801355E-003   1.5270910012076092E-002   2.2771727089598525E-002   3.0821945810442519E-002   3.8913424905181189E-002   4.6659292410503872E-002   5.3820352817284166E-002   6.0285915753177967E-002
   4.9307545690287481E-002   4.8645768111414073E-003   1.0754321868134161E-002   1.8531428419999278E-002   2.7636505325675815E-002   3.7411972046079239E-002   4.7241670093916166E-002   5.6655730108687775E-002   6.5362902098465445E-002   7.3227736015640338E-002
   5.3986287673825017E-002   5.9629212966697777E-003   1.3182545292922480E-002   2.2717945961059017E-002   3.3886029036932441E-002   4.5882600133315680E-002   5.7952716557535172E-002   6.9519356230436327E-002   8.0223629828253165E-002   8.9897539687146269E-002
   5.9108990642279875E-002   7.3741752557000065E-003   1.6303413771295159E-002   2.8101139163691773E-002   4.1926611251798244E-002   5.6787831554104849E-002   7.1751178559882584E-002   8.6100930477229290E-002   9.9390035392668344E-002  0.11140756188883681     
   6.4717781594067936E-002   9.0939274438727596E-003   2.0108150924860586E-002   3.4668505971650977E-002   5.1744455073285234E-002   7.0116140923470918E-002   8.8631514021167007E-002  0.10640395839814554       0.12287671338279217       0.13778452861597196     
   7.0858784914888756E-002   1.1012265772580391E-002   2.4355518302515679E-002   4.2008765700855051E-002   6.2734195883937791E-002   8.5059710320913473E-002  0.10758827314747717       0.12923900981143621       0.14932838322404687       0.16752668894272144     
   7.7582501685667909E-002   1.2896926492188193E-002   2.8534710156932524E-002   4.9248290648738938E-002   7.3604839031973415E-002   9.9888247883073988E-002  0.12645824290793020       0.15203605815565902       0.17580506614578653       0.19736474885942734     
   8.4944224982638025E-002   1.4556652661692546E-002   3.2226119317961870E-002   5.5672170534689966E-002   8.3305187507444992E-002  0.11320072239776559       0.14349968358298351       0.17273662059383799       0.19996283397817208       0.22470254524490080     
   9.3004494584813954E-002   1.6061346575949324E-002   3.5587701435735232E-002   6.1561921797334426E-002   9.2272583475953324E-002  0.12561466992881282       0.15952337459278576       0.19234620015006457       0.22299421650349610       0.25090620237114480     
  0.10182959482819059        1.7938532818194217E-002   3.9789880646603833E-002   6.8946338442313057E-002  0.10355438748392103       0.14128509540493187       0.17980919750704172       0.21722880589290644       0.25226904024232277       0.28425475860849653     
  0.11149209970080924        2.1011013791329018E-002   4.6658905585895270E-002   8.0991591990428199E-002  0.12190467397099924       0.16668759087057539       0.21257338636156339       0.25726990831688074       0.29921383905247806       0.33756164913078862     
  0.12207146966133181        2.5508597626853168E-002   5.6715252223479069E-002   9.8625443287774409E-002  0.14875699204959711       0.20382295523463664       0.26040071653661256       0.31561738693588692       0.36749535961178703       0.41495833090449008     
  0.13365470508911154        3.0126248233557078E-002   6.7089993349142160E-002  0.11694437249979590       0.17686538250302827       0.24296699972810676       0.31110203346417115       0.37773963867649002       0.44042879886585284       0.49782640708588555     
  0.14633706173946351        3.3031420130385729E-002   7.3747620719883417E-002  0.12903618224103985       0.19599354488180293       0.27035705865691956       0.34740379389681408       0.42303025187525867       0.49435258685682948       0.55977114455099086     
  0.16022283408774773        3.5305143513971904E-002   7.9100026776468851E-002  0.13911094251675263       0.21249799965764957       0.29467589901471025       0.38033084350403240       0.46475443745017547       0.54460535605020033       0.61801116270206213     
  0.17542621300415920        4.0444126556420421E-002   9.0927853032987810E-002  0.16068013626364683       0.24664808998720097       0.34343968137076697       0.44463942818323737       0.54455198090921930       0.63915742473893145       0.72621430440351031     
  0.19207222481239303        4.7875028500928403E-002  0.10801928395594550       0.19176545814173335       0.29561755921763022       0.41292167059997847       0.53570462489293746       0.65696986644689848       0.77184293040983365       0.87762938503503285     
  0.21029775945461360        5.2370448350935614E-002  0.11883469975880682       0.21252113117315641       0.32987296087378976       0.46326382269778960       0.60343587492756512       0.74232043932204450       0.87430729307518062       0.99625626453900917     
  0.23025269621793309        5.6453714097267189E-002  0.12903076538209349       0.23282767270054197       0.36427534507583331       0.51470017545253111       0.67354593442288846       0.83167423551886599       0.98267935305351028        1.1228683753903672     
  0.25210113627991265        6.5250848523925625E-002  0.15011158398218916       0.27276801401053008       0.42898853586436231       0.60822476867928355       0.79797151041463132       0.98750775162706961        1.1692109205633694        1.3385436756989391     
  0.27602275220902728        7.1574841844807904E-002  0.16617705500172200       0.30490033234229991       0.48313207804483715       0.68887268653748679       0.90808693242594896        1.1285773119147839        1.3413500115867227        1.5410419237604660     
  0.30221426551783803        7.8429874017053994E-002  0.18402538679872563       0.34114756479119002       0.54478109475593883       0.78162342980301758        1.0361006613671226        1.2941809602631302        1.5451950678973057        1.7816907862722406     
  0.33089106441964966        8.7995439372791084E-002  0.20867186832055540       0.39041125830968282       0.62765992139551885       0.90579213888071808        1.2072403689574709        1.5154722627486534        1.8168405106624133        2.1026222008745230     
  0.36228897509242902        9.5749566227271765E-002  0.23010249859624526       0.43546994364930885       0.70661358627466364        1.0284013578781432        1.3813143911150378        1.7452912710120463        2.1041787212869827        2.4466289985155010     
  0.39666620101612027       0.10638856782404056       0.25901291192780906       0.49531527183058871       0.81095750227229757        1.1903881959330815        1.6105584329352578        2.0478190590630185        2.4817945283586567        2.8981898119918026     
  0.43430544633167090       0.11647563237868129       0.28781469570664248       0.55723200659622307       0.92302382201957545        1.3685785446220391        1.8681226981906476        2.3925068244017558        2.9166620551433611        3.4226002135289808     
  0.47551624068340170       0.12813268805169856       0.32149752491403283       0.63071063384436132        1.0577286336685421        1.5858434711803524        2.1841470065519841        2.8173696583702577        3.4545659660495578        4.0731016940014309     
  0.52063748466325777       0.14086554789620018       0.35922471427264263       0.71532099187131781        1.2164454253540375        1.8451859919694498        2.5647403189749345        3.3322911603722813        4.1096103458074582        4.8682723005935573     
  0.57004023678963622       0.15450472030790657       0.40101615911744676       0.81242704117371978        1.4027746668552199        2.1538160318296646        3.0217375212696336        3.9544475548869005        4.9047542932616057        5.8370758394081639     
  0.62413076493974640       0.16952603070903249       0.44854437590760660       0.92621629935795358        1.6253085621526440        2.5261048113620204        3.5763886874391257        4.7126506329529008        5.8767236065072348        7.0242681187989371     
  0.68335388732923041       0.18596239993290867       0.50267849767595674        1.0600296621538725        1.8912542474909455        2.9749971842580814        4.2486009675207672        5.6345716702867703        7.0614345238688347        8.4742623033885121     
  0.74819663051388374       0.20402012575961012       0.56493837826468052        1.2183383786736020        2.2102752690464960        3.5171693099022945        5.0633225205159196        6.7542140120476661        8.5024123289803430        10.240366458565676     
  0.81919223449536838       0.22388918633258770       0.63683048742084680        1.4062594537342250        2.5934353356665660        4.1715376451991348        6.0485578701813285        8.1094197700626918        10.247815701445642        12.381378872791805     
  0.89692453786727211       0.24584985787015842       0.72048742884280315        1.6300505428690055        3.0539059610268877        4.9600835438126740        7.2362041296376720        9.7426428497918529        12.351110084946145        14.962154509417378     
  0.98203277906312625       0.27029264190131980       0.81839349759585411        1.8972693388773594        3.6071209453807156        5.9078627721307821        8.6618009222322421        11.700381164818149        14.870173436476794        18.052404680421844     
   1.0752168531898927       0.29773857237279394       0.93355570076743999        2.2168268324440992        4.2707104891804315        7.0426501703143281        10.363775226814266        14.031987468359070        17.865690672519978        21.724714599179940     
   1.1772430676769294       0.32869966900620057        1.0695621023248545        2.5990476064822765        5.0643789014189871        8.3944529926319671        12.382505335251469        16.788288100750421        21.399375925052571        26.052424214887445     
   1.2889504440725368       0.36393866200875480        1.2306628604556953        3.0557229700301494        6.0097070634515246        9.9948960587019382        14.759258843959371        20.020137606050419        25.532232946646509        31.107665335495874     
   1.4112576178114535       0.40428298398819301        1.4218787728031552        3.6001575375942045        7.1298943826223722        11.876542665629911        17.535148430646853        23.777148483108196        30.323189205296710        36.959979464038476     
   1.5451703926941469       0.45074946729514609        1.6491159278530967        4.2471672352606920        8.4494047963312493        14.072161606976158        20.750187610277436        28.106755218249805        35.828328179767276        43.675790137091681     
   1.6917900122028373       0.50454781706680840        1.9191579537490826        5.0128022839540298        9.9932238687906985        16.613620647042101        24.442119422930162        33.053271300206916        42.100341154984527        51.318293267371210     
   1.8523222156741213       0.56713032673042685        2.2397370906065097        5.9141704083589595        11.786336510427612        19.531266534480274        28.646093877291023        38.658157980073987        49.189477025377606        59.949041563052340     
   2.0280871538024625       0.64023174530507732        2.6195416718235203        6.9691303308434716        13.853133454806070        22.853435005134003        33.394731324742594        44.960864334814872        57.145108229405629        69.630077078903710     
   2.2205302450155360       0.72589194327856932        3.0681357869967383        8.1958475366296764        16.216777080045130        26.606127943505740        38.718533016923850        52.000016721043842        66.017442230717592        80.425898236696128     
   2.4312340619997870       0.82652024361577647        3.5959387846988813        9.6125134409504227        18.898982813431932        30.813401095167833        44.647146500000233        59.815308067328779        75.859553656956621        92.405338010633898     
   2.6619313461261318       0.94491689185896655        4.2140595478585299        11.236898062475310        21.919721904700030        35.497738521602734        51.210432028229398        68.448669826694243        86.728104717239177        105.64172347474863     
   2.9145192568009906        1.0843103188115863        4.9341444532709193        13.086042574149809        25.297256356067773        40.680844526473919        58.439658836202312        77.945006252852622        98.683270701407778        120.21230518261292     
   3.1910749729235515        1.2483724285777429        5.7681625909131524        15.175962576700714        29.048268542520191        46.384436191994645        66.368179462178261        88.351880953756165        111.78771975084929        136.19736090329042     
   3.4938727747491285        1.4412491872413729        6.7282439668510827        17.521550657707085        33.188306653598140        52.631202248130244        75.031727768441996        99.718763088605655        126.10595419081822        153.68061063314553     
   3.8254027466328799        1.6675453650283365        7.8264376077948059        20.136419782796217        37.732140642914658        59.445290247171137        84.467730678260295        112.09583075806513        141.70427481607848        172.75061950187319     
   4.1883912544574775        1.9323242311968667        9.0745604740851515        23.032951649432487        42.694375563656365        66.852648338033234        94.714451567206893        125.53383300893788        158.65234746351726        193.50293381580127     
   4.5858233661428098        2.2410744880797457        10.484026884679999        26.222332923106215        48.089978976059548        74.880737670648841        105.81007820247474        140.08499074769907        177.02487506896304        216.04055390683308     
   5.0209673996144657        2.5996375459731573        12.065644887223021        29.714548081067342        53.934620598129477        83.557613671588896        117.79238488278999        155.80440097323284        196.90178504321833        240.47174891962266     
   5.4974018001037450        3.0141834905734717        13.829592232806657        33.518685498214602        60.245214330204000        92.911261283185198        130.69998126229660        172.75140556183300        218.36701518377245        266.90621046347837     
   6.0190445678066622        3.4911265738632435        15.785288558600696        37.643091941702934        67.039888149552553        102.96887594884737        144.57366049678700        190.98879191909924        241.50478905423947        295.44852955053329     
   6.5901854779032725        4.0370562516992399        17.941339066252180        42.095683195646956        74.337709857389484        113.75713072552989        159.45730282904250        210.58045230180468        266.39446792651796        326.19407885539641     
   7.2155213579010242        4.6586465120794900        20.305446539252042        46.884242084626010        82.157963576444857        125.30321886484455        175.39716522017193        231.58732904200602        293.10743564347695        359.23613785397373     
   7.9001947124089602        5.3625863547000918        22.884386647961243        52.016837194230128        90.519418300648397        137.63626015850500        192.43984048116550        254.06358375996754        321.71363453232493        394.67886285434088     
   8.6498360129766851        6.1555148301058580        25.684001329357631        57.502229610310437        99.439915834190941        150.78788633297279        210.62901002189932        278.05882492684202        352.29190224746122        432.63340678356417     
   9.4706100007722398        7.0439311920205405        28.709144887482385        63.350068758339809        108.93657218480084        164.79128263041886        230.00252375478030        303.62768744474243        384.92612497106740        473.19888584767074     
   10.369266382873457        8.0341179703991852        31.963679646637257        69.570910343916566        119.02683514307752        179.67906316605468        250.59488462830052        330.83255534468418        419.68978138979463        516.45648355316689     
   11.353195339077612        9.1321606209487936        35.450714971705530        76.176250743927625        129.73015343264748        195.48082203993025        272.44563472704874        359.73242133257543        456.64283446184055        562.49743406598122     
   12.430488295695186        10.343732852090131        39.172361228343654        83.177442116648407        141.06777113425423        212.22062556465863        295.59997218510148        390.37183864288534        495.85286970723922        611.42306611047979     
   13.610004466105526        11.674213079665918        43.130276223602124        90.585658967134634        153.06276713579962        229.92179633799049        320.10013400180827        422.79535157918457        537.39635900915675        663.31225773716756     
   14.901443705277449        13.128486910293171        47.325572658371499        98.411046634725651        165.73750342702604        248.61297777806902        345.97671214873293        457.06035837802546        581.33072862971483        718.24416435845433     
   16.315426277379739        14.710920190285799        51.759160589457352        106.66311915096574        179.11121350416164        268.32720942507103        373.26005432914775        493.21281592464288        627.71341638749914        776.30588801968258     
   17.863580192457370        16.425405445987792        56.432271601925322        115.35210345137814        193.19926781507309        289.09205248275111        401.99230431888117        531.28928647004216        676.60985674498613        837.56712566507872     
   19.558636830395095        18.275227655599792        61.346597367232143        124.48975956876760        208.01614579365133        310.92514596833882        432.20838180618335        571.34616314002938        728.07636753051327        902.11828136016948     
   21.414535638539547        20.263048685222437        66.504633039711621        134.08964140759792        223.58058806983288        333.84968585253165        463.93149977087529        613.42124851098663        782.17429647526353        970.01463294140422     
   23.446538763970572        22.390915062048684        71.909909796457939        144.16649054143002        239.91501319983797        357.89857303782355        497.19460501088514        657.54723257767205        838.94044597013772        1041.3250112159951     
   25.671356563109935        24.660250124964357        77.566928609860085        154.73526761112473        257.03962770972822        383.09075666883410        532.03467784989948        703.76520095367789        898.43171062343038        1116.1259103955404     
   28.107285020807289        27.071765206767299        83.480729516142077        165.80840517684376        274.96671790177447        409.43719165820283        568.48776191333400        752.13548983152236        960.72189067400996        1194.5058671367831     
   30.774356208980628        29.625631653377386        89.656839202242651        177.39318373079081        293.70641278666812        436.96596187608293        606.56510517858499        802.69505728337811        1025.8689402552893        1276.5210834243217     
   33.694503022121602        32.321391007747486        96.100335135009729        189.49541076170627        313.27465522119871        465.71160918451415        646.27761724401364        855.44030783060271        1093.8643039376616        1362.1502133616782     
   36.891739544382439        35.157979081255519        102.81550368692170        202.12939910354126        333.69287949668535        495.69139785700241        687.69236343237810        910.39826929788853        1164.7322256205580        1451.5326973220947     
   40.392358531509046        38.133576887872820        109.80728432479582        215.31389214019268        354.98156355078038        526.88656102506206        730.87217850203990        967.72012170105131        1238.6955517865617        1544.9030887471167     
   44.225147631630513        41.245476131934765        117.08323529676584        229.05658290050079        377.14010501036063        559.32739620592565        775.74973731600755        1027.4191925583386        1315.7506204752899        1642.0026343734846     
   48.421626123015102        44.490242131343877        124.65197287900378        243.35778064074870        400.15834976674506        593.11009740528368        822.30180263501359        1089.2756876708038        1395.5857560552752        1742.8059382452038     
   53.016304115627769        47.864205849794175        132.52089091489026        258.23830541861190        424.09536701237164        628.21496005994982        870.78225654260973        1153.5817395724648        1478.7001834107307        1848.1279206009563     
   58.046966348054411        51.363871462090700        140.69784025151151        273.72668731404787        448.99930334690629        664.51046388844634        921.17826498692750        1220.6239098813892        1565.3485680027247        1957.3750263676723     
   63.554982913623071        54.985826296613858        149.19318013093678        289.80566074946540        474.79142653912800        702.20317951175809        973.11061012708046        1289.8014081708211        1654.6182798717475        2070.0001983905427     
   69.585649471004459        58.726085920025298        158.01421791644597        306.45293343809021        501.46348444617644        741.45545989134757        1027.0624660999433        1361.2803759084750        1747.1639799582372        2187.9130244924572     
   76.188559737046049        62.580033562410279        167.15868244596106        323.73582995016761        529.21397842708723        781.89442518539113        1083.3004266430780        1436.1256937540102        1844.0454249970201        2309.8835528796740     
   83.418013325063441        66.544713493305125        176.63112245656413        341.67593108954122        557.95875859902162        823.58610477585592        1140.9749696828667        1513.0049095066488        1943.1162334623687        2434.8926779082644     
   91.333462282486295        70.619101046396850        186.45770625853882        360.16383648562436        587.42749300394200        867.16253910606019        1200.5291798918363        1592.0104825866467        2045.6743836948328        2566.1997588622626     
   100.00000000000004        74.802238006487386        196.63636044421258        379.27915412667483        618.07353972533224        911.91346219083232        1262.9799007318479        1675.1092520727807        2153.3906768063621        2701.3405651652488     
