   1.0000000000000002E-003   2.2852683850209692E-008   5.0637382631582800E-008   8.7373574258817563E-008   1.3049670593790306E-007   1.7694856665249658E-007   2.2381743942522629E-007   2.6884405824467904E-007   3.1063965341487144E-007   3.4843194258445306E-007
   1.0948889651276870E-003   3.2638840296544091E-008   7.2315345256028894E-008   1.2478187837507613E-007   1.8637588444034146E-007   2.5272281218563334E-007   3.1966495512925492E-007   3.8397336700139035E-007   4.4366512896375839E-007   4.9763909072743362E-007
   1.1987818459583783E-003   4.6595157643032694E-008   1.0322846700731914E-007   1.7812857745351358E-007   2.6606307757777502E-007   3.6078579173487300E-007   4.5635460090801248E-007   5.4816133247885167E-007   6.3337676583087171E-007   7.1042725690566159E-007
   1.3125330147352270E-003   6.6485786302535534E-008   1.4728267402262003E-007   2.5415341462140495E-007   3.7963220381153455E-007   5.1479608906643314E-007   6.5116617885461880E-007   7.8216507510294865E-007   9.0375457076602694E-007   1.0136934054177012E-006
   1.4370779141993756E-003   9.4811620708162716E-008   2.1001585184866749E-007   3.6241737253869340E-007   5.4136250494351164E-007   7.3412088678245298E-007   9.2859676428783906E-007   1.1154081336620644E-006   1.2887989408290420E-006   1.4455732780299937E-006
   1.5734407502856105E-003   1.3511792537639968E-007   2.9927837801297581E-007   5.1646733428748609E-007   7.7149730204104415E-007   1.0462156315883356E-006   1.3233759630392939E-006   1.5896089372403982E-006   1.8367113542441791E-006   2.0601300118867504E-006
   1.7227429147699432E-003   1.9241260551790267E-007   4.2615899624030717E-007   7.3544645243839909E-007   1.0986330890376792E-006   1.4898624776966417E-006   1.8845623263828875E-006   2.2636947718794110E-006   2.6155807791593394E-006   2.9337305112250848E-006
   1.8862122071335180E-003   2.7376889191533037E-007   6.0631929079573548E-007   1.0463756840150890E-006   1.5631558268203069E-006   2.1198271135168582E-006   2.6814343477243678E-006   3.2208823365765955E-006   3.7215528201691432E-006   4.1742185867089429E-006
   2.0651929314796274E-003   3.8914632245025303E-007   8.6180843824659359E-007   1.4873265234549781E-006   2.2219236709658941E-006   3.0132328236879292E-006   3.8115454147286525E-006   4.5783489160217821E-006   5.2900225340805147E-006   5.9334567866800097E-006
   2.2611569515367451E-003   5.5254447181858393E-007   1.2236148449865571E-006   2.1117836613222221E-006   3.1548596674442340E-006   4.2784634765811830E-006   5.4120004738346920E-006   6.5007827171243558E-006   7.5112750799101110E-006   8.4248616213159052E-006
   2.4757157946593421E-003   7.8356608830730823E-007   1.7351478566002432E-006   2.9946426420609554E-006   4.4738604377970360E-006   6.0672872850485264E-006   7.6747792771425335E-006   9.2187767680178378E-006   1.0651731229708085E-005   1.1947260075892504E-005
   2.7106339043648361E-003   1.1095920114598602E-006   2.4570089080191053E-006   4.2405282115855236E-006   6.3352332201366736E-006   8.5916703492160029E-006   1.0868006074103519E-005   1.3054399181110026E-005   1.5083506537411614E-005   1.6917967101040713E-005
   2.9678431503900389E-003   1.5687553279136247E-006   3.4735938927076858E-006   5.9950986409381937E-006   8.9566314547238285E-006   1.2146800227183010E-005   1.5365067215264438E-005   1.8456129605194294E-005   2.1324805964044379E-005   2.3918323380102580E-005
   3.2494587155918438E-003   2.2139113244234221E-006   4.9019194912640059E-006   8.4602646774137432E-006   1.2639687228705751E-005   1.7141748527425400E-005   2.1683396232815519E-005   2.6045489838046348E-005   3.0093712726975242E-005   3.3753547035162774E-005
   3.5577964903394962E-003   3.1179675885855283E-006   6.9033055285132793E-006   1.1914506868943434E-005   1.7800387976759930E-005   2.4140630223567644E-005   3.0536593556016966E-005   3.6679532062923666E-005   4.2380404931369791E-005   4.7534517357967667E-005
   3.8953921174427275E-003   4.3811105309130940E-006   9.6994828485699580E-006   1.6740369428235472E-005   2.5010338683528792E-005   3.3918677918330233E-005   4.2905128562123278E-005   5.1536141475401180E-005   5.9545960745398697E-005   6.6787063918561087E-005
   4.2650218442334201E-003   6.1402448893068959E-006   1.3593344361122876E-005   2.3460616891173797E-005   3.5050399803834182E-005   4.7534721516320285E-005   6.0128332992410383E-005   7.2223468612578974E-005   8.3447851305579296E-005   9.3595194131498326E-005
   4.6697253532797080E-003   8.5812411010612430E-006   1.8996161393664511E-005   3.2784754643018739E-005   4.8980470144170226E-005   6.6426062216253393E-005   8.4023947231478223E-005   1.0092536213521545E-004   1.1660983820726585E-004   1.3078815229670482E-004
   5.1128307594829414E-003   1.1955008992446366E-005   2.6462730046065696E-005   4.5670190390716533E-005   6.8230646233945034E-005   9.2531861112538140E-005   1.1704521495317421E-004   1.4058713204425114E-004   1.6243324196635084E-004   1.8218271073411693E-004
   5.5979819791232878E-003   1.6597794391493725E-005   3.6736855179391638E-005   6.3399829275011230E-005   9.4716988854972196E-005   1.2845007244303991E-004   1.6247707799556469E-004   1.9515483943304853E-004   2.2547763498129982E-004   2.5288925391018618E-004
   6.1291686959257363E-003   2.2956954060827213E-005   5.0807670684886585E-005   8.7679889340311001E-005   1.3098797065510769E-004   1.7763595016709698E-004   2.2468849972490348E-004   2.6987463729781318E-004   3.1180344609329656E-004   3.4970416763251355E-004
   6.7107591705751436E-003   3.1623318890260889E-005   6.9980658730829396E-005   1.2076184829900903E-004   1.8040551019066664E-004   2.4464750748068033E-004   3.0944440212791796E-004   3.7166841154873386E-004   4.2940483713184717E-004   4.8159270691678838E-004
   7.3475361634921530E-003   4.3369800501788545E-005   9.5964142657742191E-005   1.6559139769421790E-004   2.4736765846651918E-004   3.3544530736216114E-004   4.2428119536142554E-004   5.0958425401264370E-004   5.8873075654334206E-004   6.6027185627123060E-004
   8.0447362662841772E-003   5.9198882392396941E-005   1.3097179696244435E-004   2.2598455176094280E-004   3.3757195916675215E-004   4.5775108129438919E-004   5.7895897821110898E-004   6.9534155398715165E-004   8.0331815881092342E-004   9.0091193234957364E-004
   8.8080929653170624E-003   8.0396451187831895E-005   1.7784330999939747E-004   3.0683475490423122E-004   4.5832141922206373E-004   6.2146296728702102E-004   7.8598948673079961E-004   9.4395886113264756E-004   1.0905078745804232E-003   1.2229445922667650E-003
   9.6438837915444661E-003   1.0859358657151644E-004   2.4017622532156849E-004   4.1434150321428820E-004   6.1886736279316188E-004   8.3911485980843481E-004   1.0612160980313708E-003   1.2744398370836067E-003   1.4722263111743036E-003   1.6509576801362813E-003
   1.0558981944335792E-002   1.4583087340292006E-004   3.2247201760493322E-004   5.5625510093358285E-004   8.3076988243040769E-004   1.1263637803017078E-003   1.4244095803455030E-003   1.7105085428367759E-003   1.9758668318233122E-003   2.2156325752524871E-003
   1.1560912813835747E-002   1.9462268692951851E-004   4.3027010596633023E-004   7.4211211518906072E-004   1.1082498483736285E-003   1.5024623148719924E-003   1.8998903905997522E-003   2.2813295078225482E-003   2.6350593480367729E-003   2.9546183392347258E-003
   1.2657915866672035E-002   2.5800882579633024E-004   5.7026550945489670E-004   9.8343106861351515E-004   1.4684770836629591E-003   1.9906369570680633E-003   2.5169896217944808E-003   3.0220800089460682E-003   3.4903717251659081E-003   3.9133291302601613E-003
   1.3859012403933871E-002   3.3957124002015538E-004   7.5033339670069210E-004   1.2937495417630505E-003   1.9316158978696370E-003   2.6181772154040121E-003   3.3101047674222476E-003   3.9739238558161773E-003   4.5892302611877118E-003   5.1448347793617739E-003
   1.5174079748634946E-002   4.4338906052560626E-004   9.7943203877496926E-004   1.6884515875183561E-003   2.5205574338470040E-003   3.4160165810383108E-003   4.3182308851676138E-003   5.1835437011662610E-003   5.9853667189530418E-003   6.7091190026745068E-003
   1.6613932472747905E-002   5.7447633377264004E-004   1.2685595857354452E-003   2.1864165545245917E-003   3.2633784130939977E-003   4.4220257788641594E-003   5.5890442200032097E-003   6.7079183422914974E-003   7.7442692365547825E-003   8.6793113079494857E-003
   1.8190411331788243E-002   7.3621741538751903E-004   1.6251014569785833E-003   2.8002534261436065E-003   4.1787484656997682E-003   5.6613048976901763E-003   7.1539895451603591E-003   8.5844395021768896E-003   9.9086910130115821E-003   1.1102817655737358E-002
   1.9916480638308576E-002   9.3358795841880855E-004   2.0599098796199242E-003   3.5485015227028735E-003   5.2941079588778809E-003   7.1707389788955656E-003   9.0592708461492283E-003   1.0867939203061162E-002   1.2541217284260412E-002   1.4049163551342980E-002
   2.1806334875063296E-002   1.1696753075911767E-003   2.5796130591899972E-003   4.4423647498097922E-003   6.6258790213890254E-003   8.9721414949361974E-003   1.1331800410712401E-002   1.3590010577801707E-002   1.5677513250634174E-002   1.7557221035118427E-002
   2.3875515424585839E-002   1.4484400517950284E-003   3.1927427048106631E-003   5.4962809659972259E-003   8.1952235671808316E-003   1.1093597440054205E-002   1.4006217223779727E-002   1.6791179893346622E-002   1.9363195656415571E-002   2.1676829714677211E-002
   2.6141038375114913E-002   1.7713647381732884E-003   3.9023362832211364E-003   6.7152021513118458E-003   1.0009081758732797E-002   1.3543790051988407E-002   1.7092648241776195E-002   2.0482402594893680E-002   2.3609356030931863E-002   2.6418794987722208E-002
   2.8621534453892730E-002   2.1389179110885767E-003   4.7092047045624950E-003   8.1001552212468901E-003   1.2068561221756303E-002   1.6323573948070390E-002   2.0591175807102274E-002   2.4662396976973252E-002   2.8413046276630487E-002   3.1778629151376379E-002
   3.1337402238589059E-002   2.5527487258903817E-003   5.6167099448200175E-003   9.6567287235806657E-003   1.4381560111757855E-002   1.9443015841658005E-002   2.4513423026699503E-002   2.9344112619083762E-002   3.3788298344809814E-002   3.7770685314156352E-002
   3.4310975906798831E-002   3.0190244597268412E-003   6.6381558086798824E-003   1.1407444783945000E-002   1.6981296518060518E-002   2.2946496060361268E-002   2.8914922107496636E-002   3.4593099663471620E-002   3.9809422274823932E-002   4.4477569618760829E-002
   3.7566708903115982E-002   3.5491173790538804E-003   7.7984032376151400E-003   1.3394813096997343E-002   1.9930824605459477E-002   2.6918895726623964E-002   3.3902168722295817E-002   4.0536968298571570E-002   4.6623922770541830E-002   5.2064310850775397E-002
   4.1131375034185735E-002   4.1709287015158454E-003   9.1582879330049920E-003   1.5722924091371861E-002   2.3384324151402361E-002   3.1567787781677188E-002   3.9735949507146429E-002   4.7486992612552695E-002   5.4589822777559659E-002   6.0931759134065407E-002
   4.5034288645458394E-002   4.9389725822134283E-003   1.0836619518375584E-002   1.8594044213670963E-002   2.7640308868505090E-002   3.7292900474050296E-002   4.6915974931233360E-002   5.6037177116143373E-002   6.4387374580808079E-002   7.1837388810991984E-002
   4.9307545690287481E-002   5.9217817004702262E-003   1.2981920766806460E-002   2.2260050855082529E-002   3.3067957295578106E-002   4.4585755028545469E-002   5.6053099626178937E-002   6.6909566564010217E-002   7.6838932061074380E-002   8.5691529173401157E-002
   5.3986287673825017E-002   7.1888059727144883E-003   1.5743456425620445E-002   2.6971362546180298E-002   4.0031065577149451E-002   5.3925763467687883E-002   6.7737857574136626E-002   8.0796457393216600E-002   9.2726759598690908E-002  0.10335422175627509     
   5.9108990642279875E-002   8.8113133062090541E-003   1.9272677127604301E-002   3.2978478771757462E-002   4.8887774815339687E-002   6.5778254248548232E-002   8.2535119135284038E-002   9.8350483338131900E-002  0.11277813486723415       0.12561445579096406     
   6.4717781594067936E-002   1.0751343754197116E-002   2.3482965310212527E-002   4.0128586758761221E-002   5.9406233695051533E-002   7.9827732011124169E-002  0.10004714874003237       0.11909678618464663       0.13644811804623153       0.15186573268861867     
   7.0858784914888756E-002   1.2843255999643685E-002   2.8014687870000509E-002   4.7814870518329951E-002   7.0708788034555062E-002   9.4928222949101027E-002  0.11887992956457316       0.14142215133761180       0.16193645298923726       0.18015264506608206     
   7.7582501685667909E-002   1.4765297853988904E-002   3.2181671141363624E-002   5.4906010213391865E-002   8.1197249835887081E-002  0.10904194464083553       0.13660861362769938       0.16257784757942317       0.18623434329332850       0.20726517538372960     
   8.4944224982638025E-002   1.6313011450739247E-002   3.5563827104676371E-002   6.0747239499983938E-002   9.0008979781610488E-002  0.12114685346664991       0.15210345618494628       0.18137700687785366       0.20813971382855520       0.23201545241991195     
   9.3004494584813954E-002   1.7688248752973479E-002   3.8615841580338546E-002   6.6148323272927148E-002   9.8387467100767415E-002  0.13294814191759943       0.16752544859071344       0.20041213101352595       0.23064197812179363       0.25774872286626233     
  0.10182959482819059        1.9607184376356196E-002   4.2869667457001728E-002   7.3659032298170279E-002  0.10996727099294919       0.14911459573671804       0.18847129682235267       0.22608306900875927       0.26081770746214861       0.29210027221409024     
  0.11149209970080924        2.2983621774601681E-002   5.0229740128163218E-002   8.6339928805007404E-002  0.12894007397846946       0.17482878341004421       0.22094497932990534       0.26504750580031011       0.30583042570191887       0.34261554281823575     
  0.12207146966133181        2.7847980868080414E-002   6.0715581055341555E-002  0.10412434149646310       0.15504595403136037       0.20958273663907537       0.26418559664101637       0.31630770640800010       0.36447236121582177       0.40790841332017308     
  0.13365470508911154        3.2338342157288133E-002   7.0489127310729371E-002  0.12090945849464674       0.17998276393366758       0.24322608092113093       0.30663563821265294       0.36730729288318581       0.42351807911196571       0.47433494032658874     
  0.14633706173946351        3.4730696358292297E-002   7.6169778856163176E-002  0.13163980379890303       0.19736983733749944       0.26856518716820510       0.34076184483508798       0.41052722788455931       0.47568961795573717       0.53499425063844341     
  0.16022283408774773        3.6931623180828134E-002   8.1758279433411019E-002  0.14275336366764685       0.21610664417210995       0.29672627879552660       0.37953425076605496       0.46038453481040537       0.53651102806206685       0.60623970177153430     
  0.17542621300415920        4.2643354024448403E-002   9.4544663503417656E-002  0.16513821474719154       0.25006118641111541       0.34364814840867791       0.44010080097057880       0.53459627673447996       0.62386224708845139       0.70587012841025143     
  0.19207222481239303        4.9942628832353633E-002  0.11057063294168593       0.19258399749703664       0.29100644911342194       0.39956145140709975       0.51170797416998304       0.62192867747851621       0.72641911669268655       0.82275033140415021     
  0.21029775945461360        5.3677559880933055E-002  0.12015592065145660       0.21150100879751876       0.32294521211662647       0.44768238565887908       0.57805740483340939       0.70734859296969876       0.83076719929039455       0.94517769281908515     
  0.23025269621793309        5.8314365439477663E-002  0.13197821330086801       0.23471208757233544       0.36196830186011503       0.50623798790117491       0.65853607378996393       0.81073581919312543       0.95690784719494681        1.0930918350125622     
  0.25210113627991265        6.7134374375625069E-002  0.15179863417987702       0.26972390066282270       0.41627109983674615       0.58334618164658725       0.76088271896572779       0.93948842110502617        1.1120914359452545        1.2737887741833840     
  0.27602275220902728        7.2781294113957590E-002  0.16669334363201518       0.29986581955923430       0.46812400027701795       0.66251055153296956       0.87118321671313859        1.0827763476021219        1.2885474767643317        1.4823327479108706     
  0.30221426551783803        8.0353894199206174E-002  0.18575280249360371       0.33718641238821867       0.53102429270796270       0.75755748438570802        1.0031035695510488        1.2540863816490826        1.4997915987501802        1.7324905726478956     
  0.33089106441964966        8.9163427144278953E-002  0.20781358447501344       0.38034398442974193       0.60402823398802885       0.86858860619080569        1.1583024531452006        1.4569385663884660        1.7513324748428207        2.0317716472777172     
  0.36228897509242902        9.7382808063599557E-002  0.23034280078474423       0.42714601385758499       0.68630158094746430       0.99678153584851792        1.3402768395579479        1.6972503696558447        2.0515065039743381        2.3908865125231862     
  0.39666620101612027       0.10741869783830015       0.25715526013957229       0.48212881483807685       0.78286087219308920        1.1479859979698988        1.5563030805441860        1.9842577056843536        2.4118684791365168        2.8238879374895030     
  0.43430544633167090       0.11772024768446532       0.28639010347417271       0.54424987852526940       0.89454047712742168        1.3256390133464648        1.8128537788570667        2.3277005522226508        2.8455404505730626        3.3473092172073686     
  0.47551624068340170       0.12900973183614417       0.31943551353821020       0.61574946730052582        1.0250124001619427        1.5356678437716933        2.1188569307479823        2.7400384183386777        3.3688233968303734        3.9814443562024247     
  0.52063748466325777       0.14152376626929147       0.35702040383035555       0.69839958017036363        1.1780444482482699        1.7848637724199921        2.4849400273341038        3.2362679934301148        4.0014029584726334        4.7508165207047686     
  0.57004023678963622       0.15506787065036859       0.39957966963067365       0.79410277239245619        1.3581108493063159        2.0813937392047404        2.9238387002808479        3.8342818002919339        4.7666779204684921        5.6845430132767101     
  0.62413076493974640       0.16996382423444581       0.44821856956918893       0.90553417728710428        1.5708088740691686        2.4351631972880723        3.4507925548424785        4.5553020375621562        5.6922638502267722        6.8168795431299296     
  0.68335388732923041       0.18641467264684003       0.50408065542963543        1.0357979968814994        1.8228099615869937        2.8579347865705280        4.0837127595883231        5.4240487259982437        6.8101119170700946        8.1873333436939504     
  0.74819663051388374       0.20463546761248136       0.56854806676747682        1.1886576270735949        2.1221182828398355        3.3635842984519391        4.8433931740950147        6.4688555752321104        8.1565358721577574        9.8405939573085242     
  0.81919223449536838       0.22489525265823582       0.64331725809099505        1.3686541499037037        2.4782276045512490        3.9682163361003822        5.7534827712338279        7.7214467204942689        9.7717681087815276        11.825897274116821     
  0.89692453786727211       0.24752770880513289       0.73045966815547148        1.5812472604584686        2.9022811273306193        4.6902029456718468        6.8402879572714204        9.2164288898776370        11.699125148180016        14.195890608371789     
  0.98203277906312625       0.27293695392990835       0.83249311105602897        1.8329513482639337        3.4071649774081578        5.5500489103415953        8.1322577238626188        10.990334213314121        13.983615608661523        17.004834328276964     
   1.0752168531898927       0.30160734963572383       0.95247112852081484        2.1314788065122090        4.0075210989966630        6.5700460308600519        9.6591407655143229        13.080241049406215        16.670038108301306        20.306242083320615     
   1.1772430676769294       0.33412269824974072        1.0940869617380728        2.4858613693730494        4.7196353442011665        7.7736749240629246        11.450790053443461        15.521988019025564        19.800686330981513        24.150130603021569     
   1.2889504440725368       0.37118868492908158        1.2617869040769227        2.9065300532389471        5.5611602222912948        9.1847393759572142        13.535657200345897        18.348144425277997        23.412903367703617        28.580246840078864     
   1.4112576178114535       0.41365783893033498        1.4608905573280839        3.4053332408892891        6.5506625573445261        10.826259195960032        15.939149517211387        21.586012076767616        27.536919961677345        33.631829427863096     
   1.5451703926941469       0.46255927747273157        1.6977192690201985        3.9954755180655108        7.7069971146103375        12.719253103510590        18.682067904857117        25.256058391882636        32.194502354726126        39.330550577612065     
   1.6917900122028373       0.51913314857379067        1.9797172308988433        4.6913523400837178        9.0485389222839974        14.881554528388408        21.779472196965497        29.371241324164746        37.398933430330494        45.693203203415933     
   1.8523222156741213       0.58487031604996587        2.3155645749182270        5.5082812867434683        10.592377898277940        17.326920818302785        25.240332239068344        33.937596505859844        43.156724738609491        52.730458885550924     
   2.0280871538024625       0.66155853501721951        2.7152660896145910        6.4621447615159298        12.353605774731928        20.064714000296767        29.068280003262196        38.956392791362418        49.471119609261379        60.451562206712126     
   2.2205302450155360       0.75133234447562658        3.1902105636620028        7.5689850472744453        14.344884047918617        23.100392075028587        33.263644071680474        44.427750309352817        56.347031809018610        68.870236431387752     
   2.4312340619997870       0.85670529936352502        3.7531056456486520        8.8444215693448118        16.576151829573227        26.436513986740877        37.826058250546119        50.354526310387072        63.795650141034209        78.009512817941115     
   2.6619313461261318       0.98067054800549935        4.4181502415870701        10.303932270491941        19.056216946515121        30.076688818832945        42.760673689206072        56.750115194150617        71.842974887543321        87.910537680319322     
   2.9145192568009906        1.1267390650029994        5.2008104407011970        11.962186820569606        21.793028806132352        34.026933324790200        48.080092907863701        63.639702842561967        80.529520421511350        98.630522482155982     
   3.1910749729235515        1.2989657348435271        6.1177277484487593        13.833582409754435        24.796068008075508        38.300267991008440        53.809640797660414        71.065264644548066        89.914619307855276        110.24625986732589     
   3.4938727747491285        1.5020159127265389        7.1867478153103006        15.932898231837362        28.078757500609957        42.919813855628313        59.990240950861654        79.086780569968667        100.07603486659275        122.85383533193396     
   3.8254027466328799        1.7411963261726213        8.4268528149260984        18.276357700702707        31.660851031397833        47.921264765227932        66.679083157489544        87.781301618694357        111.10874680310610        136.56760734436415     
   4.1883912544574775        2.0224538414490532        9.8583769332077402        20.883019990972599        35.570542189975249        53.353890363071052        73.948358729514297        97.240159528717371        123.12296742917827        151.52067427437930     
   4.5858233661428098        2.3524045222227605        11.503384501798822        23.776376471391714        39.845695799979048        59.279482351405470        81.881863768244855        107.56581810232382        136.24279564518156        167.86428644333577     
   5.0209673996144657        2.7382816942447841        13.386267661967135        26.985855293990767        44.533888428132848        65.769604647893743        90.570364882250914        118.86809826579470        150.60351518015980        185.76495171789981     
   5.4974018001037450        3.1879352281054500        15.534812739669826        30.548116861037570        49.691627122135728        72.901947723708616        100.10761222070541        131.26162062863224        166.34797155088074        205.39779302371016     
   6.0190445678066622        3.7098084828627784        17.981720160382476        34.508258950591191        55.383076158813331        80.757244320664412        110.58845914563494        144.86374393148390        183.62093394319669        226.93682601737495     
   6.5901854779032725        4.3129299570884427        20.766423184503228        38.920512200077255        61.679182196772857        89.418189415119215        122.10978188286602        159.79312064066758        202.56332722197845        250.54608905982866     
   7.2155213579010242        5.0069440440954809        23.937427544044215        43.849366773411994        68.658600494174735        98.972294757773824        134.77507969728555        176.17155828760184        223.31203951324972        276.38121154274450     
   7.9001947124089602        5.8022129612942264        27.555144064594266        49.371809016139849        76.410900233628738        109.51987019277928        148.70351236343265        194.13183108057771        246.01131132576623        304.61077180654917     
   8.6498360129766851        6.7100283070939764        31.695242918928127        55.581221795420795        85.043912375792132        121.18662863933558        164.04211635020471        213.83367344517538        270.84217676171386        335.45113109483304     
   9.4706100007722398        7.7429352245852359        36.452782961233424        62.593526256955691        94.693332089141677        134.13725266164954        180.98084134894214        235.49037642151927        298.05847636473942        369.18800091251393     
   10.369266382873457        8.9151903275072968        41.947262383183599        70.555498418302903        105.53449640542787        148.58768084255016        199.76763901927276        259.39740000760446        328.00104519720929        406.17827265237730     
   11.353195339077612        10.243522012652686        48.329745239286481        79.655216810198425        117.79465439128543        164.81406490456371        220.72547644884631        285.94423817308137        361.08942636246024        446.87246535544381     
   12.430488295695186        11.747854850626499        55.791378588742198        90.132670815516420        131.76285507166190        183.15855091231180        244.26635840819500        315.59973236257207        397.83167469915787        491.86508949824162     
   13.610004466105526        13.452607066887284        64.575916716795319        102.29356320868182        147.80230465211409        204.04353260565748        270.89957449964311        348.91510506869827        438.87657432300250        541.88839495725927     
   14.901443705277449        15.387921853949807        74.995255332192954        116.52561464944053        166.36723280331051        228.00021473452321        301.23667460037967        386.58075102067625        485.01773093023337        597.76811645720863     
   16.315426277379739        17.591406357627147        87.450482701728916        133.32288924993321        188.03108482264676        255.71110582960705        336.03265061971399        429.48785715253013        537.18270213133246        660.53819058835143     
   17.863580192457370        20.110432894793909        102.46019956069377        153.32102324403570        213.52785519702039        288.04947726294972        376.27762278030343        478.73398009313325        596.58610887116390        731.54205989284480     
   19.558636830395095        23.004795999757508        120.69696777181707        177.34333542876965        243.80718770004967        326.12066933233842        423.27063110013518        535.72124156095015        664.81406195491184        812.41830782011175     
   21.414535638539547        26.350300203152901        143.03585450964886        206.46047353844784        280.10818946402594        371.34738179599833        478.64108470793224        602.31200560038121        743.82605256114653        905.34391399709307     
   23.446538763970572        30.243525085231056        170.61910670141464        242.06719434705340        324.05379447767154        425.61272848788826        544.50128281024615        680.85089449983957        836.22177681874780        1013.0403422159681     
   25.671356563109935        34.808025120149580        204.94078462684220        285.98267886925407        377.75390461777891        491.37339576993088        623.64215360674541        774.39392760215185        945.30202854515471        1139.0760093006033     
   28.107285020807289        40.202319991739010        247.95892732873372        340.58479447382922        443.93940796179834        571.78249339866613        719.65622324614935        886.94857318477398        1075.3743038361158        1287.9829672799008     
   30.774356208980628        46.630904790223738        302.24420002689590        408.99015789802428        526.18319099461007        670.99223834599218        837.23756153983493        1023.6811861244212        1232.0731297195020        1465.7689860572921     
   33.694503022121602        54.358219589470401        371.17709593784434        495.29842639320293        629.23680885387114        794.52623763126007        982.63830467253217        1191.4245272073131        1422.7151679716096        1680.0852708229634     
   36.891739544382439        63.727455961564168        459.20953188779913        604.92224550378921        759.35639699803949        949.49526924576537        1163.8485020865537        1399.1248905612968        1656.7795148897633        1941.4418695229126     
   40.392358531509046        75.185477342405036        572.21365230310937        745.03368683929148        924.71967295349737        1145.5051693567975        1391.6942393545467        1658.6348926964722        1947.2138969516357        2261.8644771822824     
   44.225147631630513        89.316118188502656        717.94967161236582        925.07849393731249        1136.1314035332309        1394.7732866012134        1680.3255007766643        1984.5682264118948        2310.7235643018180        2661.2417877120733     
   48.421626123015102        106.88472390145890        906.68745759196690        1157.5239173302220        1408.0025422331760        1714.2945822536574        2048.1641767892534        2399.6408221722513        2766.7831551896511        3160.5805506897254     
   53.016304115627769        128.89640784878719        1152.0367273400332        1458.7532948368905        1759.0848394090260        2125.6081952529394        2518.8763218562481        2928.0485490451401        3349.6991242077283        3788.0897935804510     
   58.046966348054411        156.67230336125289        1472.0248266311071        1850.8032213141091        2215.0736225266469        2656.9544296034719        3129.2304680170059        3604.8955432924108        4092.6890513961644        4589.7196562730423     
   63.554982913623071        191.94887837907157        1890.5279320323714        2362.5926022491963        2807.8274812938880        3347.7558369993903        3914.5766504384806        4483.3857849565111        5043.7528989013335        5616.7648890420151     
   69.585649471004459        237.01149054379130        2439.0734357324736        3032.5509929607383        3582.9252569138830        4250.4368206106965        4937.9957608451650        5619.4581833961993        6278.4597666630834        6925.1833373962872     
   76.188559737046049        294.87885237868142        3159.4783486623974        3910.9624344414688        4598.7821677167003        5423.2354354057306        6276.4015323896219        7091.6740860528234        7883.1018714540842        8632.4289088980986     
   83.418013325063441        369.54807290025849        4107.2456893844737        5067.5995879249595        5930.6169898184517        6969.9802228374883        8024.1518236506890        9026.0739485900413        9954.1441587508052        10844.444170252922     
   91.333462282486295        466.31214304876613        5356.4876832489135        6587.0659289087080        7680.8886571634221        8996.3552823576083        10309.856494948172        11553.089581906706        12685.521583335425        13715.099651883847     
   100.00000000000004        592.15696535649352        7004.9525514276647        8595.6899615269776        9996.2714328364418        11664.686794454858        13333.817880371782        14859.136085558624        16242.129968749467        17481.286727679726     
