   1.0000000000000002E-003   2.1953958463333427E-008   4.5528217394501713E-008   7.4797003739262221E-008   1.0786428002474905E-007   1.4292172428856681E-007   1.7832685255660221E-007   2.1269244255070268E-007   2.4495447859370320E-007   2.7439893192975197E-007
   1.0948889651276870E-003   3.0873272130392730E-008   6.4025131552450034E-008   1.0518505571784850E-007   1.5168669567793971E-007   2.0098705372491889E-007   2.5077634600236937E-007   2.9910375688774304E-007   3.4447298899277746E-007   3.8587992332716732E-007
   1.1987818459583783E-003   4.3358426426799905E-008   8.9916903606868338E-008   1.4772190964431093E-007   2.1302882112884679E-007   2.8226624777810997E-007   3.5219032531580543E-007   4.2006132532461141E-007   4.8377784720260724E-007   5.4192970760200308E-007
   1.3125330147352270E-003   6.0829357367463148E-008   1.2614820453248162E-007   2.0724528247406599E-007   2.9886709697779358E-007   3.9600318742535582E-007   4.9410259394863354E-007   5.8932163159672097E-007   6.7871215652975633E-007   7.6029576598660814E-007
   1.4370779141993756E-003   8.5276163177159718E-008   1.7684611118487503E-007   2.9053543282545135E-007   4.1897929037221706E-007   5.5515354852196939E-007   6.9267824349104629E-007   8.2616493710356576E-007   9.5148065022255327E-007   1.0658518816200559E-006
   1.5734407502856105E-003   1.1948918214589173E-007   2.4779724341699102E-007   4.0709903641860345E-007   5.8707491620351271E-007   7.7788262327665246E-007   9.7058251516176875E-007   1.1576242829471033E-006   1.3332167835860166E-006   1.4934737889629079E-006
   1.7227429147699432E-003   1.6736112313913743E-007   3.4707432472005234E-007   5.7019854542083633E-007   8.2227966843358525E-007   1.0895322077040912E-006   1.3594349209199459E-006   1.6214125293379321E-006   1.8673537331615028E-006   2.0918153490990623E-006
   1.8862122071335180E-003   2.3433234669532730E-007   4.8595960984006600E-007   7.9836926239632803E-007   1.1513231801663970E-006   1.5255194049397197E-006   1.9034261285433822E-006   2.2702362211840843E-006   2.6145925604252644E-006   2.9288738493286771E-006
   2.0651929314796274E-003   3.2800515585268190E-007   6.8021880656601812E-007   1.1175122315217807E-006   1.6115571633876111E-006   2.1353356845207482E-006   2.6643076444970146E-006   3.1777467768025039E-006   3.6597560161382944E-006   4.0996675583555795E-006
   2.2611569515367451E-003   4.5898548381515977E-007   9.5184657574230040E-007   1.5637618725630268E-006   2.2550907948997498E-006   2.9880262921412797E-006   3.7282285327192833E-006   4.4466946057478072E-006   5.1211793536422849E-006   5.7367551648381241E-006
   2.4757157946593421E-003   6.4201357552382981E-007   1.3314113507034949E-006   2.1873382196883689E-006   3.1543459842049481E-006   4.1795509925029104E-006   5.2149194582014506E-006   6.2198828145289764E-006   7.1633252580319319E-006   8.0243667323603979E-006
   2.7106339043648361E-003   8.9756983997295822E-007   1.8613855718814521E-006   3.0580180697091618E-006   4.4099472400371629E-006   5.8432381314185687E-006   7.2907362296862690E-006   8.6957240109760895E-006   1.0014699863533173E-005   1.1218472680385301E-005
   2.9678431503900389E-003   1.2540764567842385E-006   2.6007114052742724E-006   4.2726358678936945E-006   6.1615385697830691E-006   8.1641169528420100E-006   1.0186542135167385E-005   1.2149568085045005E-005   1.3992414703150845E-005   1.5674297072124125E-005
   3.2494587155918438E-003   1.7508363847010783E-006   3.6308956972915278E-006   5.9650969233302613E-006   8.6022233206655387E-006   1.1398050173397046E-005   1.4221579315551335E-005   1.6962172633672851E-005   1.9534973995493379E-005   2.1883044077936624E-005
   3.5577964903394962E-003   2.4420496416873618E-006   5.0643389933258403E-006   8.3200608822863373E-006   1.1998296740255434E-005   1.5897879135216967E-005   1.9836089253438138E-005   2.3658607566351897E-005   2.7247077498320521E-005   3.0522082749117749E-005
   3.8953921174427275E-003   3.4023046948353705E-006   7.0557236640095396E-006   1.1591650875561228E-005   1.6716225775504006E-005   2.2149171016552096E-005   2.7635912814553551E-005   3.2961446087521622E-005   3.7960874406140928E-005   4.2523557503527758E-005
   4.2650218442334201E-003   4.7342016045282561E-006   9.8178228974511939E-006   1.6129425482424915E-005   2.3260102060392758E-005   3.0819842007575918E-005   3.8454401560834438E-005   4.5864599845531272E-005   5.2820988594987067E-005   5.9169622333313574E-005
   4.6697253532797080E-003   6.5773695596304959E-006   1.3640201417265919E-005   2.2409101242990105E-005   3.2315944804142174E-005   4.2818854682969548E-005   5.3425647515432926E-005   6.3720648229828478E-005   7.3385077600457543E-005   8.2205067286962884E-005
   5.1128307594829414E-003   9.1217261693961190E-006   1.8916712808481470E-005   3.1077726492661799E-005   4.4816842285717287E-005   5.9382523144044152E-005   7.4092153213713250E-005   8.8369235078984308E-005   1.0177167522119464E-004   1.1400289668055615E-004
   5.5979819791232878E-003   1.2625191596061342E-005   2.6182235337881741E-005   4.3014032142436497E-005   6.2029977127358937E-005   8.2189807944970620E-005   1.0254866137621731E-004   1.2230857595454139E-004   1.4085766095399597E-004   1.5778547217856594E-004
   6.1291686959257363E-003   1.7435209111203517E-005   3.6157301550168787E-005   5.9401749614139969E-005   8.5662346511964569E-005   1.1350237075041417E-004   1.4161685782158274E-004   1.6890375827385864E-004   1.9451806377006250E-004   2.1789303207667894E-004
   6.7107591705751436E-003   2.4017077256864565E-005   4.9806853715230234E-005   8.1826133326613651E-005   1.1799993682969041E-004   1.5634893671553064E-004   1.9507532317296472E-004   2.3266088511263161E-004   2.6794162856735783E-004   3.0013699890772965E-004
   7.3475361634921530E-003   3.2990502964894804E-005   6.8416047665639519E-005   1.1239848714496978E-004   1.6208726742445055E-004   2.1476311206508535E-004   2.6795612150198482E-004   3.1958060784951896E-004   3.6803769596729198E-004   4.1225543712637388E-004
   8.0447362662841772E-003   4.5174198691718025E-005   9.3682737715765810E-005   1.5390808803400025E-004   2.2194641749641832E-004   2.9407345874488019E-004   3.6690648885898992E-004   4.3758915213767355E-004   5.0393213125940744E-004   5.6446802848262006E-004
   8.8080929653170624E-003   6.1640263502732369E-005   1.2783025025018369E-004   2.1000742803330624E-004   3.0284405654520616E-004   4.0125707523351990E-004   5.0062958723421389E-004   5.9706339054931749E-004   6.8757123204380701E-004   7.7015161097959456E-004
   9.6438837915444661E-003   8.3778686822996842E-005   1.7374114716411143E-004   2.8543191705468908E-004   4.1160809572073927E-004   5.4535876036875377E-004   6.8040680103950214E-004   8.1145274832789059E-004   9.3443660556985909E-004   1.0466393749116139E-003
   1.0558981944335792E-002   1.1336938125911222E-004   2.3510663517645731E-004   3.8624532675488943E-004   5.5698145924500781E-004   7.3795926267147425E-004   9.2068102668302083E-004   1.0979734171095996E-003   1.2643426969284623E-003   1.4161118651135891E-003
   1.1560912813835747E-002   1.5266171919078804E-004   3.1659155137942358E-004   5.2011080892305512E-004   7.5001261391046889E-004   9.9369190577270846E-004   1.2396997050154331E-003   1.4783728762815902E-003   1.7023140269916055E-003   1.9065757633390573E-003
   1.2657915866672035E-002   2.0444689597381741E-004   4.2398402710385369E-004   6.9653576361631392E-004   1.0044066423509454E-003   1.3307042425708562E-003   1.6600855650159138E-003   1.9796035583358072E-003   2.2793524258443859E-003   2.5527136303485484E-003
   1.3859012403933871E-002   2.7212102357614197E-004   5.6432685364181401E-004   9.2708842433808145E-004   1.3368381940751610E-003   1.7710725695080306E-003   2.2093523260644328E-003   2.6344346995292047E-003   3.0331366863131006E-003   3.3966611513662121E-003
   1.5174079748634946E-002   3.5970861017385272E-004   7.4596564879533269E-004   1.2254754664326498E-003   1.7670599525283653E-003   2.3409392592680608E-003   2.9200660337794873E-003   3.4816309337731390E-003   4.0082110695022297E-003   4.4881987165890707E-003
   1.6613932472747905E-002   4.7184406782976678E-004   9.7851023394920000E-004   1.6074773257852470E-003   2.3178059130149649E-003   3.0703774858707096E-003   3.8296644299413867E-003   4.5657199183772893E-003   5.2556962291442546E-003   5.8844028597339068E-003
   1.8190411331788243E-002   6.1364434730604319E-004   1.2725698923516113E-003   2.0905110658954377E-003   3.0141553727333183E-003   3.9925374092837883E-003   4.9793736914608665E-003   5.9356752190661190E-003   6.8317410760670993E-003   7.6478765662702014E-003
   1.9916480638308576E-002   7.9050876864505048E-004   1.6393373965635412E-003   2.6929439445876726E-003   3.8825352950372983E-003   5.1423091647638123E-003   6.4125160311411427E-003   7.6428643804559411E-003   8.7951186757695074E-003   9.8440104542988436E-003
   2.1806334875063296E-002   1.0078012240763261E-003   2.0899294994515807E-003   3.4330073574661492E-003   4.9491464253298579E-003   6.5542214113153731E-003   8.1718615458308882E-003   9.7378544109771835E-003   1.1203503618338389E-002   1.2536765041503467E-002
   2.3875515424585839E-002   1.2704806347233885E-003   2.6346219372765044E-003   4.3275409302925283E-003   6.2381495362599749E-003   8.2600286687202693E-003   1.0296600283607975E-002   1.2266775301739813E-002   1.4109254517479800E-002   1.5783916123846737E-002
   2.6141038375114913E-002   1.5828735206627564E-003   3.2823828005624396E-003   5.3912341048549641E-003   7.7705808113055002E-003   1.0287281590261758E-002   1.2820563852752489E-002   1.5269204340362302E-002   1.7556986313279222E-002   1.9634350617167558E-002
   2.8621534453892730E-002   1.9487864340996242E-003   4.0411161119475935E-003   6.6370455543446928E-003   9.5649840960774050E-003   1.2660199610475778E-002   1.5773358983329849E-002   1.8779576346369922E-002   2.1585270032702962E-002   2.4130064533370632E-002
   3.1337402238589059E-002   2.3725509449973141E-003   4.9198432812344256E-003   8.0798140323395003E-003   1.1642658129909693E-002   1.5406678414163183E-002   1.9189186962355661E-002   2.2837806957187710E-002   2.6239004749617212E-002   2.9320190719468963E-002
   3.4310975906798831E-002   2.8614491339094151E-003   5.9337459541617867E-003   9.7445653651273226E-003   1.4039666275283575E-002   1.8574244516615608E-002   2.3126815206270177E-002   2.7513212550390471E-002   3.1597107107438259E-002   3.5292195900391683E-002
   3.7566708903115982E-002   3.4285872146198704E-003   7.1101351789881924E-003   1.1676332378958661E-002   1.6821010760891816E-002   2.2248854800588479E-002   2.7693076611598130E-002   3.2932620090576500E-002   3.7805010235191346E-002   4.2208443569976564E-002
   4.1131375034185735E-002   4.0980306858042909E-003   8.4990753463758759E-003   1.3957541161238455E-002   2.0105573999163084E-002   2.6587749376834797E-002   3.3083626784717025E-002   3.9328724020728803E-002   4.5130086675868229E-002   5.0367989283914026E-002
   4.5034288645458394E-002   4.9210048951539706E-003   1.0206737820695788E-002   1.6762250872839082E-002   2.4143338139393258E-002   3.1920265341049935E-002   3.9706749588488979E-002   4.7185354336466506E-002   5.4126237093634073E-002   6.0388035208509466E-002
   4.9307545690287481E-002   5.9664355312447539E-003   1.2375634247796584E-002   2.0323347495257941E-002   2.9267526125974590E-002   3.8683694955531464E-002   4.8102480992666827E-002   5.7140061073629587E-002   6.5520624152614906E-002   7.3075863211419081E-002
   5.3986287673825017E-002   7.3093692054876811E-003   1.5160419078128651E-002   2.4892436882921528E-002   3.5836295789277994E-002   4.7345564491449207E-002   5.8845210911915385E-002   6.9867471062451184E-002   8.0078730567096496E-002   8.9276956233944549E-002
   5.9108990642279875E-002   9.0342563188539563E-003   1.8734113470477307E-002   3.0748929677133847E-002   4.4244156178109381E-002   5.8416578681632164E-002   7.2557069443014557E-002   8.6091823068649154E-002   9.8614892048434002E-002  0.10988283228269159     
   6.4717781594067936E-002   1.1140623447756895E-002   2.3094368559041491E-002   3.7886362256515156E-002   5.4478374901692266E-002   7.1876288388948162E-002   8.9208716714496816E-002  0.10577323499373954       0.12107719708289080       0.13482896489304586     
   7.0858784914888756E-002   1.3498886273297792E-002   2.7975121576188648E-002   4.5875139697822712E-002   6.5935059907604468E-002   8.6948945559404259E-002  0.10786281627502167       0.12782707814509903       0.14625095686251049       0.16278957157275808     
   7.7582501685667909E-002   1.5826236148141510E-002   3.2802511255834846E-002   5.3803516535227178E-002   7.7355732340295663E-002  0.10204674828240824       0.12663341955692167       0.15010769209708524       0.17177295047460420       0.19122551544897662     
   8.4944224982638025E-002   1.7880866865524557E-002   3.7097066677420520E-002   6.0935856210970273E-002   8.7766886030858499E-002  0.11599290372867570       0.14417948962440458       0.17115097253547851       0.19609607987191646       0.21854090824383635     
   9.3004494584813954E-002   1.9740457747819795E-002   4.1038714803077650E-002   6.7610745533205577E-002   9.7716944173529691E-002  0.12957412525941508       0.16153789677678096       0.19224795057964314       0.22076170497886385       0.24651456519661155     
  0.10182959482819059        2.2027824723644979E-002   4.5907381915309575E-002   7.5903528655748981E-002  0.11012782952366568       0.14653478252735760       0.18321638288717229       0.21859596897043193       0.25157450249751329       0.28147336327053973     
  0.11149209970080924        2.5735377342374948E-002   5.3698928250382104E-002   8.8954838712130127E-002  0.12927298507579457       0.17217852127860972       0.21542026450115181       0.25716638288315208       0.29613880895447831       0.33153316936034272     
  0.12207146966133181        3.1174087607997999E-002   6.5009606265493458E-002  0.10763434555392019       0.15621522800420437       0.20768886116678889       0.25940936694028599       0.30926178128484388       0.35577349597176455       0.39801099270909046     
  0.13365470508911154        3.6860466206784410E-002   7.6898663875951082E-002  0.12737186462416514       0.18477952533138278       0.24548385342593262       0.30645917389304111       0.36527403405160347       0.42021369724590707       0.47017179624704553     
  0.14633706173946351        4.0573172650754150E-002   8.5111295212484631E-002  0.14183485495336032       0.20684023596874013       0.27610138477089752       0.34622580284215043       0.41436183250905945       0.47841452009619484       0.53697225019917416     
  0.16022283408774773        4.3491045622911707E-002   9.2099066200511351E-002  0.15498318631034128       0.22798307384948868       0.30674023593980887       0.38739790848436806       0.46652541286075078       0.54149453307854023       0.61046324704715449     
  0.17542621300415920        4.9655898170443996E-002  0.10561573198128567       0.17831016186518964       0.26298730331552023       0.35476504398141928       0.44919760728613045       0.54221769550628329       0.63066104600654715       0.71227468895760571     
  0.19207222481239303        5.8654322193582631E-002  0.12469695582535023       0.21011223292154368       0.30936514408445820       0.41693968433646095       0.52775405679120446       0.63709697077220484       0.74127679697659998       0.83763044533113340     
  0.21029775945461360        6.4594341668257976E-002  0.13847829103669390       0.23509562539531334       0.34866676727150542       0.47307087320480368       0.60236183541719879       0.73085348034845954       0.85399455468863594       0.96843248718685637     
  0.23025269621793309        6.9922970634964915E-002  0.15177149001270240       0.26065893612381752       0.39072225580155084       0.53505972891486731       0.68657791372450483       0.83831160454941522       0.98458921878481143        1.1211692026317939     
  0.25210113627991265        8.0494628572433335E-002  0.17489419114319335       0.30070459191764992       0.45161459683088379       0.61990568707317739       0.79747839327007741       0.97620307580272736        1.1493301155439242        1.3116969589080092     
  0.27602275220902728        8.8908179111754831E-002  0.19499155588598488       0.33841697120522785       0.51270827886599080       0.70913085301796708       0.91814876144838409        1.1299656242298228        1.3363072502036961        1.5307427991159750     
  0.30221426551783803        9.7689530628107507E-002  0.21676459657079983       0.38054577272397816       0.58241637841820826       0.81242417056276794        1.0592831227256301        1.3111580974235739        1.5578994678022713        1.7915064287038573     
  0.33089106441964966       0.10959196329214529       0.24469557202899950       0.43266595582037920       0.66689451511179121       0.93638322545977426        1.2280787458400566        1.5278508134377935        1.8233056985412779        2.1044897959870723     
  0.36228897509242902       0.11991372654834161       0.27180683237804271       0.48744374055026635       0.76027563170466772        1.0777649503663462        1.4244239230911686        1.7831519892493202        2.1387300803623095        2.4787805076693337     
  0.39666620101612027       0.13319108497766111       0.30511730783785368       0.55317952111158430       0.87140162160696155        1.2459299614677954        1.6586219727280449        2.0888330548055825        2.5178413715533590        2.9302131848423967     
  0.43430544633167090       0.14632623199743883       0.34066862494925371       0.62682227174645400       0.99957413337569301        1.4433705109223633        1.9367429171149295        2.4546740068377262        2.9741236893670386        3.4758866290036701     
  0.47551624068340170       0.16128869006114985       0.38154406241941102       0.71247944386838502        1.1503310637510431        1.6777949010432573        2.2694271426233317        2.8948273434305358        3.5255892455862461        4.1378171722903714     
  0.52063748466325777       0.17759347493829472       0.42769794271824857       0.81163324298802464        1.3277910080665438        1.9568887966564947        2.6686268143257408        3.4259699982919658        4.1938815312748901        4.9426844719090397     
  0.57004023678963622       0.19536049521497711       0.48004720079674479       0.92702029083859838        1.5376860160844088        2.2904904749619281        3.1491757025328075        4.0685264054853842        5.0053370103584589        5.9228499381670368     
  0.62413076493974640       0.21502341881613155       0.53995972179300000        1.0621283688924814        1.7870995344522533        2.6906544962942212        3.7291507868324199        4.8472671465067805        5.9917704036233843        7.1173015356380409     
  0.68335388732923041       0.23677065352059473       0.60878034468065478        1.2210163025149572        2.0845617904986664        3.1719381065747188        4.4302811304836975        5.7917976647663929        7.1910224458616607        8.5722603494827077     
  0.74819663051388374       0.26095977789531927       0.68826107002795733        1.4087064567542520        2.4404670116185727        3.7518885325522775        5.2785018542176445        6.9371528047329143        8.6475743100694586        10.341814872257562     
  0.81919223449536838       0.28795529942758652       0.78049771097227627        1.6312974015616373        2.8673496467083717        4.4514216412534724        6.3043577669493009        8.3241598892489801        10.412834554726864        12.488132432916183     
  0.89692453786727211       0.31822322372546119       0.88806407987148395        1.8961906486032218        3.3802145460321342        5.2951869059529351        7.5433024268308975        9.9995897553951352        12.545102884667166        15.081242454244748     
  0.98203277906312625       0.35233646118252343        1.0140919285124290        2.2123043919840688        3.9968337069084594        6.3118145883413952        9.0357540829823506        12.015925017791234        15.109016471721560        18.198181004812323     
   1.0752168531898927       0.39098200415553458        1.1623790131931220        2.5903082776345530        4.7380021437884769        7.5340056177148016        10.826849100434099        14.430683230515479        18.174429214278785        21.921468391524389     
   1.1772430676769294       0.43498778158628587        1.3375185056230436        3.0428518395031876        5.6276956327964136        8.9983765600294063        12.965795069633112        17.305215126888463        21.814684985187156        26.336932599213242     
   1.2889504440725368       0.48535624055208254        1.5450376201801197        3.5847608143194067        6.6930736575839864        10.744988104938271        15.504776020510917        20.702994411930565        26.104392013967164        31.531085356524954     
   1.4112576178114535       0.54330105431461606        1.7915434669659502        4.2331765705236055        7.9642791043775158        12.816524654553175        18.497450309284940        24.687559233457662        31.117001321114884        37.588498198946631     
   1.5451703926941469       0.61028919998960507        2.0848708827171438        5.0076059619232476        9.4739941567808721        15.257140776235390        21.997182072432221        29.320412931756415        36.922671972785295        44.589823944287765     
   1.6917900122028373       0.68808991909866624        2.4342198468184377        5.9298425542082169        11.256731555908710        18.111057290009995        26.055258250037827        34.659322719997284        43.587026556522346        52.611197345546046     
   1.8523222156741213       0.77883128737838947        2.8502683377435987        7.0237293039211419        13.347890616125420        21.421088830182072        30.719462212445766        40.757544496438044        51.171413594636455        61.725658992887467     
   2.0280871538024625       0.88506383144334844        3.3452438587622453        8.3147483753232905        15.782667627693332        25.227370509098360        36.033424325387656        47.664441829598438        59.735070211496570        72.006839657029644     
   2.2205302450155360        1.0098291102897485        3.9329299418939767        9.8294394407915586        18.594958282673904        29.566574438556660        42.037075457174481        55.427675701782938        69.339053530899122        83.534391680996691     
   2.4312340619997870        1.1568498649049013        4.6288926364108587        11.595236017581307        21.817256258743814        34.472948293419456        48.769626750124488        64.098222200038620        80.052868996260656        96.401730648937018     
   2.6619313461261318        1.3300905736138200        5.4489996409243373        13.637350407882904        25.476641416318781        39.974569177572185        56.266596927563377        73.727814619874664        91.951596572114610        110.71235234184704     
   2.9145192568009906        1.5346480924731001        6.4112529651660264        15.981875170244516        29.600419377401053        46.102384283233391        64.571936071725915        84.382904816351228        105.13044549647587        126.59438492720383     
   3.1910749729235515        1.7762143083247073        7.5339196446727597        18.652542331914077        34.212634497456001        52.886871904773798        73.734007954858882        96.138579693056542        119.69584319899360        144.18905842464514     
   3.4938727747491285        2.0612884346239291        8.8355661667966974        21.671291598477474        39.336236278229656        60.361488786543248        83.808819585348459        109.08007061912645        135.76505338724758        163.64925049362964     
   3.8254027466328799        2.3971753268584952        10.334608252470447        25.058281021248984        44.994102116751307        68.563798477447236        94.859559916348161        123.29987295230086        153.46188999420028        185.13519624449410     
   4.1883912544574775        2.7919710712176196        12.048963284065707        28.832238368526234        51.210027566551631        77.535876224006699        106.95489128962215        138.89428918529293        172.91351349843481        208.81264828945442     
   4.5858233661428098        3.2544988568743620        13.995771188414977        33.010867615074694        58.009252529248116        87.323706919741952        120.16624027002558        155.96044904214671        194.24918819071431        234.85314939199145     
   5.0209673996144657        3.7942267941733063        16.191293195924267        37.611290328807847        65.418681967116839        97.976027178354983        134.56524703964794        174.59526570834564        217.60121215918218        263.43511119089885     
   5.4974018001037450        4.4211111046449689        18.650821168556106        42.650123505371880        73.466498224982274        109.54236841631203        150.22165593833736        194.89574147913657        243.10563092510048        294.74252264836474     
   6.0190445678066622        5.1454923341464296        21.388852181314395        48.143671270703308        82.182006713184535        122.07154829345201        167.20339066618527        216.96083597426906        270.90221389541460        328.96110926141273     
   6.5901854779032725        5.9779140725295168        24.419088803579641        54.107644186560293        91.594857281118792        135.60991021008468        185.57736393618279        240.89163894835087        301.13050270251910        366.26969766192991     
   7.2155213579010242        6.9289861353564772        27.754473164702922        60.556975632214488        101.73428318705723        150.20071811936225        205.41106532355280        266.78965493945248        333.92307108908602        406.83346373894182     
   7.9001947124089602        8.0092518496043841        31.407080680907740        67.505599970061269        112.62803549677268        165.88464439784735        226.77301148745758        294.75195146558002        369.39967157391158        450.81029647362425     
   8.6498360129766851        9.2291178115662795        35.387997932742131        74.966453196687155        124.30146607294094        182.70142442633065        249.73140690992682        324.86526267356874        407.67264364450830        498.36949766625298     
   9.4706100007722398        10.598796884819263        39.707093066950499        82.951484161110770        136.77686090127921        200.69131249286687        274.35011158577959        357.20574292423743        448.86244582546368        549.69353743943577     
   10.369266382873457        12.128155256553566        44.372493229099277        91.471242134241862        150.07299509839203        219.89456035708048        300.68266070729402        391.84961551203753        493.09910031521406        604.94806119688849     
   11.353195339077612        13.826875492606801        49.390818597745714        100.53555247384625        164.20731198544991        240.35095639469927        328.77413842493689        428.88530933930065        540.50099491900176        664.26499841949487     
   12.430488295695186        15.704131758975624        54.766356288426500        110.15220919093679        179.19620707794061        262.09426768026685        358.67021424882853        468.39925065294744        591.15550847280099        727.77790499505068     
   13.610004466105526        17.768743869140099        60.501495693241473        120.32738946477771        195.05745820405437        285.15028974625670        390.42814566146137        510.45483825323709        645.15102459210425        795.64385288781409     
   14.901443705277449        20.028862839970419        66.596261604329356        131.06452309953991        211.80912265583711        309.53886536743551        424.10341835363721        555.09919044659785        702.59409498174364        867.97879504946116     
   16.315426277379739        22.491867819863099        73.048524358136703        142.36450251399552        229.46789643405364        335.28514136320348        459.72909548511637        602.39792042841452        763.56016106428683        944.87994490911569     
   17.863580192457370        25.164334350337164        79.854511551695140        154.22691905259319        248.04644708112247        362.42382289665369        497.32604020703855        652.41139940596577        828.10781341254130        1026.4690405768938     
   19.558636830395095        28.051745879946360        87.008853014226560        166.65107426662422        267.55094179818462        390.98307552058958        536.93558722462387        705.16747475222235        896.31361732029234        1112.8166427304666     
   21.414535638539547        31.158304295074245        94.504882016694367        179.63734657102196        287.98592417649803        420.97144278166229        578.59355416655512        760.70874834810388        968.22056068227403        1204.0123952639294     
   23.446538763970572        34.486802252118082        102.33501211026496        193.18785296787973        309.36286376681261        452.39530683605517        622.30259935956531        819.06835511276529        1043.8739367545659        1300.1106238638520     
   25.671356563109935        38.038595566033159        110.49116997669493        207.30612266729594        331.70029417109492        485.28152245498865        668.08730578899372        880.25656731192657        1123.3095896867121        1401.1706006206041     
   28.107285020807289        41.813324987488301        118.96450606269312        221.99409880737610        355.00678166256006        519.63712842839016        715.96080273563041        944.30325772346373        1206.5399704499882        1507.2308543538900     
   30.774356208980628        45.809105761493349        127.74585872359698        237.25076598898772        379.27918926722072        555.45774849504926        765.91590551624483        1011.1954792453811        1293.6097355748893        1618.3123184664314     
   33.694503022121602        50.022334669397992        136.82556165127977        253.07121067776754        404.51726059991705        592.75195249897422        817.97009773895331        1080.9687490262163        1384.4652155773442        1734.4524977057144     
   36.891739544382439        54.447748582991117        146.19405375046725        269.45610545709235        430.73909847680795        631.52306361731200        872.09602804573296        1153.5530058593886        1479.2158237489241        1855.6378005756194     
   40.392358531509046        59.078213402502023        155.84315821412153        286.41409473843032        457.93333418596330        671.74448038410719        928.31310575470900        1229.0634929702057        1577.6698305525597        1981.8853324177283     
   44.225147631630513        63.904495060273753        165.76646297559094        303.96003821011470        486.11236989726063        713.45796852130957        986.57725212549201        1307.2677259166132        1680.1072141776174        2113.1786461009415     
   48.421626123015102        68.914980279553347        175.95946931612039        322.08943885988396        515.25305355570913        756.57004614725702        1046.9192523642253        1388.5036909781927        1786.0697250635030        2249.5081081057892     
   53.016304115627769        74.096506041539982        186.41701780579893        340.80314434032192        545.40184567764152        801.21722686879684        1109.2633852168333        1472.2234622942751        1896.1853039228051        2390.8405015205562     
   58.046966348054411        79.435739711482597        197.13686257804997        360.08616352404823        576.45512695959962        847.15050811084711        1173.6816688129768        1559.1585737842795        2009.5222029418503        2537.2489697178357     
   63.554982913623071        84.919956201731324        208.11480913805647        379.97266808114381        608.54832320483240        894.69732114526005        1240.0095836898072        1648.2757089771710        2127.3081211275444        2688.4320192255855     
   69.585649471004459        90.535819677397427        219.35784235416369        400.39263167660380        641.43119053833470        943.33215923297848        1308.4357966898067        1740.8005733778564        2247.8030195329970        2844.9544220022240     
   76.188559737046049        96.267223764568556        230.85771665848210        421.45107872073731        675.43374526324976        993.69111757463872        1378.5610668630270        1835.1896216220284        2373.2269498195833        3005.6684014479815     
   83.418013325063441        102.09808429703713        242.63238033903500        443.00903507459032        710.08405714331752        1044.9391969563771        1450.9500871069788        1933.1068083132320        2500.5947858395184        3172.3584783042170     
   91.333462282486295        108.01667142469282        254.65065681974525        465.25394801074134        746.00026513797536        1098.0529940125432        1524.6910482154290        2032.7226934085286        2633.5878640943693        3342.1433353836665     
   100.00000000000004        114.01436647467713        266.97267486631534        487.88070351575584        782.32639488960990        1151.8885265205445        1601.1070478226895        2135.8307774315872        2767.7203266587485        3519.1514972008085     
