   1.0000000000000002E-003   7.9501771201156629E-009   1.7610348265666536E-008   3.0410003963186221E-008   4.5448926864762282E-008   6.1651276400988358E-008   7.7995633421814994E-008   9.3692959538437167E-008   1.0824677483489707E-007   1.2141948095377109E-007
   1.0948889651276870E-003   1.1346213339123606E-008   2.5132868236178010E-008   4.3400071646606262E-008   6.4863051553135454E-008   8.7986397735479795E-008   1.1131237642804778E-007   1.3371490633455875E-007   1.5448543861250093E-007   1.7328489114979728E-007
   1.1987818459583783E-003   1.6185302530863109E-008   3.5851875110277356E-008   6.1909897872054076E-008   9.2526629054903547E-008   1.2551180175839509E-007   1.5878596778725510E-007   1.9074279060775907E-007   2.2037154661866625E-007   2.4718855424667783E-007
   1.3125330147352270E-003   2.3076245588506448E-008   5.1115912610638583E-008   8.8268166158545351E-008   1.3191993129290769E-007   1.7894840536544525E-007   2.2638880907517518E-007   2.7195092291278066E-007   3.1419373355669867E-007   3.5242765944991899E-007
   1.4370779141993756E-003   3.2881430574099450E-008   7.2835238328925201E-008   1.2577352808652125E-007   1.8797285625949926E-007   2.5498349175726935E-007   3.2258091090512192E-007   3.8750180552425487E-007   4.4769291996815718E-007   5.0217171629883421E-007
   1.5734407502856105E-003   4.6822586509820769E-008   1.0371607405006489E-007   1.7909910177952440E-007   2.6766944473954617E-007   3.6309070075275580E-007   4.5934722574823771E-007   5.5179218497628697E-007   6.3750186326942553E-007   7.1507722808920477E-007
   1.7227429147699432E-003   6.6625263318680559E-008   1.4758063498226041E-007   2.5484508739221421E-007   3.8087374769073264E-007   5.1665025581312287E-007   6.5361478096641474E-007   7.8515530527940302E-007   9.0711173262581627E-007   1.0174934816586505E-006
   1.8862122071335180E-003   9.4726015433690423E-008   2.0982604782776644E-007   3.6233120499284053E-007   5.4151408984335004E-007   7.3455531178257884E-007   9.2928475264745589E-007   1.1163017996082364E-006   1.2896919888832801E-006   1.4466254106903428E-006
   2.0651929314796274E-003   1.3455685636450370E-007   2.9805442165775898E-007   5.1468465896338707E-007   7.6920896239599615E-007   1.0434172993959602E-006   1.3200222430255399E-006   1.5856706713547276E-006   1.8319616051015833E-006   2.0548756186239451E-006
   2.2611569515367451E-003   1.9094500324484721E-007   4.2295828012131288E-007   7.3036902463576080E-007   1.0915518112948215E-006   1.4806649377740558E-006   1.8731764881530167E-006   2.2501380302798448E-006   2.5996287502143086E-006   2.9159455300369151E-006
   2.4757157946593421E-003   2.7066383147249291E-007   5.9954090958950401E-007   1.0352914047028154E-006   1.5472599377218148E-006   2.0988152081481145E-006   2.6551834605425777E-006   3.1895062601056038E-006   3.6848871345258234E-006   4.1332431420822999E-006
   2.7106339043648361E-003   3.8319693631202411E-007   8.4880871023251115E-007   1.4657245307926143E-006   2.1905411391938167E-006   2.9713958459744899E-006   3.7590573801037650E-006   4.5155019886643604E-006   5.2168103053170378E-006   5.8515408131423146E-006
   2.9678431503900389E-003   5.4178738389942026E-007   1.2000951854613113E-006   2.0723193898801481E-006   3.0970898036037006E-006   4.2010776096532419E-006   5.3146770965795544E-006   6.3841305625871405E-006   7.3756229037100812E-006   8.2729808616680559E-006
   3.2494587155918438E-003   7.6489225012836607E-007   1.6942825412047314E-006   2.9256675219080884E-006   4.3723984127742470E-006   5.9309464418470182E-006   7.5030435502266760E-006   9.0127993840828142E-006   1.0412480014843498E-005   1.1679257977050900E-005
   3.5577964903394962E-003   1.0781401492043723E-006   2.3881372204916827E-006   4.1237863199742474E-006   6.1629420044105410E-006   8.3596712264786170E-006   1.0575463572035565E-005   1.2703356714116651E-005   1.4676078343892856E-005   1.6461462265722060E-005
   3.8953921174427275E-003   1.5170003963721522E-006   3.3602213830934402E-006   5.8023247675188958E-006   8.6714267093468158E-006   1.1762181877507748E-005   1.4879701543946429E-005   1.7873496833369140E-005   2.0648929205515811E-005   2.3160755666089112E-005
   4.2650218442334201E-003   2.1304479266076495E-006   4.7190094252536227E-006   8.1485753297268821E-006   1.2177723894121504E-005   1.6518055705993048E-005   2.0895877441563996E-005   2.5099866832877811E-005   2.8997144053864134E-005   3.2524198390493292E-005
   4.6697253532797080E-003   2.9857461676103655E-006   6.6134798172924790E-006   1.1419757766995970E-005   1.7066184304347956E-005   2.3148551481155148E-005   2.9283296482277470E-005   3.5174295050532921E-005   4.0635369139450526E-005   4.5577557074137559E-005
   5.1128307594829414E-003   4.1750209175899502E-006   9.2476724338310459E-006   1.5968146516581169E-005   2.3863172735164739E-005   3.2367496581440414E-005   4.0944790330123191E-005   4.9181039102382962E-005   5.6815987360947035E-005   6.3725315493260847E-005
   5.5979819791232878E-003   5.8238239934535473E-006   1.2899650612448153E-005   2.2273797679197918E-005   3.3285948811724295E-005   4.5147547717692523E-005   5.7110485318681978E-005   6.8597345139635290E-005   7.9245224952342497E-005   8.8880836396505795E-005
   6.1291686959257363E-003   8.1025023268991332E-006   1.7946673030473781E-005   3.0987988730211365E-005   4.6307539578618157E-005   6.2808116914801692E-005   7.9448944426787645E-005   9.5426849574513459E-005   1.1023715897789467E-004   1.2363899257603934E-004
   6.7107591705751436E-003   1.1240829285152397E-005   2.4897584612603189E-005   4.2989107749422711E-005   6.4240189190774478E-005   8.7128454568558762E-005   1.1021008140342459E-004   1.3237108500887195E-004   1.5291168146362746E-004   1.7149803654003629E-004
   7.3475361634921530E-003   1.5547149771703173E-005   3.4435194684447347E-005   5.9455763095540986E-005   8.8844499857092192E-005   1.2049551652752745E-004   1.5241199675586120E-004   1.8305365178673065E-004   2.1145320798033704E-004   2.3714950385260352E-004
   8.0447362662841772E-003   2.1432663969754751E-005   4.7470020468943961E-005   8.1959479720332596E-005   1.2246777706719286E-004   1.6609134716404853E-004   2.1007768018621454E-004   2.5230414870915747E-004   2.9143827607090456E-004   3.2684523667591214E-004
   8.8080929653170624E-003   2.9441746372391583E-005   6.5207373196034068E-005   1.1258037688096076E-004   1.6821661921950001E-004   2.2812676780265285E-004   2.8853010973753254E-004   3.4651204350162244E-004   4.0024372583439112E-004   4.4885457323859461E-004
   9.6438837915444661E-003   4.0290136262418059E-005   8.9231840995886917E-005   1.5405279959095926E-004   2.3017412414206225E-004   3.1213537343820137E-004   3.9476338007761474E-004   4.7407157164578698E-004   5.4755973074872822E-004   6.1403882906716845E-004
   1.0558981944335792E-002   5.4910391450389642E-005   1.2160780404974752E-004   2.0993851081481155E-004   3.1365807575942968E-004   4.2532282147426248E-004   5.3788341336116806E-004   6.4590980908958403E-004   7.4599849057745691E-004   8.3653265239806707E-004
   1.1560912813835747E-002   7.4506792159456095E-005   1.6500080199154492E-004   2.8483571795602931E-004   4.2553239624689652E-004   5.7698796997151191E-004   7.2963907210585929E-004   8.7612279028338822E-004   1.0118271813175999E-003   1.1345641931219516E-003
   1.2657915866672035E-002   1.0061892673501942E-004   2.2281802226596572E-004   3.8462088670217031E-004   5.7456722245047146E-004   7.7900945714365723E-004   9.8503543920308253E-004   1.1827096466819154E-003   1.3658134507560861E-003   1.5314008277773948E-003
   1.3859012403933871E-002   1.3519248991901415E-004   2.9936462180678693E-004   5.1671760630148480E-004   7.7183895253723274E-004   1.0463858883590148E-003   1.3230141979058147E-003   1.5883865775375306E-003   1.8341623702483811E-003   2.0563967230974836E-003
   1.5174079748634946E-002   1.8065701575532180E-004   4.0001523293893169E-004   6.9039133631371629E-004   1.0311684619096362E-003   1.3978271477275055E-003   1.7671979552497967E-003   2.1214768749467181E-003   2.4495405187784629E-003   2.7461374504439743E-003
   1.6613932472747905E-002   2.4000412158428186E-004   5.3138640743322053E-004   9.1704543645798088E-004   1.3695607775260151E-003   1.8563471627928332E-003   2.3466358769572999E-003   2.8168020452389035E-003   3.2521009285702142E-003   3.6455852423301414E-003
   1.8190411331788243E-002   3.1686668056135430E-004   7.0151093069771206E-004   1.2105201649516622E-003   1.8076489270160583E-003   2.4498621568145649E-003   3.0965562366465469E-003   3.7165813742596455E-003   4.2905180736186599E-003   4.8092359158652355E-003
   1.9916480638308576E-002   4.1559401779480028E-004   9.2000320959165227E-004   1.5873762342267243E-003   2.3701149275359833E-003   3.2117584785353532E-003   4.0590814659403687E-003   4.8712877859338278E-003   5.6229739535977440E-003   6.3022226756636211E-003
   2.1806334875063296E-002   5.4132180070405015E-004   1.1982129486887577E-003   2.0671585648942897E-003   3.0860822530070597E-003   4.1814236098077287E-003   5.2838992485673662E-003   6.3404541171731112E-003   7.3180904762784882E-003   8.2013634169374548E-003
   2.3875515424585839E-002   7.0004837163412646E-004   1.5493934073571726E-003   2.6726863317324523E-003   3.9895499026811878E-003   5.4048372420540149E-003   6.8290144241189748E-003   8.1935821240363468E-003   9.4559866418657008E-003   1.0596354248077778E-002
   2.6141038375114913E-002   8.9874115575978115E-004   1.9889369792057271E-003   3.4304613070982987E-003   5.1200071419734584E-003   6.9354132124010964E-003   8.7618256216103179E-003   1.0511449984430220E-002   1.2129805020942240E-002   1.3591498335310660E-002
   2.8621534453892730E-002   1.1455372825550179E-003   2.5348205909696397E-003   4.3714415015657379E-003   6.5235995208864769E-003   8.8355968806016552E-003   1.1161167050201627E-002   1.3388589742835570E-002   1.5448600856371852E-002   1.7308974017430843E-002
   3.1337402238589059E-002   1.4500924368781613E-003   3.2083810593081146E-003   5.5323885383940811E-003   8.2551591039577606E-003   1.1179644144916331E-002   1.4120856456039714E-002   1.6937586391193707E-002   1.9542348410845099E-002   2.1894490192047873E-002
   3.4310975906798831E-002   1.8241478903935214E-003   4.0355758118476486E-003   6.9580579580789063E-003   1.0381502364363105E-002   1.4058130685112281E-002   1.7755444654685013E-002   2.1296035341844634E-002   2.4570032632782016E-002   2.7526416108875171E-002
   3.7566708903115982E-002   2.2813344276848575E-003   5.0465597141109604E-003   8.7004955779026918E-003   1.2980425544939240E-002   1.7576655749961374E-002   2.2198657907459556E-002   2.6624763403267793E-002   3.0717689937039161E-002   3.4413679303700082E-002
   4.1131375034185735E-002   2.8379246993730125E-003   6.2773653562613885E-003   1.0821971501904861E-002   1.6145144984606265E-002   2.1861943206181289E-002   2.7611212017321838E-002   3.3117322245659289E-002   3.8209487442265301E-002   4.2808303213052540E-002
   4.5034288645458394E-002   3.5177166100840759E-003   7.7807222289783626E-003   1.3413672087443875E-002   2.0012251586680387E-002   2.7099790270816135E-002   3.4228858651673633E-002   4.1057746852895274E-002   4.7374497794886276E-002   5.3080351832079688E-002
   4.9307545690287481E-002   4.3394991971726663E-003   9.5983760969511646E-003   1.6548079264708443E-002   2.4690836330531353E-002   3.3439339043076187E-002   4.2241783058931774E-002   5.0676242467363901E-002   5.8480551989503568E-002   6.5532139555674662E-002
   5.3986287673825017E-002   5.3162075691322516E-003   1.1759274003967287E-002   2.0275959814131925E-002   3.0258199056529076E-002   4.0987549810798510E-002   5.1787975017360439E-002   6.2141625126569372E-002   7.1725922527368341E-002   8.0389310599415648E-002
   5.9108990642279875E-002   6.4796589431895743E-003   1.4334298469777946E-002   2.4720784811300245E-002   3.6900830552758335E-002   5.0000283651568465E-002   6.3194787228305099E-002   7.5851293387681623E-002   8.7574118384620675E-002   9.8176144158698492E-002
   6.4717781594067936E-002   7.8246967555652639E-003   1.7312882005015996E-002   2.9866385530596045E-002   4.4598254505171235E-002   6.0455104573720705E-002   7.6440518935171120E-002   9.1786700331203300E-002  0.10601155359619552       0.11888515276986682     
   7.0858784914888756E-002   9.3538989946971574E-003   2.0701929023479105E-002   3.5727613832343914E-002   5.3377896793647774E-002   7.2396795092397312E-002   9.1591276958337020E-002  0.11003782174069081       0.12715309907669281       0.14265587724293666     
   7.7582501685667909E-002   1.1089475949406038E-002   2.4552243236142440E-002   4.2396230505678860E-002   6.3384163300253080E-002   8.6031766184710270E-002  0.10892121979074455       0.13094837862069472       0.15141052556954773       0.16996433570606884     
   8.4944224982638025E-002   1.3114169522311862E-002   2.9049147512143939E-002   5.0197581306615308E-002   7.5112972226127922E-002  0.10204663637202725       0.12931590437084495       0.15560038938825463       0.18005201316681860       0.20224999902481414     
   9.3004494584813954E-002   1.5485450105445952E-002   3.4323174355584657E-002   5.9365356225826449E-002   8.8928389658588208E-002  0.12095611444692335       0.15345125130224369       0.18483182281170452       0.21407081824906504       0.24064995120634164     
  0.10182959482819059        1.8230423474835649E-002   4.0439238003248154E-002   7.0024012465203206E-002  0.10503817022442563       0.14307195729342559       0.18175622112457984       0.21919315899763939       0.25413583244040405       0.28594361867250889     
  0.11149209970080924        2.1322701032098351E-002   4.7346040492106570E-002   8.2102951902949445E-002  0.12336789427307217       0.16833491160799932       0.21420244381331974       0.25869610769389617       0.30030189909434729       0.33822790573726647     
  0.12207146966133181        2.4669299637681656E-002   5.4847750422612897E-002   9.5289304822690934E-002  0.14349284465416792       0.19622460632638125       0.25019156546429500       0.30267848227335814       0.35185310866710656       0.39674055237615874     
  0.13365470508911154        2.8317032773368445E-002   6.3061491984282750E-002  0.10981863098209443       0.16581951047657739       0.22735921002330725       0.29057223075879940       0.35221733203839556       0.41007950150108774       0.46296343415533131     
  0.14633706173946351        3.2524502777449935E-002   7.2578578329505636E-002  0.12675644744406264       0.19200847893072107       0.26406742240103309       0.33835757431852687       0.41098194333065075       0.47925335624108473       0.54170984027446478     
  0.16022283408774773        3.7291976405903420E-002   8.3426143743324258E-002  0.14621081953660756       0.22231019954907547       0.30678204672035242       0.39417232730040341       0.47977904881527250       0.56034768762077236       0.63410474825557861     
  0.17542621300415920        4.2399443857667113E-002   9.5152335867557683E-002  0.16748019343042791       0.25578366242985690       0.35433133592873456       0.45661786584213165       0.55699478588246876       0.65155890997195787       0.73819000869807205     
  0.19207222481239303        4.7950259523141525E-002  0.10803281935078636       0.19113748060096830       0.29340289397485064       0.40813529175063123       0.52756193654305705       0.64493573921694514       0.75562640864000608       0.85713219320688927     
  0.21029775945461360        5.4186456445329108E-002  0.12266602280849573       0.21833431519246260       0.33701473137003474       0.47079199861217202       0.61036610799929503       0.74773389269554291       0.87745652942965113       0.99660245161947558     
  0.23025269621793309        6.0947329448165992E-002  0.13877404021273043       0.24872616189599028       0.38623478473553907       0.54188823786258178       0.70464503907381726       0.86513695300311322        1.0170394105210578        1.1569134985100857     
  0.25210113627991265        6.8288525858898566E-002  0.15657778880437961       0.28284377153987894       0.44198566082599294       0.62281275812855108       0.81238841959771912       0.99988837848376688        1.1779765314503710        1.3425610886075818     
  0.27602275220902728        7.6344634900283592E-002  0.17649450014566395       0.32156603023574326       0.50572220838511728       0.71576362081278067       0.93678104666368656        1.1563615638064193        1.3659203213278031        1.5604708395293445     
  0.30221426551783803        8.5082586420293982E-002  0.19858744089361680       0.36516226960419629       0.57803701963831144       0.82194510942289589        1.0799971044932100        1.3379395090087451        1.5855503410519960        1.8168486768795931     
  0.33089106441964966        9.4616415199712076E-002  0.22326427336886959       0.41450787273599904       0.66054216723141623       0.94418901032579083        1.2465103373906843        1.5512816073343083        1.8451915540392947        2.1210498450208397     
  0.36228897509242902       0.10500173298532189       0.25081446894432702       0.47030698635436780       0.75479774257060006        1.0855506533033896        1.4416250854262174        1.8025130659698019        2.1536436100772813        2.4849402952046149     
  0.39666620101612027       0.11634094267957115       0.28164094789359873       0.53354715512617201       0.86307455426900492        1.2503190835112843        1.6711539460638005        2.1016855295105912        2.5232567950518479        2.9231924185767721     
  0.43430544633167090       0.12874421168542100       0.31617536564973353       0.60543246749764190       0.98829291686270337        1.4440096785102892        1.9440643006865403        2.4601385540532008        2.9687792670117759        3.4540150172573929     
  0.47551624068340170       0.14234478032077616       0.35492809707716722       0.68756024880305477        1.1345076239880132        1.6730184342513694        2.2705347504071915        2.8920468284645939        3.5086214038378989        4.1001242218038136     
  0.52063748466325777       0.15726755450622143       0.39845286032784832       0.78192448160145500        1.3056797580931938        1.9457686586219112        2.6628942590008591        3.4145924230918365        4.1651145304519215        4.8891000607011987     
  0.57004023678963622       0.17365610638794196       0.44746532058095495       0.89113126220313765        1.5080971890410240        2.2721959266653036        3.1363311661890307        4.0488525446091632        4.9655757978921899        5.8546291148382155     
  0.62413076493974640       0.19167705343769992       0.50292438513020554        1.0185730200393830        1.7487593811529418        2.6645174706051358        3.7093810949658934        4.8204033404694231        5.9430278993691328        7.0373469596252471     
  0.68335388732923041       0.21154351617453351       0.56614992333754977        1.1682156060929914        2.0363758641478675        3.1377290687922619        4.4045468436594462        5.7600441989508404        7.1370211781422839        8.4857636508778125     
  0.74819663051388374       0.23347481303058853       0.63876414018796834        1.3451855838365907        2.3813102899900120        3.7095232909983413        5.2481561786664468        6.9035775164045710        8.5933408102011413        10.255922027958203     
  0.81919223449536838       0.25771057731467684       0.72276871420802458        1.5552947710681113        2.7957884772809312        4.4005169610677406        6.2705486310926180        8.2919192334903578        10.364035933426775        12.411363808746819     
  0.89692453786727211       0.28463759314406178       0.82057114044796353        1.8058532540574002        3.2947181452772338        5.2352295609126118        7.5071152459231323        9.9721343290326185        12.508422879200246        15.024101197256014     
  0.98203277906312625       0.31472249480773345       0.93527218659426425        2.1054501086424953        3.8952815812542303        6.2413511313265770        8.9971488755917868        11.995841785401504        15.091067347972677        18.172226877291784     
   1.0752168531898927       0.34855590546681653        1.0704054950683561        2.4641912593494011        4.6171419085875947        7.4497517901699242        10.783549031904046        14.418579015205543        18.180820105458761        21.938654731810853     
   1.1772430676769294       0.38693579188536892        1.2302749046413759        2.8939629325779785        5.4826092393803352        8.8943645505610913        12.912329687537497        17.298927121531367        21.849590963430181        26.409581601781554     
   1.2889504440725368       0.43069711538046768        1.4200292415432645        3.4084604276055597        6.5163811152694082        10.611460221591093        15.431394560335034        20.696840989234577        26.170304329850520        31.672121647527245     
   1.4112576178114535       0.48103145141405523        1.6457408746051034        4.0231567727537811        7.7451309330816276        12.638728755458381        18.389164205444470        24.671944384715772        31.214959258777618        37.812178228129149     
   1.5451703926941469       0.53926857901526304        1.9145450268321655        4.7553061015508433        9.1971135012838801        15.014455186881971        21.833485819838959        29.282358232012559        37.053476652347626        44.913327122368628     
   1.6917900122028373       0.60699100282350271        2.2346369505699255        5.6236292733848696        10.901320825910890        17.776260631552258        25.810260142150963        34.583454905547910        43.752669020551849        53.055983693496479     
   1.8523222156741213       0.68610843784824527        2.6153788736729409        6.6481410627175306        12.886924050682273        20.960443718297785        30.363076573969003        40.627999647636692        51.376886497740443        62.318458953153034     
   2.0280871538024625       0.77889294682033650        3.0672612140319671        7.8497013435173084        15.182459465963190        24.601264909992040        35.533034405261681        47.466622663552180        59.989022593904345        72.778357760853780     
   2.2205302450155360       0.88802866433316885        3.6018419896120069        9.2495520790253600        17.815200304494663        28.730749036332977        41.359329632078570        55.149085838263495        69.652205315824730        84.514555533595527     
   2.4312340619997870        1.0166865907788318        4.2316923979937666        10.868937455553988        20.810883008224121        33.379152968579739        47.880576387230533        63.726065987256554        80.431730314451400        97.609268313180962     
   2.6619313461261318        1.1685350122027107        4.9701394650820561        12.728494248320395        24.193335905523259        38.575390321568207        55.135772179029154        73.250055494115600        92.395757278633980        112.14881696721271     
   2.9145192568009906        1.3478018970100800        5.8311077703527454        14.847969420867978        27.984758889228360        44.348185059527282        63.165606436332070        83.776227624578723        105.61601039842731        128.22471544027019     
   3.1910749729235515        1.5592580606085742        6.8287663395381024        17.245772137990539        32.205874706903899        50.726760381258245        72.012628985327737        95.361956394770843        120.16748715384496        145.93414551759383     
   3.4938727747491285        1.8082759555272401        7.9773889300096839        19.939040716282499        36.876813796567959        57.741968509818037        81.721537087730553        108.06698517581086        136.12951681508196        165.38192765260771     
   3.8254027466328799        2.1007973034531870        9.2910492134898899        22.943544172885556        42.017675772484424        65.426425262736188        92.338389800963014        121.95331174540988        153.58665269661429        186.68158309278377     
   4.1883912544574775        2.4433003436639420        10.783395458086313        26.273791974067464        47.649195121908647        73.814245593689591        103.91011743684213        137.08603845457102        172.62976613641379        209.95546199012958     
   4.5858233661428098        2.8427395978339076        12.467450401139901        29.943221061812864        53.793220513329196        82.940316186330236        116.48466049337262        153.53444960308744        193.35601187687433        235.33296770498438     
   5.0209673996144657        3.3064596501691526        14.355439534549625        33.964442446283932        60.472873379542499        92.839509428514788        130.11182736313626        171.37231527905553        215.86712246673127        262.94674286565180     
   5.4974018001037450        3.8421212114223704        16.458725804141071        38.349661808272131        67.712461208497345        103.54659260315795        144.84446401811235        190.67705698611508        240.26624989045547        292.92742727000632     
   6.0190445678066622        4.4576005343625935        18.787738113387562        43.111079178930147        75.536912983170197        115.09684579656091        160.73864434899616        211.52730629312342        266.65339822406651        325.40019899221068     
   6.5901854779032725        5.1608826328193169        21.351923248337229        48.261291534285995        83.971018329648118        127.52717935526267        177.85255407385412        233.99912122308208        295.12327283597193        360.48948599042103     
   7.2155213579010242        5.9599746004775263        24.159765717987341        53.813708512640368        93.038972007665762        140.87700053942407        196.24423905141813        258.16342324121280        325.77068256107793        398.32733133640431     
   7.9001947124089602        6.8627615092876120        27.218692954248670        59.782596353441392        102.76427439934038        155.18764299063503        215.96810037385097        284.08916394617262        358.69695369483406        439.04997033079871     
   8.6498360129766851        7.8769776024237883        30.535257648502249        66.183248206149088        113.17090209740390        170.50125405046623        237.07402833574730        311.85082111563946        394.00617637884369        482.78525055212526     
   9.4706100007722398        9.0100833770995283        34.115132955861910        73.031473785389977        124.28425686224229        186.85805484184814        259.61162521767920        341.52681267317791        431.79338958714527        529.64932359350530     
   10.369266382873457        10.269170759875887        37.963213493731168        80.342919289996217        136.13162686255640        204.29374527443628        283.63576029654604        373.18928990372785        472.14430156952892        579.76352977452291     
   11.353195339077612        11.660999413932270        42.084047234886050        88.132799720778223        148.74207454817642        222.84135444412061        309.20397698552807        406.90103119043465        515.15169178141707        633.25443894533851     
   12.430488295695186        13.191772055480657        46.481761561107014        96.415170027297023        162.14415277604962        242.53650145231182        336.36638573239355        442.72829075228145        560.91021099512193        690.23296183091611     
   13.610004466105526        14.867236573148386        51.160735261239523        105.20396728617088        176.36421554630837        263.42030983396370        365.16624221047374        480.74336849225881        609.50148821580240        750.81037193764496     
   14.901443705277449        16.692493662556618        56.125661424573188        114.51367627025842        191.42421953491984        285.53191218510273        395.65180576214527        521.00589431499384        661.00859490359028        815.09949539550098     
   16.315426277379739        18.672028507665960        61.382031335520587        124.36059962366635        207.34479208054117        308.90216327203876        427.87497128017685        563.57515605962317        715.51524524640536        883.20162783488274     
   17.863580192457370        20.809629965861891        66.936228812970299        134.76289923018152        224.15094283756201        333.56029818899782        461.87832171846117        608.51763294589352        773.09927760226651        955.22869437272846     
   19.558636830395095        23.108420786942414        72.795595801706384        145.73981298265440        241.87183048372731        359.54334676707373        497.70542893449499        655.89059301794146        833.84520458816996        1031.2762929068601     
   21.414535638539547        25.570722596121428        78.967879544047975        157.30934225967633        260.53202901551253        386.88515573771190        535.39863139405963        705.74931554489672        897.81734917965264        1111.4343185317057     
   23.446538763970572        28.198110062011427        85.460846016819389        169.48622921957363        280.14910785390748        415.61468657554428        574.99848348077887        758.14158118620480        965.08518893950520        1195.8034948723723     
   25.671356563109935        30.991396798491696        92.281745472015700        182.28214083983579        300.74519994119999        445.76329452331470        616.55971954592758        813.13878534982359        1035.7393279891912        1284.5016086689936     
   28.107285020807289        33.950569685580234        99.437089485877536        195.70991953748370        322.34807475560484        477.35205990275949        660.11635174305547        870.80775278261217        1109.8652751279474        1377.6094460425104     
   30.774356208980628        37.074992650607797        106.93371315669707        209.78695618194479        344.97263191442005        510.42116806216518        705.68650664642803        931.17277549536448        1187.4969935740260        1475.1673086106027     
   33.694503022121602        40.363320279479119        114.77947794555845        224.53133610803357        368.63279046542351        545.01482008528615        753.31778693182423        994.25457380960415        1268.6630655646572        1577.2773217161621     
   36.891739544382439        43.813632164710569        122.98355000961216        239.95885798744837        393.36555203429577        581.14343687753546        803.10364199683295        1060.1700422024107        1353.5197273895985        1684.1594649485205     
   40.392358531509046        47.423544392938254        131.55648580486988        256.08178961153311        419.19669987385868        618.79794416118148        855.06845173340503        1129.0418303241509        1442.2228105038218        1795.8551098618900     
   44.225147631630513        51.190475475284998        140.51120286312306        272.91014638248805        446.12172175830273        658.04900073961767        909.14386056101921        1200.7877750488833        1534.6330466817224        1912.1479514888615     
   48.421626123015102        55.111731662057785        149.86010270948697        290.45135312204650        474.13890662653057        698.99640259005650        965.40906384625953        1275.3379258874822        1630.7018356047197        2033.4164628394333     
   53.016304115627769        59.184944433309603        159.60922918751874        308.72526205811999        503.32264305660777        741.58837113721665        1024.1121343772516        1353.0712403319228        1731.0000271916219        2160.1900531580354     
   58.046966348054411        63.408249642385059        169.76057203504746        327.76613761069564        533.72652162462578        785.72824388254924        1085.1649101283065        1434.1402326647815        1835.5478888920215        2291.6960439155005     
   63.554982913623071        67.780353301083053        180.32510911359739        347.56646915176032        565.26794399512755        831.62772171788299        1148.2560362151785        1517.9172293244524        1943.4612832555506        2427.8553002485296     
   69.585649471004459        72.301249585362129        191.32098681931768        368.09402411900180        597.92232703648403        879.48148739780549        1213.8809303112785        1604.7738793457029        2055.7586436005931        2570.5591006996433     
   76.188559737046049        76.972472533474104        202.75265050867870        389.41448664483045        631.90231708333852        928.92772803752837        1282.3639147769793        1695.6570305891737        2173.2015166457686        2718.3326331039693     
   83.418013325063441        81.796204153713930        214.61378653872453        411.59997347810821        667.24982380222298        979.93705590934860        1352.8752381265481        1789.4673222838783        2293.8524444599475        2870.1136475528356     
   91.333462282486295        86.774855869630997        226.92640805704596        434.55471331203279        703.61439108586262        1033.2161176120110        1425.5828058936340        1885.7465313229723        2418.5348090856255        3029.6624284666777     
   100.00000000000004        91.911731696539249        239.72113868487966        458.22200457067260        741.24862452833202        1088.4386190537575        1501.9039479930234        1987.0624307383323        2549.8285902568591        3194.4834862006696     
