   1.0000000000000002E-003   2.2852718549475996E-008   5.0637522384378661E-008   8.7449823037227044E-008   1.3070182940522108E-007   1.7729642071157535E-007   2.2429765059170250E-007   2.6943693162673608E-007   3.1132486160381486E-007   3.4919174467510722E-007
   1.0948889651276870E-003   3.2638881292166105E-008   7.2315503267892852E-008   1.2488191649320527E-007   1.8664513979948064E-007   2.5317957715647896E-007   3.2029567582382484E-007   3.8475219209207482E-007   4.4456533340980336E-007   4.9863733092462114E-007
   1.1987818459583783E-003   4.6595199912369517E-008   1.0322861359937783E-007   1.7825973316237571E-007   2.6641627620850888E-007   3.6138508703347728E-007   4.5718219920614405E-007   5.4918324278038612E-007   6.3455782123408848E-007   7.1173673620718909E-007
   1.3125330147352270E-003   6.6485816435971562E-008   1.4728273631422329E-007   2.5432520137732484E-007   3.8009510764864635E-007   5.1558158912721229E-007   6.5225078035393839E-007   7.8350398931013398E-007   9.0530147128896876E-007   1.0154078515486542E-006
   1.4370779141993756E-003   9.4811608607272645E-008   2.1001567195565141E-007   3.6264208502333869E-007   5.4196848772191813E-007   7.3514909312272137E-007   9.3001595390057151E-007   1.1171591352182723E-006   1.2908206433105579E-006   1.4478124281547746E-006
   1.5734407502856105E-003   1.3511780899268042E-007   2.9927763620894431E-007   5.1676076395839442E-007   7.7228937862946545E-007   1.0475592316316542E-006   1.3252291961391985E-006   1.5918933783974451E-006   1.8393462516429561E-006   2.0630452104438185E-006
   1.7227429147699432E-003   1.9241226337831122E-007   4.2615707233846194E-007   7.3582871162737886E-007   1.0996663193750983E-006   1.4916142738733617E-006   1.8869759520774018E-006   2.2666658715573492E-006   2.6190024224440802E-006   2.9375102294140953E-006
   1.8862122071335180E-003   2.7376809430280710E-007   6.0631501679737465E-007   1.0468720893211097E-006   1.5645000240797116E-006   2.1221043578716875E-006   2.6845668912367969E-006   3.2247306486888199E-006   3.7259749393175237E-006   4.1790925592050287E-006
   2.0651929314796274E-003   3.8914464594753252E-007   8.6179966279196489E-007   1.4879684166451246E-006   2.2236661971406880E-006   3.0161815112742654E-006   3.8155922906041667E-006   4.5833063304726068E-006   5.2957014256780833E-006   5.9396962041123668E-006
   2.2611569515367451E-003   5.5254115141425003E-007   1.2235976735588539E-006   2.1126089143137552E-006   3.1571078137591648E-006   4.2822616191689452E-006   5.4171964220714205E-006   6.5071223553199758E-006   7.5185056698975680E-006   8.4327705859080984E-006
   2.4757157946593421E-003   7.8355976479461172E-007   1.7351153398463263E-006   2.9956953587713415E-006   4.4767423937725091E-006   6.0721452575705673E-006   7.6813953008177596E-006   9.2268039235357749E-006   1.0660830147083958E-005   1.1957149774858088E-005
   2.7106339043648361E-003   1.1095803046195587E-006   2.4569487986796977E-006   4.2418567288730849E-006   6.3388957347961555E-006   8.5978247448086827E-006   1.0876334977892061E-005   1.3064424566393709E-005   1.5094770339147436E-005   1.6930097664860193E-005
   2.9678431503900389E-003   1.5687341236543977E-006   3.4734848407264128E-006   5.9967502454861374E-006   8.9612307822404446E-006   1.2154494846111786E-005   1.5375387331970199E-005   1.8468409677617571E-005   2.1338424034645326E-005   2.3932787551265271E-005
   3.2494587155918438E-003   2.2138736003358905E-006   4.9017246549752245E-006   8.4622743198976702E-006   1.2645367451236203E-005   1.7151191532173848E-005   2.1695895582410344E-005   2.6060108429327696E-005   3.0109600470543903E-005   3.3770052743247531E-005
   3.5577964903394962E-003   3.1179015056469067E-006   6.9029619646096896E-006   1.1916875311118208E-005   1.7807236643538797E-005   2.4151908838004948E-005   3.0551224476560860E-005   3.6696180167285566E-005   4.2397899968602775E-005   4.7551997369079421E-005
   3.8953921174427275E-003   4.3809963748728639E-006   9.6988840360549510E-006   1.6743023227282753E-005   2.5018302827730191E-005   3.3931599334840726E-005   4.2921342756746025E-005   5.1553723252070687E-005   5.9563286937641913E-005   6.6802995186366273E-005
   4.2650218442334201E-003   6.1400502518947649E-006   1.3592311778481731E-005   2.3463337943519891E-005   3.5059134836671529E-005   4.7548529300705221E-005   6.0144615999643539E-005   7.2239418495099019E-005   8.3461199672904912E-005   9.3604438318178432E-005
   4.6697253532797080E-003   8.5809134329100927E-006   1.8994398856858336E-005   3.2787059878236595E-005   4.8989077414732219E-005   6.6438946360540730E-005   8.4037022416812393E-005   1.0093448698684040E-004   1.1661181936989612E-004   1.3078101772246998E-004
   5.1128307594829414E-003   1.1954464323654425E-005   2.6459751359324125E-005   4.5671131049188561E-005   6.8237229054503870E-005   9.2540131824037856E-005   1.1704871008581894E-004   1.4057968702637088E-004   1.6241033231797212E-004   1.8214176584885856E-004
   5.5979819791232878E-003   1.6596900667777655E-005   3.6731871160380058E-005   6.3397663256149943E-005   9.4717918475124496E-005   1.2844679589714953E-004   1.6245933600350169E-004   1.9511338330132109E-004   2.2540601992992681E-004   2.5278417132710695E-004
   6.1291686959257363E-003   2.2955507189225470E-005   5.0799415959331445E-005   8.7671557112467305E-005   1.3097669687435739E-004   1.7760873724670417E-004   2.2462904179883258E-004   2.6976897673682530E-004   3.1164236822857664E-004   3.4948349662254136E-004
   6.7107591705751436E-003   3.1621009368196032E-005   6.9967131215498864E-005   1.2074215122021974E-004   1.8037067157952174E-004   2.4457499385587196E-004   3.0930830837739074E-004   3.7144759565219267E-004   4.2908610367996323E-004   4.8117094377045448E-004
   7.3475361634921530E-003   4.3366168735873694E-005   9.5942220641970173E-005   1.6555173663020115E-004   2.4729013651404085E-004   3.3529164966648308E-004   4.2401033115731983E-004   5.0916410972949599E-004   5.8814245603945050E-004   6.5950944921601938E-004
   8.0447362662841772E-003   5.9193261418539153E-005   1.3093669152212942E-004   2.2591103576797932E-004   3.3742038141905271E-004   4.5745751037881525E-004   5.7845853092380450E-004   6.9458559593357121E-004   8.0227979084559629E-004   8.9958486220362006E-004
   8.8080929653170624E-003   8.0387897415409442E-005   1.7778780643200366E-004   3.0670543695238042E-004   4.5804544824430248E-004   6.2093508898740813E-004   7.8510769543047661E-004   9.4264960315551289E-004   1.0887330982230212E-003   1.2206989571763678E-003
   9.6438837915444661E-003   1.0858080189225282E-004   2.4008967452062167E-004   4.1412246371901556E-004   6.1838793536703987E-004   8.3820400827267719E-004   1.0597144122152203E-003   1.2722366220392647E-003   1.4692683644724515E-003   1.6472433366063598E-003
   1.0558981944335792E-002   1.4581216346457629E-004   3.2233924149150859E-004   5.5589564795521362E-004   8.2996667435057247E-004   1.1248426441872275E-003   1.4219235182203166E-003   1.7068923056199809E-003   1.9710473656198379E-003   2.2096174134151421E-003
   1.1560912813835747E-002   1.9459589750900406E-004   4.3006990783447886E-004   7.4153788624428294E-004   1.1069427498461625E-003   1.4999884584821108E-003   1.8958705591512431E-003   2.2755194204934605E-003   2.6273611993831054E-003   2.9450592417905367E-003
   1.2657915866672035E-002   2.5797107864821653E-004   5.6996790361141876E-004   9.8253203572026154E-004   1.4663942064348085E-003   1.9866895738032699E-003   2.5105989692662482E-003   3.0128873663768656E-003   3.4782494728854765E-003   3.8983420197222307E-003
   1.3859012403933871E-002   3.3951924006024413E-004   7.4989955260691015E-004   1.2923747235927998E-003   1.9283737847158478E-003   2.6120135319330729E-003   3.3001455354803133E-003   3.9596488572303029E-003   4.5704801146598459E-003   5.1217433071777136E-003
   1.5174079748634946E-002   4.4331919740380485E-004   9.7881335752211438E-004   1.6863998215286865E-003   2.5156287366236226E-003   3.4066007367768059E-003   4.3030244036887143E-003   5.1618035623565931E-003   5.9569065464006301E-003   6.6741937224640141E-003
   1.6613932472747905E-002   5.7438547575693185E-004   1.2677003990517685E-003   2.1834367645439841E-003   3.2560760120210058E-003   4.4079815655276803E-003   5.5663440973340531E-003   6.6755219090859482E-003   7.7019827509055162E-003   8.6275952691664062E-003
   1.8190411331788243E-002   7.3610287764155316E-004   1.6239407755783441E-003   2.7960465353486647E-003   4.1682135569157579E-003   5.6408711656844102E-003   7.1208913477320227E-003   8.5372484552692380E-003   9.8472459171566242E-003   1.1027911195191625E-002
   1.9916480638308576E-002   9.3344980062861119E-004   2.0583939646589239E-003   3.5427547525143329E-003   5.2793665887109860E-003   7.1418429133704867E-003   9.0123024619507483E-003   1.0800984773599524E-002   1.2454224161335604E-002   1.3943442728459298E-002
   2.1806334875063296E-002   1.1695170034722474E-003   2.5777049942133910E-003   4.4347904733448469E-003   6.6059213519227312E-003   8.9325159496488702E-003   1.1267072853616155E-002   1.3497678941143806E-002   1.5557749365609734E-002   1.7412102694666778E-002
   2.3875515424585839E-002   1.4482714598324741E-003   3.1904430260169207E-003   5.4866956962117096E-003   8.1691832775447303E-003   1.1041086170247207E-002   1.3919869277009137E-002   1.6667804259169649E-002   1.9203347893874602E-002   2.1483662383486958E-002
   2.6141038375114913E-002   1.7711998258954191E-003   3.8996835070955103E-003   6.7035691225182407E-003   9.9763722118716754E-003   1.3476602222352007E-002   1.6981212496453752E-002   2.0322707085498801E-002   2.3402494385604159E-002   2.6169309323809134E-002
   2.8621534453892730E-002   2.1387683291445264E-003   4.7062560598313758E-003   8.0865819834223356E-003   1.2028949095115728E-002   1.6240463684763565E-002   2.0451832841604217E-002   2.4461741119129018E-002   2.8152750217683258E-002   3.1464838993171353E-002
   3.1337402238589059E-002   2.5526130104024441E-003   5.6134992723366256E-003   9.6414050751052107E-003   1.4335137745217087E-002   1.9343317329228862E-002   2.4344033250720726E-002   2.9098374358556910E-002   3.3468193048707712E-002   3.7383865134213864E-002
   3.4310975906798831E-002   3.0188759353303452E-003   6.6346430414050963E-003   1.1390551180985474E-002   1.6928404084040470E-002   2.2830092704750643E-002   2.8713959353557889E-002   3.4298329538858648E-002   3.9422240037386348E-002   4.4006438419730468E-002
   3.7566708903115982E-002   3.5488853456178684E-003   7.7943954316034118E-003   1.3376351949634822E-002   1.9871813531939092E-002   2.6785911422083569E-002   3.3668161311786710E-002   4.0188239040160383E-002   4.6159317670031098E-002   5.1491365074480405E-002
   4.1131375034185735E-002   4.1705211507805087E-003   9.1535586181790817E-003   1.5703123590234302E-002   2.3320544761085756E-002   3.1420449319907125E-002   3.9470274523182677E-002   4.7081864578719011E-002   5.4038091033795733E-002   6.0236856096609510E-002
   4.5034288645458394E-002   4.9384021237047068E-003   1.0831544280384398E-002   1.8575316432412850E-002   2.7578552181490766E-002   3.7143620706505266E-002   4.6635344328391129E-002   5.5592796330639002E-002   6.3760966418213230E-002   7.1023285248706006E-002
   4.9307545690287481E-002   5.9213645697212330E-003   1.2978509757655930E-002   2.2250267960031270E-002   3.3027959902723544E-002   4.4470837358393883E-002   5.5810764463013883E-002   6.6491833437224271E-002   7.6209412881685479E-002   8.4828071131510710E-002
   5.3986287673825017E-002   7.1894576938638160E-003   1.5746890844754970E-002   2.6988695735698953E-002   4.0056518710793243E-002   5.3925299055835152E-002   6.7654316483958352E-002   8.0562462174363816E-002   9.2279031333539166E-002  0.10264376228406293     
   5.9108990642279875E-002   8.8151019380211821E-003   1.9294098670622369E-002   3.3059879863341947E-002   4.9065019809934669E-002   6.6049435350523863E-002   8.2849573339015728E-002   9.8620398713068685E-002  0.11290351544699778       0.12550527890595894     
   6.4717781594067936E-002   1.0761095646720280E-002   2.3537555000775569E-002   4.0323792363851356E-002   5.9849634817009376E-002   8.0576331010955377E-002  0.10107151915003533       0.12028909196906543       0.13766051902416263       0.15294916837948247     
   7.0858784914888756E-002   1.2860981151050064E-002   2.8113654050004516E-002   4.8160918977979181E-002   7.1500900915786689E-002   9.6297628405752914E-002  0.12082639783524161       0.14381609936044343       0.16457044629565884       0.18279987729404687     
   7.7582501685667909E-002   1.4788098926750461E-002   3.2311447849297750E-002   5.5362422811495761E-002   8.2241670721129284E-002  0.11084902553262219       0.13918721059061276       0.16576467282836099       0.18975239631481391       0.21080074018461850     
   8.4944224982638025E-002   1.6330762274599210E-002   3.5673794879612190E-002   6.1157916688384197E-002   9.0950022260051638E-002  0.12275301656406767       0.15434492888906576       0.18403725576526694       0.21086877901364542       0.23441991725156108     
   9.3004494584813954E-002   1.7688270177292100E-002   3.8640787940220273E-002   6.6311039666227201E-002   9.8779492215271894E-002  0.13359004669853347       0.16831532813997443       0.20106852854424964       0.23074317806566130       0.25683322106920031     
  0.10182959482819059        1.9590033833045237E-002   4.2806622976428621E-002   7.3558791666711504E-002  0.10980412813868151       0.14885994220467599       0.18800782236146246       0.22508229712794428       0.25877390234052428       0.28845716255186937     
  0.11149209970080924        2.2984310878987758E-002   5.0238986618621924E-002   8.6447308727205574E-002  0.12930208324843009       0.17568415074626420       0.22235827046449033       0.26669327228571849       0.30706158287560342       0.34266402412663866     
  0.12207146966133181        2.7924855212988993E-002   6.1060841089571223E-002  0.10521249369018751       0.15766960850962392       0.21465341139870586       0.27215905949053898       0.32688175924115087       0.37675144464065619       0.42073933773200450     
  0.13365470508911154        3.2481287799382148E-002   7.1090710820846448E-002  0.12276390426165455       0.18448969250374644       0.25188143444340183       0.32015812539590088       0.38531273828398682       0.44480185505493158       0.49733970452476012     
  0.14633706173946351        3.4799875993245410E-002   7.6327916340669003E-002  0.13233191628777874       0.19983545391060703       0.27414705484849183       0.34994730825504405       0.42267154744559593       0.48936431811953474       0.54849490940166390     
  0.16022283408774773        3.6842446487349280E-002   8.1060535119803920E-002  0.14128665885307568       0.21467327803388592       0.29622312216299135       0.38001763256031645       0.46088224149269208       0.53541975217054827       0.60182998439165414     
  0.17542621300415920        4.2618574358316362E-002   9.4034017428651903E-002  0.16462296295879733       0.25126607590994388       0.34801802851670532       0.44772478367886731       0.54415985688783408       0.63324829331194532       0.71281891056183277     
  0.19207222481239303        5.0138748863295002E-002  0.11097548759867097       0.19514845004682577       0.29908210144605463       0.41550623886313803       0.53568779929206256       0.65211836225888253       0.75991954832358455       0.85647679024471490     
  0.21029775945461360        5.3619425173910475E-002  0.11937532954684639       0.21159668818686966       0.32675865898977519       0.45679110122613509       0.59190454140067061       0.72368368133404581       0.84657607462811402       0.95747326657818022     
  0.23025269621793309        5.7951889931226408E-002  0.12992273224922954       0.23231014261730581       0.36152574585945901       0.50852194226949154       0.66234779868689342       0.81354774933906182       0.95571207880991849        1.0850520551639684     
  0.25210113627991265        6.7091636125312520E-002  0.15132195139902169       0.27230159936011300       0.42575385683369771       0.60094165936660826       0.78512566365870495       0.96721494888825543        1.1394610331644777        1.2972873834551188     
  0.27602275220902728        7.2304624021233749E-002  0.16463435068324248       0.29926796741402589       0.47182987039984636       0.67073470321505224       0.88208098751762820        1.0935601271996847        1.2951880794069899        1.4814550381373255     
  0.30221426551783803        7.9690658621491384E-002  0.18324899449831170       0.33626593783391795       0.53422461225806106       0.76470879635944011        1.0125440017531144        1.2623143653387514        1.5032262437348727        1.7275111521879423     
  0.33089106441964966        8.8520234329713093E-002  0.20568852191829926       0.38096040017169486       0.61000375179891519       0.87977004786233948        1.1729196471559376        1.4716446153799640        1.7621426410401311        2.0345882717960873     
  0.36228897509242902        9.6269122919231717E-002  0.22652328656027121       0.42430874775963101       0.68648032517729995        1.0000172817456570        1.3449439932357707        1.7005341592582723        2.0495402077439948        2.3795428955663116     
  0.39666620101612027       0.10629403708053659       0.25324787908466878       0.47962511953106685       0.78448740180442611        1.1539718349759531        1.5656646391093993        1.9941401395777283        2.4181435571503038        2.8219816910305724     
  0.43430544633167090       0.11627628893044094       0.28092034535399668       0.53902785000773656       0.89294025742244965        1.3289424343110725        1.8205660506841623        2.3372673907367578        2.8528581790939826        3.3475144814795494     
  0.47551624068340170       0.12722015378635179       0.31197641665238801       0.60752848131429438        1.0208661230703333        1.5380493320219544        2.1279618402775480        2.7537322374721307        3.3830564657082491        3.9909774147199397     
  0.52063748466325777       0.13949078575188131       0.34755865743507119       0.68814563156186292        1.1740365724428490        1.7909804072070248        2.5022500819641995        3.2631678366851604        4.0338673417909972        4.7830098055047365     
  0.57004023678963622       0.15253025443287233       0.38689538047731764       0.78055059271413663        1.3538092046732042        2.0918731722530062        2.9513715928108533        3.8780377321639197        4.8227600262476704        5.7464097314172307     
  0.62413076493974640       0.16675073512458274       0.43152440599315783       0.88882371645512470        1.5680961722663793        2.4540423394391455        3.4950379982272071        4.6250793219630681        5.7838027505296044        6.9225992574747615     
  0.68335388732923041       0.18233176630087991       0.48265861917765129        1.0165191502796123        1.8246267037328183        2.8909379648142184        4.1535118855167754        5.5320030988127185        6.9525045872592193        8.3550730673686573     
  0.74819663051388374       0.19941995253472419       0.54147143567187894        1.1676274489601735        2.1321617451879660        3.4177361558496258        4.9494679857065398        6.6296165851157678        8.3681561474607236        10.091765965127657     
  0.81919223449536838       0.21822088206977761       0.60956356334122275        1.3469885446470702        2.5011075577908266        4.0520852262061595        5.9087835131992161        7.9525502409829061        10.074443726128345        12.185618623815056     
  0.89692453786727211       0.23902870470768472       0.68883346771760967        1.5605103647662182        2.9437638385721532        4.8142831472512082        7.0605654201352728        9.5390786253248709        12.119027003155033        14.693884713091499     
  0.98203277906312625       0.26225081420079704       0.78163257164208810        1.8152587619018556        3.4744117082066319        5.7272061254372471        8.4367786407874270        11.430409959853458        14.552492127105749        17.676744891470452     
   1.0752168531898927       0.28831021549913805       0.89078538083458292        2.1195115830340678        4.1092068667296786        6.8159018485552316        10.071483436501799        13.669501763034116        17.426752058166873        21.195392829885051     
   1.1772430676769294       0.31780005601254940        1.0196521804267125        2.4827990740791130        4.8660446351824023        8.1071427795363604        11.999966400036289        16.299811313428169        20.793473432142168        25.310112216584205     
   1.2889504440725368       0.35137152791868459        1.1721997470425316        2.9159427712904225        5.7643826118913877        9.6288202400110325        14.257747370181429        19.364002796518829        24.702555150001956        30.078661105025780     
   1.4112576178114535       0.38981267483125392        1.3530975253038500        3.4310853714262843        6.8249665180927179        11.409395111154193        16.879760768230071        22.902957397786007        29.201156837662854        35.555406970042377     
   1.5451703926941469       0.43409408065549560        1.5678255505417134        4.0416865749250643        8.0695513999421742        13.477259794118645        19.899579878046701        26.955105386507196        34.333236624219552        41.791105802601528     
   1.6917900122028373       0.48536443050178685        1.8226446646494998        4.7622313547562758        9.5202005025824423        15.859777787715489        23.348452122547457        31.555662985034054        40.139227258693886        48.833284626189780     
   1.8523222156741213       0.54500493142666229        2.1246687215940057        5.6081254341297031        11.198906934031109        18.582859542269567        27.255117526411993        36.737076837115048        46.657265559157750        56.728036498531409     
   2.0280871538024625       0.61465441112759467        2.4818535737908878        6.5953563546533696        13.127049106380481        21.670509111132215        31.645836778113928        42.529701244416323        53.924569842523681        65.522217922859326     
   2.2205302450155360       0.69624331732637845        2.9029439317467651        7.7402046266717059        15.324940427251905        25.144599300056250        36.544789523765694        48.962971697078231        61.979284241914570        75.265637709346450     
   2.4312340619997870       0.79203990630127818        3.3974297286172574        9.0589210619125531        17.811615679727240        29.025150364965416        41.975010462338481        56.066996706608862        70.862441156102648        86.012980270232873     
   2.6619313461261318       0.90467840980109937        3.9754163838120826        10.567461667398803        20.604556917895689        33.330492509781891        47.959262658018758        63.873805213969248        80.618962338888693        97.824212621172308     
   2.9145192568009906        1.0371867992253454        4.6474946193602893        12.281126358730901        23.719704963423659        38.077817104600499        54.521151794972930        72.418389465683106        91.297986015352080        110.76394415453240     
   3.1910749729235515        1.1930015315265616        5.4245375576813677        14.214382144430092        27.171437162003578        43.283841647511188        61.685854633826068        81.738784251255453        102.95182880014437        124.89932703255613     
   3.4938727747491285        1.3759910065223480        6.3175956354221627        16.380713407345894        30.972841307686281        48.965456809833888        69.480911645799168        91.875714169786335        115.63442922229714        140.29878854202420     
   3.8254027466328799        1.5904544720029337        7.3376597147855529        18.792511336135032        35.135931466362827        55.140413430736253        77.936064113233982        102.87128581741435        129.39993091930322        157.03129686295591     
   4.1883912544574775        1.8410931690548089        8.4955465507106691        21.461011838186113        39.672024462511395        61.827917987990439        87.082747888685446        114.76750004848664        144.30228660455052        175.16834425002341     
   4.5858233661428098        2.1330078263978178        9.8017548971746216        24.396293999803657        44.592148162329714        69.048826482063532        96.953034764397145        127.60582218746778        160.39702262376176        194.78657756136943     
   5.0209673996144657        2.4716267953344242        11.266286463850140        27.607264947207575        49.907432368515877        76.825457671289001        107.57840980978361        141.42760970776291        177.74338528082058        215.96941763526036     
   5.4974018001037450        2.8626741569671625        12.898565273294631        31.101697100040511        55.629645569239926        85.180974781509164        118.98936202287153        156.27619370333372        196.40603018857260        238.80602004947647     
   6.0190445678066622        3.3121080311703008        14.707397028343360        34.886476282379313        61.771616007873355        94.138540120832872        131.21624294439147        172.19881630380837        216.45416510190114        263.38731350085828     
   6.5901854779032725        3.8260501254934201        16.700839919340964        38.967652372419892        68.347373097398531        103.72043882621078        144.29084634787554        189.24660065943777        237.95798768324167        289.79942849343149     
   7.2155213579010242        4.4107116856418545        18.886137481568543        43.350667635938422        75.372087267319657        113.94787737615103        158.24780615754756        207.47256748266304        260.98351033006782        318.11780489279732     
   7.9001947124089602        5.0723227233203945        21.269675922778507        48.040730161194404        82.861345286717210        124.84190210803565        173.12492000633955        226.92799310495434        285.58717720340439        348.41098246894848     
   8.6498360129766851        5.8170725562774512        23.856934569837918        53.043173066282421        90.830745367395508        136.42516712613488        188.96129884226593        247.65766223116117        311.81926877377839        380.75622534734310     
   9.4706100007722398        6.6510411734176982        26.652468805702032        58.363828953547682        99.294947872658597        148.72276502160145        205.79441631567676        269.69919371197716        339.73808601398201        415.24429062753836     
   10.369266382873457        7.5801168547314797        29.659807432163948        64.009323677137232        108.26755983301824        161.76205893250935        223.65616452145727        293.09154042770189        369.41375779667970        451.96040147852892     
   11.353195339077612        8.6100019394033520        32.881654324964956        69.987486513556917        117.76227045534490        175.57139247749583        242.57295441187469        317.88427380548848        400.91185950364627        490.96813448706985     
   12.430488295695186        9.7460453532407172        36.319643608930313        76.306823470812759        127.79366395865837        190.17671128264092        262.57228707322940        344.12882386577184        434.27691554158093        532.32732154751204     
   13.610004466105526        10.993319714273509        39.974724289763216        82.976621889962914        138.37877944654451        205.59917097366639        283.69078559856894        371.86459999978416        469.55271169830115        576.12083353263222     
   14.901443705277449        12.356462206894879        43.847092074775304        90.005935548787676        149.53659674846705        221.85538430489817        305.96678724603726        401.12155240084559        506.80518928614748        622.41939317196966     
   16.315426277379739        13.839642814378692        47.936400957355545        97.403044023517154        161.28646405233087        238.96521427935218        329.42657155551865        431.94052534790353        546.08487860431273        671.27056841473598     
   17.863580192457370        15.446609263936704        52.242239124227822        105.17570208704456        173.64627119876832        256.95659307869585        354.08978071512661        464.36434999542070        587.42291209170787        722.74552095847230     
   19.558636830395095        17.180567318656280        56.764265764289462        113.33164341646520        186.63045134575083        275.85525211419855        379.98912853090394        498.42131954565855        630.87993469000162        776.90459629886914     
   21.414535638539547        19.044131499702360        61.502566573085190        121.87965000933126        200.24932244887748        295.67612366974254        407.15660212506032        534.15043410921749        676.49774771417015        833.80422951079174     
   23.446538763970572        21.039318197941427        66.458191945984296        130.83030165403648        214.51418008092526        316.43453302298207        435.60572189475204        571.58601255823646        724.31818215309511        893.49943856590346     
   25.671356563109935        23.167538168463594        71.633201602825395        140.19652688706415        229.44419738220387        338.15679254997747        465.36165172575016        610.74594561209312        774.37567934409697        956.03212532150746     
   28.107285020807289        25.429534528964091        77.030537029535111        149.99282821659926        245.06182743176623        360.86019912819086        496.45964191821179        651.66575052007590        826.69954920659438        1021.4482293218136     
   30.774356208980628        27.825537870104643        82.653996677132952        160.23182329114798        261.37853031348322        384.55003859853105        528.92367074354433        694.39536121441199        881.36565523595459        1089.8687369867043     
   33.694503022121602        30.355129065617280        88.508152601726295        170.92039096871184        278.39656351753541        409.25352905799508        562.75690115639463        738.97154424851999        938.43005547164785        1161.2717297927920     
   36.891739544382439        33.017213653133346        94.597460555088631        182.06377098687497        296.13082952679605        435.00588245720451        597.96466321370553        785.33376558376369        997.78555683421644        1235.5918108407286     
   40.392358531509046        35.809974309668270        100.92618851577748        193.67193829488852        314.60812917931810        461.80231839950653        634.64812845504127        833.58894366911488        1059.6044299811310        1313.2028096859488     
   44.225147631630513        38.731040659906625        107.49934685240878        205.75854360698725        333.83563284530936        489.61454153541769        672.80671678721126        883.89651218002211        1124.0896091275843        1393.9818980199043     
   48.421626123015102        41.777725767368111        114.32135338206299        218.33268083002520        353.79448024297960        518.53141148614020        712.29129690522711        935.98476659476160        1190.8167663922029        1477.5729709754760     
   53.016304115627769        44.946688611331972        121.39632423716779        231.40195035128727        374.50952053492796        548.60595920613332        753.33810050119837        989.94318391493528        1260.0601460978321        1564.8513162230945     
   58.046966348054411        48.233888125592124        128.73106048930072        244.98538470238239        396.05873372768804        579.66690331999382        796.05270788650603        1046.2809549885264        1332.3741344290775        1655.4424107005686     
   63.554982913623071        51.635310443296760        136.33651184404945        259.08467102725632        418.38311550388573        611.83978452898657        840.00046720176488        1104.3226004034125        1406.7054644879538        1748.6263079010805     
   69.585649471004459        55.146992449518194        144.22434892809812        273.67071209786735        441.40059226122384        645.37551159570830        885.56113196183878        1164.2154665342673        1483.7265922304384        1846.1226968135175     
   76.188559737046049        58.764985007090345        152.39601063434989        288.79857810556177        465.35189807278556        679.84427319142503        933.10333981383212        1226.9358622938053        1564.3107627620220        1946.8516400732829     
   83.418013325063441        62.485847090060432        160.84701823912263        304.50477808002688        490.15288358118511        715.35495980537962        981.63855469492364        1291.0668903119795        1646.3676628269416        2050.0291783344192     
   91.333462282486295        66.305171566987042        169.60209860785284        320.66834614086724        515.54397542466211        752.52820453891115        1031.9439844437693        1357.2341623330954        1731.7798764481124        2158.5078651505246     
   100.00000000000004        70.218569316946684        178.66813309740877        337.35629984632050        541.95900995509965        790.46145255688089        1084.5383226726085        1426.6411898438928        1820.8592463909965        2269.2638513593215     
