   1.0000000000000002E-003   2.1954003485717170E-008   4.5528347453302755E-008   7.4797155800418260E-008   1.0786427325851504E-007   1.4292130258885672E-007   1.7832573792756429E-007   2.1269038779295522E-007   2.4495130029960512E-007   2.7439452523594755E-007
   1.0948889651276870E-003   3.0873330429812543E-008   6.4025288793537938E-008   1.0518518265302776E-007   1.5168647420255678E-007   2.0098604739890869E-007   2.5077408820239023E-007   2.9909983728232843E-007   3.4446710730756052E-007   3.8587191266137518E-007
   1.1987818459583783E-003   4.3358498152453056E-008   8.9917074691094302E-008   1.4772192719031047E-007   2.1302812900895439E-007   2.8226410386643646E-007   3.5218594718427026E-007   4.2005403223388456E-007   4.8376714768052255E-007   5.4191533620997819E-007
   1.3125330147352270E-003   6.0829438284348241E-008   1.2614835064566688E-007   2.0724501409732710E-007   2.9886544677983298E-007   3.9599889575654321E-007   4.9409434990261419E-007   5.8930830628029090E-007   6.7869294568269467E-007   7.6027024780634478E-007
   1.4370779141993756E-003   8.5276239435510535E-008   1.7684614223760860E-007   2.9053452860553836E-007   4.1897577525138825E-007   5.5514528749355524E-007   6.9266304149691339E-007   8.2614092251419402E-007   9.5144650705407029E-007   1.0658069402123285E-006
   1.5734407502856105E-003   1.1948922038099319E-007   2.4779697031917049E-007   4.0709682706849375E-007   5.8706787789034736E-007   7.7786714142335535E-007   9.7055491568399552E-007   1.1575814631549540E-006   1.3331565902555198E-006   1.4933951600549849E-006
   1.7227429147699432E-003   1.6736105231810747E-007   3.4707337316632202E-007   5.7019378393536552E-007   8.2226611812250549E-007   1.0895037555199004E-006   1.3593854196541168E-006   1.6213368363362812E-006   1.8672483257676860E-006   2.0916785452566554E-006
   1.8862122071335180E-003   2.3433202535077333E-007   4.8595726608753543E-007   7.9835966906974043E-007   1.1512977906063379E-006   1.5254678911163924E-006   1.9033382098909661E-006   2.2701033758653536E-006   2.6144090269222150E-006   2.9286369681749746E-006
   2.0651929314796274E-003   3.2800431388813803E-007   6.8021374482900317E-007   1.1174936992595317E-006   1.6115105252649887E-006   2.1352435086538601E-006   2.6641527461323948E-006   3.1775150392044146E-006   3.6594380199620808E-006   4.0992591078961997E-006
   2.2611569515367451E-003   4.5898362064392879E-007   9.5183638162538727E-007   1.5637270900640704E-006   2.2550064194924507E-006   2.9878629323387302E-006   3.7279574799340568E-006   4.4462924863406463E-006   5.1206307779932570E-006   5.7360535318068261E-006
   2.4757157946593421E-003   6.4200978439361587E-007   1.3313916976980567E-006   2.1872743078561973E-006   3.1541951901492992E-006   4.1792638187426139E-006   5.2144479831508088E-006   6.2191883659788547E-006   7.1623827161818374E-006   8.0231657482020872E-006
   2.7106339043648361E-003   8.9756250781149074E-007   1.8613488074173922E-006   3.0579025415501659E-006   4.4096804572653670E-006   5.8427368489126134E-006   7.2899205366636184E-006   8.6945299877708753E-006   1.0013086562497295E-005   1.1216423949299785E-005
   2.9678431503900389E-003   1.2540627568569921E-006   2.6006441419505858E-006   4.2724297641311833E-006   6.1610706226941457E-006   8.1632473707004257E-006   1.0185137829445987E-005   1.2147523540735362E-005   1.3989663285559706E-005   1.5670813713465790E-005
   3.2494587155918438E-003   1.7508114299253666E-006   3.6307747485345349E-006   5.9647332404850247E-006   8.6014086914847034E-006   1.1396550248848515E-005   1.4219172774704165E-005   1.6958685577720146E-005   1.9530298222861046E-005   2.1877140960168475E-005
   3.5577964903394962E-003   2.4420050874965574E-006   5.0641245695516387E-006   8.3194251851893429E-006   1.1996888207838444E-005   1.5895305662120156E-005   1.9831983453320601E-005   2.3652683401536377E-005   2.7239159740465248E-005   3.0512112408031337E-005
   3.8953921174427275E-003   3.4022264595816594E-006   7.0553480684455879E-006   1.1590549004331368E-005   1.6713805595126358E-005   2.2144777889443564E-005   2.7628938164801766E-005   3.2951420526734031E-005   3.7947515074241038E-005   4.2506775345967141E-005
   4.2650218442334201E-003   4.7340661882127271E-006   9.8171718621278982E-006   1.6127530004159589E-005   2.3255967864216690E-005   3.0812378699474437E-005   3.8442603382325632E-005   4.5847698585766684E-005   5.2798529375401586E-005   5.9141472689991595E-005
   4.6697253532797080E-003   6.5771382358835087E-006   1.3639083823026958E-005   2.2405864004608239E-005   3.2308923099857115E-005   4.2806237174722654E-005   5.3405776601362110E-005   6.3692270637483601E-005   7.3347465146403316E-005   8.2158026769737396E-005
   5.1128307594829414E-003   9.1213359125774605E-006   1.8914811795534459E-005   3.1072236201319879E-005   4.4804984120599269E-005   5.9361297184735984E-005   7.4058836106553460E-005   8.8321789742454548E-005   1.0170894221219017E-004   1.1392460165968421E-004
   5.5979819791232878E-003   1.2624541136426108E-005   2.6179030145289735E-005   4.3004784122744264E-005   6.2010064548928632E-005   8.2154278519197709E-005   1.0249305624621736E-004   1.2222959772422386E-004   1.4075347498492636E-004   1.5765570353454771E-004
   6.1291686959257363E-003   1.7434138049185228E-005   3.6151944695389407E-005   5.9386278771316981E-005   8.5629102203503747E-005   1.1344320686182717E-004   1.4152450214173739E-004   1.6877289832035382E-004   1.9434581754394802E-004   2.1767891643101079E-004
   6.7107591705751436E-003   2.4015335504632902E-005   4.9797980725820776E-005   8.1800435293234613E-005   1.1794476991611577E-004   1.5625095386598905E-004   1.9492271469321603E-004   2.3244513726850094E-004   2.6765825243413934E-004   2.9978543240573649E-004
   7.3475361634921530E-003   3.2987707238996406E-005   6.8401487151398632E-005   1.1235611660422680E-004   1.6199630403284003E-004   2.1460178142871731E-004   2.6770533665561346E-004   3.1922680594353661E-004   3.6757395451422764E-004   4.1168123405425748E-004
   8.0447362662841772E-003   4.5169772736873703E-005   9.3659079100456510E-005   1.5383877729828005E-004   2.2179745196745701E-004   2.9380948367869651E-004   3.6649681853103501E-004   4.3701232469885160E-004   5.0317759605479585E-004   5.6353561724221154E-004
   8.8080929653170624E-003   6.1633359309006889E-005   1.2779221504121934E-004   2.0989500944405105E-004   3.0260190525537934E-004   4.0082808510936172E-004   4.9996471402405037E-004   5.9612892837443052E-004   6.8635132354305712E-004   7.6864715149249077E-004
   9.6438837915444661E-003   8.3768086035546853E-005   1.7368070136972806E-004   2.8525126654677801E-004   4.1121764685147328E-004   5.4466680259069829E-004   6.7933545570163657E-004   8.0994952736385540E-004   9.3247807245244339E-004   1.0442289661796308E-003
   1.0558981944335792E-002   1.1335336368286468E-004   2.3501171226548046E-004   3.8595779959082750E-004   5.5635711790767998E-004   7.3685166372127299E-004   9.1896730382318235E-004   1.0955725395847427E-003   1.2612206835393178E-003   1.4122775874308960E-003
   1.1560912813835747E-002   1.5263789762172595E-004   3.1644430101015537E-004   5.1965768188674756E-004   7.4902280794500366E-004   9.9193289880004768E-004   1.2369788860449036E-003   1.4745662322462436E-003   1.6973733559418277E-003   1.9005207944707790E-003
   1.2657915866672035E-002   2.0441223218565371E-004   4.2375944960133279E-004   6.9583166496552150E-004   1.0028570126922359E-003   1.3279432812002667E-003   1.6558144340425430E-003   1.9736350614945300E-003   2.2716205239835113E-003   2.5432589446554221E-003
   1.3859012403933871E-002   2.7207163277213962E-004   5.6399012407727601E-004   9.2600978207280299E-004   1.3344424375433196E-003   1.7667892674652992E-003   2.2027223256605197E-003   2.6251791713483934E-003   3.0211688837579920E-003   3.3820602614660637E-003
   1.5174079748634946E-002   3.5963986110021856E-004   7.4547042700850411E-004   1.2238498350293076E-003   1.7634096214957339E-003   2.3343837692740284E-003   2.9099077631119727E-003   3.4674608984719426E-003   3.9899219532103505E-003   4.4659385894276942E-003
   1.6613932472747905E-002   4.7175091009584537E-004   9.7779796258018188E-004   1.6050735152014395E-003   2.3123380999806506E-003   3.0605030820392370E-003   3.8143372058095154E-003   4.5443506449345892E-003   5.2281641362746118E-003   5.8509752759817969E-003
   1.8190411331788243E-002   6.1352208722910873E-004   1.2715715955090524E-003   2.0870347106055061E-003   3.0061273986135969E-003   3.9779397908849727E-003   4.9566609325172534E-003   5.9040159019767870E-003   6.7910215057047901E-003   7.5985640296451157E-003
   1.9916480638308576E-002   7.9035448042326709E-004   1.6379795494183100E-003   2.6880442973697596E-003   3.8710189531942865E-003   5.1211933974342665E-003   6.3795566853806574E-003   7.5969155181481616E-003   8.7361165773104741E-003   9.7727460593540431E-003
   2.1806334875063296E-002   1.0076157319514648E-003   2.0881445991231800E-003   3.4262999344796402E-003   4.9330540216354106E-003   6.5244182484199796E-003   8.1251488917664077E-003   9.6726910881259863E-003   1.1119950447050714E-002   1.2436115613327123E-002
   2.3875515424585839E-002   1.2702704049365563E-003   2.6323616888188619E-003   4.3186445222597172E-003   6.2162942417732462E-003   8.2190676447670783E-003   1.0232057701871914E-002   1.2176622831674790E-002   1.3993786485394580E-002   1.5645167924338000E-002
   2.6141038375114913E-002   1.5826510259339666E-003   3.2796279033529673E-003   5.3798101807295265E-003   7.7417548711142129E-003   1.0232498654885173E-002   1.2733662557039605E-002   1.5147546780396712E-002   1.7401225849505958E-002   1.9447547617957930E-002
   2.8621534453892730E-002   1.9485668692216984E-003   4.0378728363596288E-003   6.6228161435749272E-003   9.5280145718444637E-003   1.2588818334796107E-002   1.5659183966241368E-002   1.8619151861669472E-002   2.1379689185573432E-002   2.3883681348646386E-002
   3.1337402238589059E-002   2.3723438214798354E-003   4.9161185787864776E-003   8.0625336591592361E-003   1.1596394363308173E-002   1.5315792837096725E-002   1.9042339583817111E-002   2.2630315332116582E-002   2.5972304236024337E-002   2.9000056132614936E-002
   3.4310975906798831E-002   2.8612457442866433E-003   5.9295029709386642E-003   9.7239445768727110E-003   1.3982889230714871E-002   1.8460686185023265E-002   2.2941118827345126E-002   2.7248664832934068E-002   3.1254978039891586E-002   3.4879447263690966E-002
   3.7566708903115982E-002   3.4283462239829920E-003   7.1052389620817448E-003   1.1651933218501337E-002   1.6752296366244122E-002   2.2108989767078313E-002   2.7461137061390938E-002   3.2598368408202148E-002   3.7368278738238052E-002   4.1676457160787744E-002
   4.1131375034185735E-002   4.0976778888262974E-003   8.4932987686957857E-003   1.3928827613798062E-002   2.0023471297118279E-002   2.6417808808019493E-002   3.2797148212212940E-002   3.8909408617079561E-002   4.4573844458808791E-002   4.9680280820520437E-002
   4.5034288645458394E-002   4.9205392190285607E-003   1.0200224305210434E-002   1.6729854863802133E-002   2.4049028400794561E-002   3.1720944427726890E-002   3.9363339659138227E-002   4.6671861950451421E-002   5.3430671419177643E-002   5.9510601537273382E-002
   4.9307545690287481E-002   5.9661138032688250E-003   1.2369740765050850E-002   2.0291451364694905E-002   2.9169893485499553E-002   3.8468981240066841E-002   4.7718858316840154E-002   5.6547232985695348E-002   6.4692973599111969E-002   7.2002947745844786E-002
   5.3986287673825017E-002   7.3099957773174089E-003   1.5159053743624194E-002   2.4872578031013923E-002   3.5760012929343575E-002   4.7156789554974779E-002   5.8478322859008142E-002   6.9262760828962558E-002   7.9189420195057800E-002   8.8074199762548683E-002
   5.9108990642279875E-002   9.0377631455303975E-003   1.8746348487760599E-002   3.0767239984198152E-002   4.4244747624027220E-002   5.8348393379325590E-002   7.2343470368190554E-002   8.5649800041763050E-002   9.7867858767608604E-002  0.10877299703180321     
   6.4717781594067936E-002   1.1149971564516362E-002   2.3134067554772188E-002   3.7982429103902766E-002   5.4639210520365508E-002   7.2070454363439729E-002   8.9354394033392806E-002  0.10576139019253578       0.12079161543573348       0.13416902754251675     
   7.0858784914888756E-002   1.3516749010719118E-002   2.8054941484558237E-002   4.6084473056938698E-002   6.6328562130332960E-002   8.7524992742783386E-002  0.10853762176966314       0.12846200783984313       0.14667915162711570       0.16285133597177640     
   7.7582501685667909E-002   1.5851407360116108E-002   3.2917390638260567E-002   5.4109859299555918E-002   7.7940733919082891E-002  0.10292349246119838       0.12770409397406038       0.15119442797964303       0.17264633306941582       0.19165286253207972     
   8.4944224982638025E-002   1.7905029022978351E-002   3.7208845436314260E-002   6.1226531837168592E-002   8.8296029695808298E-002  0.11673652272229018       0.14499420320568335       0.17180324219578688       0.19628362838258148       0.21795263702818810     
   9.3004494584813954E-002   1.9750269377299484E-002   4.1084322482207246E-002   6.7699448362877668E-002   9.7793910869298437E-002  0.12951761007427912       0.16112866513462054       0.19118241138884301       0.21865730850698273       0.24298214056806486     
  0.10182959482819059        2.2019080927634438E-002   4.5860510537130278E-002   7.5703036998887571E-002  0.10958215559076466       0.14544242055001691       0.18130718751920707       0.21550359386850571       0.24682531675002228       0.27458169685831152     
  0.11149209970080924        2.5737341743894627E-002   5.3675379290781013E-002   8.8767552802864774E-002  0.12876740650240900       0.17127464540523946       0.21393187639437800       0.25470734456161492       0.29211193159716936       0.32527751732848370     
  0.12207146966133181        3.1247964280801201E-002   6.5256407171257788E-002  0.10812141620463354       0.15716615527948916       0.20946484330772894       0.26208833542130444       0.31247669265990397       0.35873405417620396       0.39974452753240980     
  0.13365470508911154        3.7021967487259319E-002   7.7452099751941186E-002  0.12863782196543447       0.18747876333089908       0.25048373999228590       0.31408109966951775       0.37510746446934240       0.43119895242373363       0.48095166703083309     
  0.14633706173946351        4.0692071239501262E-002   8.5371483778281881E-002  0.14233705411408265       0.20831033924224415       0.27941858190860991       0.35157487764383738       0.42109609028295225       0.48519639500081380       0.54219500360062012     
  0.16022283408774773        4.3436724119972236E-002   9.1487612958983777E-002  0.15333553656444540       0.22565225227731281       0.30423130902326218       0.38447289658134781       0.46216615563741448       0.53409522235459550       0.59829000829353540     
  0.17542621300415920        4.9602764233394367E-002  0.10488153695808675       0.17664553584203166       0.26119335696880308       0.35355379543163923       0.44819061699633495       0.54003819879706472       0.62524343101236435       0.70144407981040624     
  0.19207222481239303        5.8855823256833563E-002  0.12493055245479086       0.21136311665072216       0.31375480442573117       0.42592783124971839       0.54100473227260426       0.65277454043215266       0.75656539965798619       0.84952362683565263     
  0.21029775945461360        6.4642344910840657E-002  0.13805927999414272       0.23524857732456397       0.35143169516018091       0.47945562474692194       0.61134116466431110       0.73994780335257959       0.85990765563474392       0.96788540457106065     
  0.23025269621793309        6.9530555689754067E-002  0.14968432814003593       0.25731534345844015       0.38729089036332848       0.53146547759405116       0.68080920165434011       0.82729815331601830       0.96483785094128360        1.0895120541153434     
  0.25210113627991265        8.0405304706682071E-002  0.17429822424379726       0.30161304132387462       0.45611096398614942       0.62793642978127640       0.80646046457076159       0.98230316752028124        1.1482244436861138        1.2994169175624630     
  0.27602275220902728        8.8583729984067577E-002  0.19387244401337680       0.33851108827833171       0.51537289492573968       0.71325853712903664       0.92027481224268426        1.1257656802061724        1.3212096438397525        1.5009131451094275     
  0.30221426551783803        9.6953368936064030E-002  0.21455686776413752       0.37829371862526645       0.58016914308075185       0.80784599699423176        1.0481878061974108        1.2893030354138928        1.5201825227099142        1.7340421150693932     
  0.33089106441964966       0.10917726192512364       0.24419201721981951       0.43413493072058718       0.66994605607702917       0.93805316203059164        1.2238819004521750        1.5121903538616610        1.7910678947213605        2.0511193718574869     
  0.36228897509242902       0.11894060581453758       0.26962629513529834       0.48451822865343025       0.75435782050327427        1.0649625304083519        1.3997531344821437        1.7413492976000871        2.0747086002506703        2.3881302219541984     
  0.39666620101612027       0.13257372965576741       0.30436650556002298       0.55227636392904711       0.86726211502745865        1.2343664174876912        1.6339189440150899        2.0454641197145214        2.4501831007152832        2.8334184435742316     
  0.43430544633167090       0.14544850809569726       0.33882502595047836       0.62214976438042324       0.98796433346373380        1.4198728257532203        1.8956817578724268        2.3903644449007659        2.8809129554011021        3.3489988119364300     
  0.47551624068340170       0.16056423015075919       0.37962995556004459       0.70605754867229253        1.1345311325472311        1.6476218995874135        2.2187202145048111        2.8176601654501967        3.4161996043501968        3.9914144614855349     
  0.52063748466325777       0.17703496850573835       0.42531241223350874       0.80284086947791644        1.3069762707229131        1.9189737385579402        2.6070287936629919        3.3346626037712142        4.0671827150694488        4.7759760792991237     
  0.57004023678963622       0.19481456580145240       0.47636481276132248       0.91430491283224491        1.5101300056584217        2.2426207136540066        3.0740717751052467        3.9602620715580561        4.8585980665798143        5.7334869900441845     
  0.62413076493974640       0.21452749699075679       0.53493735608818938        1.0458640074355412        1.7534857558780508        2.6338184435055232        3.6418391082709474        4.7238054429003613        5.8274927503096858        6.9088301714054792     
  0.68335388732923041       0.23621148054209729       0.60221465625152704        1.2011160636073954        2.0448539719767513        3.1060670824179533        4.3306301063674599        5.6531541858364101        7.0097947164422933        8.3463170518588576     
  0.74819663051388374       0.26028232745244961       0.68016351407826714        1.3857225858353479        2.3954786685323635        3.6778167757204621        5.1672273759242771        6.7841470443668532        8.4508693908382622        10.101156214184346     
  0.81919223449536838       0.28705896309031731       0.77106324221810207        1.6057711223519138        2.8176729710480339        4.3693064532259092        6.1809165140227353        8.1558346564986977        10.200053184645162        12.233402118778272     
  0.89692453786727211       0.31701406549161160       0.87758719972452504        1.8687759719652379        3.3262336300666782        5.2043047483688456        7.4054458545500799        9.8125671395938134        12.312809399834876        14.810149243162215     
  0.98203277906312625       0.35083902875522438        1.0031306112148293        2.1839362506103548        3.9387313332998528        6.2103053778660051        8.8790212535789372        11.803730690870147        14.850196016659822        17.904750801860292     
   1.0752168531898927       0.38926212490712575        1.1517994447682078        2.5621046832413787        4.6753205632114012        7.4180251363944203        10.643396250501654        14.182403131068730        17.877110907779041        21.594699823916375     
   1.1772430676769294       0.43330139557198588        1.3284677799618758        3.0158285172094681        5.5585864366017903        8.8608946690081769        12.742932125450738        17.003988562239972        21.460550001068022        25.959564010235333     
   1.2889504440725368       0.48407382984454883        1.5388964384673267        3.5594407961012631        6.6133998141891075        10.574530348317838        15.223660387134757        20.324928042125123        25.668049004173749        31.079219188699156     
   1.4112576178114535       0.54293876895880722        1.7898788822047544        4.2091371022169319        7.8667013462991298        12.596126604229658        18.132336904950424        24.201544368494122        30.566441038215050        37.032585907012638     
   1.5451703926941469       0.61156356866351025        2.0893816958845384        4.9829801104018312        9.3471601589862612        14.963755991877703        21.515543163191282        28.689152087311928        36.221128491926905        43.897123367694121     
   1.6917900122028373       0.69192939112746710        2.4465131842284045        5.9005571512898989        11.084359191097944        17.715196844435706        25.418444812952576        33.841031850161023        42.695440370450250        51.748612482833067     
   1.8523222156741213       0.78641922794505725        2.8716332241271623        6.9828407911515677        13.108347711448816        20.887429186061613        29.884609821688059        39.708857636925437        50.051762596453685        60.662949451332331     
   2.0280871538024625       0.89784496292577420        3.3762735414532492        8.2517233413189981        15.448856162839501        24.515923696033752        34.955816804608084        46.343265567398895        58.352846420917011        70.718069024003483     
   2.2205302450155360        1.0295149011563334        3.9730983607056332        9.7296542482176491        18.134824198496677        28.634552240823353        40.672761635588451        53.795429529780506        67.664029491098034        81.996580062163190     
   2.4312340619997870        1.1852929543851840        4.6758003123564711        11.439243420473327        21.194059982952993        33.275833992385806        47.076172487832963        62.118858413585407        78.055288602206417        94.587817178026924     
   2.6619313461261318        1.3696353848404648        5.4989119791683292        13.402832526232556        24.653022223659590        38.471424154214432        54.208036230007899        71.370854089110040        89.602407921306764        108.58860709111239     
   2.9145192568009906        1.5876271974306568        6.4576049790433245        15.642172848939090        28.536881632131340        44.252943939480005        62.112858776460300        81.613409095098007        102.38715619394677        124.10297826853112     
   3.1910749729235515        1.8449829911918745        7.5674210650155169        18.178115914801971        32.869676942366468        50.652811799116165        70.838409179374167        92.913006147469147        116.49632354542784        141.24116390238947     
   3.4938727747491285        2.1480667393718380        8.8440871304579112        21.030548543162386        37.674832473077458        57.705280044938007        80.436139493709007        105.33993591669518        132.02090810352365        160.11957307224318     
   3.8254027466328799        2.5038560754886952        10.303263019300282        24.218293736768722        42.975628190077536        65.447005765696403        90.960604552750610        118.96705554231946        149.05575655910215        180.86169653911770     
   4.1883912544574775        2.9199034768029866        11.960355476277842        27.759157914153700        48.795883412868257        73.917376779447991        102.46847680551880        133.86924556849527        167.70061113634279        203.59990292802982     
   4.5858233661428098        3.4042668808190908        13.830336599195391        31.669987525679410        55.160614107894936        83.158404379727699        115.01762423290093        150.12396509360519        188.06160360934754        228.47620214078924     
   5.0209673996144657        3.9654409612129169        15.927628737396137        35.966837847239276        62.096571980837375        93.214325306971745        128.66743512128710        167.81322760720172        210.25216613908418        255.64092362224193     
   5.4974018001037450        4.6122415127233545        18.265933609109776        40.665100114191929        69.632237775693469        104.13042661036081        143.48019618305915        187.02583079532820        234.39257193921736        285.24898069992116     
   6.0190445678066622        5.3537462501515751        20.858218444399164        45.779952184282259        77.797809269889441        115.95197371347618        159.52259688948990        207.85847746968338        260.60894164648272        317.45583172572174     
   6.5901854779032725        6.1991742867023456        23.716579896971002        51.326708040034724        86.624706594978505        128.72379219062634        176.86502917583826        230.41224572349722        289.02866557269090        352.41523405154862     
   7.2155213579010242        7.1577967245862304        26.852188784524870        57.321271182171266        96.145215239439423        142.49175921612149        195.58004219043221        254.78538966445848        319.77337585167322        390.28360057449436     
   7.9001947124089602        8.2388359082213132        30.275224295816560        63.780387870503020        106.39204056317612        157.30562556322073        215.74079170253498        281.06708806101642        352.95919392550479        431.22626125695245     
   8.6498360129766851        9.4513948888856856        33.994889318613133        70.722028269292693        117.39729887645629        173.22112115232227        237.42099423909505        309.34089421260956        388.70684952873336        475.41218456761351     
   9.4706100007722398        10.804378948774039        38.019437195443395        78.165675366049712        129.19254138331732        190.29625894622879        260.69445705127339        339.70268483698345        427.14714339119473        522.99802854600966     
   10.369266382873457        12.306336714876309        42.356096666698512        86.131720684035884        141.81132622766143        208.58547566706946        285.62963798316559        372.26690007686130        468.41745949964678        574.13236653275055     
   11.353195339077612        13.965538363356220        47.011547143369683        94.641149204484620        155.29155751190382        228.14181408646982        312.29369149644242        407.13869924168762        512.64755615246725        628.99261057659862     
   12.430488295695186        15.789702163371780        51.991750811247194        103.71466936971315        169.67216750162314        249.01682389622013        340.76694419233252        444.39703186999964        559.95159157942476        687.76272264268596     
   13.610004466105526        17.786094108630849        57.302643804762596        113.37259871432376        184.99447040874688        271.25784368159134        371.13578475193555        484.13519973763977        610.45228574697740        750.57665981173125     
   14.901443705277449        19.961309219440562        62.950236640567077        123.63482588359797        201.29971774665222        294.92089343521411        403.46156681860236        526.47003998089656        664.28900737257788        817.58472322236685     
   16.315426277379739        22.321232561508456        68.941111882131111        134.52233323208273        218.62304891465649        320.07131708562224        437.81044700671907        571.48505884209169        721.58203351827547        888.98643960151253     
   17.863580192457370        24.871066468211222        75.282969072250438        146.05844809867710        236.99806319538024        346.76135181246195        474.26807911821783        619.26970416663266        782.44235323584667        964.91243427567338     
   19.558636830395095        27.615192761191363        81.984670352463496        158.26923611445548        256.45922911634619        375.03831025491650        512.90302935742181        669.93517559769884        847.01344394533328        1045.5277056058674     
   21.414535638539547        30.557112289270652        89.056164283464341        171.18286225001873        277.05180385695331        404.95148748746180        553.78617331368866        723.56570990933619        915.41053364649088        1131.0013068795690     
   23.446538763970572        33.699423746317962        96.508118407373345        184.82763051038819        298.81966043753994        436.56516643047513        596.98157302954689        780.25591824399112        987.74198536213396        1221.4592819867573     
   25.671356563109935        37.043861892106804        104.35145982878095        199.22892743369059        321.79566777818087        469.92729423934139        642.56490139121047        840.08312584461225        1064.1343440055650        1317.0892578877472     
   28.107285020807289        40.591164491757418        112.59684485173146        214.40676614498182        346.00980993266700        505.09033324919687        690.61520662719181        903.17078018219740        1144.7270591734496        1418.0537586523592     
   30.774356208980628        44.341238508525898        121.25502753699308        230.38242994601299        371.50928983338417        542.10091861288060        741.20383259416485        969.62100129064618        1229.6527753006453        1524.5126988083246     
   33.694503022121602        48.293090548034179        130.33688142666512        247.18657190357240        398.33765596939173        580.99947974490601        794.37030955971306        1039.4815106092144        1318.9771405062677        1636.5037011191962     
   36.891739544382439        52.444988491697266        139.85472214596831        264.85179436796199        426.51297298281662        621.87318762359064        850.18068374412712        1112.8061618494244        1412.7865119105904        1754.3111288630735     
   40.392358531509046        56.794545765596254        149.82440811575708        283.39853374670906        456.06728914260754        664.77340931942081        908.78634740287953        1189.8150983931339        1511.4000356338845        1878.2534878076817     
   44.225147631630513        61.338951976799194        160.26466398195760        302.84391987370532        487.06441586819085        709.68988569268640        970.24572086422381        1270.6433654215816        1614.8691935483637        2008.0849905826924     
   48.421626123015102        66.075297991864986        171.19238034207882        323.22541352809685        519.55332047314016        756.67318204059507        1034.4464085472273        1355.0784254213329        1722.9305127925377        2144.0056140572533     
   53.016304115627769        71.001203582367907        182.62159710604760        344.57499403503607        553.50828029380602        805.91587272345964        1101.6007453006873        1443.3700856624764        1836.2317756589025        2286.9330175164059     
   58.046966348054411        76.114999851046747        194.56761893922621        366.88135658968531        588.94998578498462        857.40614312254468        1172.0309325749372        1536.0517638969520        1955.0863671637362        2436.1511434432555     
   63.554982913623071        81.415992178860904        207.04662157824868        390.16793805931206        626.04465005073359        910.94057753512197        1245.3858221255721        1632.5876549538370        2078.5671861376300        2591.4446012559742     
   69.585649471004459        86.904503923525908        220.06790315922245        414.52342952004290        664.79159358277809        966.89841027790578        1321.6152391416551        1732.8787256006306        2207.5328620121695        2754.9682850816189     
   76.188559737046049        92.581685542178377        233.64117613723275        439.93403116292097        704.98198060168056        1025.4741666922059        1401.6714484895952        1838.3729763317040        2343.1268248973629        2924.9866131049143     
   83.418013325063441        98.449351127219813        247.80747164014196        466.31469776010329        746.91573902832317        1086.1118913713733        1484.9037129170222        1947.8983562740580        2483.0384515432811        3101.1293173822819     
   91.333462282486295        104.51030977233644        262.59330198015033        493.83806567676066        790.79290747854111        1149.1229154917150        1570.8227138677760        2061.0575284429679        2628.9112659918424        3286.9368711194138     
   100.00000000000004        110.77041332566382        277.94844563482741        522.59679939783427        836.14134329762385        1215.3288148477743        1661.1813806104972        2180.3057027756399        2782.5586745984956        3478.9761696688302     
