   1.0000000000000002E-003   4.7935018049998063E-008   1.0618237186925034E-007   1.8335923947518656E-007   2.7403748006332932E-007   3.7172982073985066E-007   4.7027754229510223E-007   5.6492327415671531E-007   6.5267370584621887E-007   7.3209644624101938E-007
   1.0948889651276870E-003   6.6818420191574168E-008   1.4801178408716644E-007   2.5559167428721385E-007   3.8199146190518033E-007   5.1816815708223914E-007   6.5553685405872890E-007   7.8746611901573078E-007   9.0978354924256651E-007   1.0204925727182174E-006
   1.1987818459583783E-003   9.3096960814856604E-008   2.0622255743884252E-007   3.5611197424526479E-007   5.3222253180200230E-007   7.2195457244725012E-007   9.1334684040970601E-007   1.0971599472424159E-006   1.2675806973543024E-006   1.4218274528581476E-006
   1.3125330147352270E-003   1.2964368396428807E-007   2.8717895374841996E-007   4.9591012184863433E-007   7.4115544595575147E-007   1.0053687306877410E-006   1.2718930560484669E-006   1.5278620900236256E-006   1.7651808088927559E-006   1.9799758489379710E-006
   1.4370779141993756E-003   1.8042965575758900E-007   3.9967754187309511E-007   6.9017624426982413E-007   1.0314920811539897E-006   1.3992048662762085E-006   1.7701324648306617E-006   2.1263685720053706E-006   2.4566474536969256E-006   2.7555788303871254E-006
   1.5734407502856105E-003   2.5094838544716206E-007   5.5588736202439142E-007   9.5992407819132696E-007   1.4346376463955870E-006   1.9460627103038129E-006   2.4619565127736237E-006   2.9574146651496216E-006   3.4167690159748400E-006   3.8325232512240562E-006
   1.7227429147699432E-003   3.4877186133621718E-007   7.7258163787983420E-007   1.3341178552386510E-006   1.9938791917357943E-006   2.7046587577252448E-006   3.4216448417125325E-006   4.1102255920068353E-006   4.7486262717402533E-006   5.3264295353922462E-006
   1.8862122071335180E-003   4.8433488616242480E-007   1.0728752015350672E-006   1.8526724068731480E-006   2.7688690313263782E-006   3.7559073962249000E-006   4.7515577306127082E-006   5.7077561114058130E-006   6.5942660786529689E-006   7.3966231008372268E-006
   2.0651929314796274E-003   6.7197929333293015E-007   1.4885375832314442E-006   2.5704472404374115E-006   3.8415934522693321E-006   5.2110164112622669E-006   6.5923763871069800E-006   7.9189900662109096E-006   9.1489096193394146E-006   1.0262069712939818E-005
   2.2611569515367451E-003   9.3139550920860601E-007   2.0631862536716408E-006   3.5627603057305408E-006   5.3246122485821507E-006   7.2226621747359595E-006   9.1372384526971213E-006   1.0975917989454050E-005   1.2680564166701087E-005   1.4223370685876904E-005
   2.4757157946593421E-003   1.2895188316329974E-006   2.8564870764280195E-006   4.9326407334796683E-006   7.3718965408701648E-006   9.9996882913680419E-006   1.2650329574382465E-005   1.5195865821538657E-005   1.7555815235413360E-005   1.9691688577306070E-005
   2.7106339043648361E-003   1.7831607822875992E-006   3.9499829413303100E-006   6.8208926295591591E-006   1.0193866688980385E-005   1.3827499810886153E-005   1.7492678016027536E-005   2.1012473404563399E-005   2.4275608923777060E-005   2.7228875509630198E-005
   2.9678431503900389E-003   2.4624721295745155E-006   5.4547644615427368E-006   9.4193389090276058E-006   1.4077181041005669E-005   1.9094898953133948E-005   2.4156094505695913E-005   2.9016452792983146E-005   3.3522328083285808E-005   3.7600264412764462E-005
   3.2494587155918438E-003   3.3955500615591732E-006   7.5216747452721759E-006   1.2988439556404341E-005   1.9411059387503349E-005   2.6329780295366459E-005   3.3308313824682014E-005   4.0009795130567172E-005   4.6222397800655134E-005   5.1844870870944884E-005
   3.5577964903394962E-003   4.6745629167028974E-006   1.0354875091220069E-005   1.7880711160558815E-005   2.6722271683863997E-005   3.6246572537906264E-005   4.5852986718734884E-005   5.5077804352121890E-005   6.3629473530252007E-005   7.1368668728788990E-005
   3.8953921174427275E-003   6.4239032297943104E-006   1.4229902489824384E-005   2.4571898963534979E-005   3.6721705147539538E-005   4.9809373678948180E-005   6.3009509009459954E-005   7.5684940852619570E-005   8.7435116416786888E-005   9.8068676052658567E-005
   4.2650218442334201E-003   8.8107823131969149E-006   1.9517133428157222E-005   3.3701478079901650E-005   5.0364861273271283E-005   6.8313962030897363E-005   8.6416704291710950E-005   1.0379928843099492E-004   1.1991250445713713E-004   1.3449406272983609E-004
   4.6697253532797080E-003   1.2058918923884988E-005   2.6712098097367968E-005   4.6124973581207733E-005   6.8929996104426607E-005   9.3493708579991185E-005   1.1826670282924010E-004   1.4205324585829962E-004   1.6410194242997948E-004   1.8405408945396085E-004
   5.1128307594829414E-003   1.6466330455372103E-005   3.6474876551366854E-005   6.2981946555730334E-005   9.4119641428205497E-005   1.2765715559387981E-004   1.6147881636982236E-004   1.9395218738567558E-004   2.2405170938151074E-004   2.5128803405996986E-004
   5.5979819791232878E-003   2.2427843244751092E-005   4.9679939091724187E-005   8.5781988829132600E-005   1.2818899005224478E-004   1.7386195904370150E-004   2.1991931633539601E-004   2.6413814727796302E-004   3.0512235023170693E-004   3.4220615309124688E-004
   6.1291686959257363E-003   3.0463615586285664E-005   6.7479290708933538E-005   1.1651364970858756E-004   1.7410847556386690E-004   2.3613509678562853E-004   2.9867958846811792E-004   3.5872344913216145E-004   4.1437158273596199E-004   4.6472087114879233E-004
   6.7107591705751436E-003   4.1254283973311813E-005   9.1380263447438177E-005   1.5777859312399961E-004   2.3576394099568743E-004   3.1974388639961619E-004   4.0441833435327491E-004   4.8570100123820312E-004   5.6102748831399901E-004   6.2917670163633026E-004
   7.3475361634921530E-003   5.5684040001793237E-005   1.2334083990026297E-004   2.1295593088999437E-004   3.1820172822862551E-004   4.3152766962370161E-004   5.4578017624606282E-004   6.5544597018814873E-004   7.5706684434016010E-004   8.4899766645416528E-004
   8.0447362662841772E-003   7.4891031233545710E-005   1.6588114556159979E-004   2.8639433376372281E-004   4.2791502181027474E-004   5.8028506945753883E-004   7.3388406717881977E-004   8.8130073053732498E-004   1.0178890497178988E-003   1.1414413157059191E-003
   8.8080929653170624E-003   1.0032721179833454E-004   2.2221579192043922E-004   3.8363993886889942E-004   5.7318331441944567E-004   7.7723274734528742E-004   9.8290144060905879E-004   1.1802667907501005E-003   1.3631127651471976E-003   1.5284895080657384E-003
   9.6438837915444661E-003   1.3382181834403428E-004   2.9639413490683918E-004   5.1167763643877504E-004   7.6443135315043521E-004   1.0364898292798659E-003   1.3106658715805119E-003   1.5737334704348615E-003   1.8174138433049828E-003   2.0377843284187453E-003
   1.0558981944335792E-002   1.7764913845822925E-004   3.9344988110973165E-004   6.7918810441461861E-004   1.0146109291669866E-003   1.3755923120328877E-003   1.7393193959680088E-003   2.0882491689011413E-003   2.4114109414684684E-003   2.7036159638149444E-003
   1.1560912813835747E-002   2.3458939680563493E-004   5.1953524133604295E-004   8.9677766341415431E-004   1.3395411931867362E-003   1.8159499880804769E-003   2.2958845876586880E-003   2.7562017373496625E-003   3.1824443274723700E-003   3.5677889965034411E-003
   1.2657915866672035E-002   3.0797594039009619E-004   6.8202448145573556E-004   1.1771547013872902E-003   1.7581681399908651E-003   2.3831923565493089E-003   3.0126945221637634E-003   3.6163262916347515E-003   4.1751534233016654E-003   4.6802610833218856E-003
   1.3859012403933871E-002   4.0170680467803031E-004   8.8953830691606423E-004   1.5351688170425328E-003   2.2926180190072309E-003   3.1072338002446132E-003   3.9274661931459846E-003   4.7137832569044396E-003   5.4415563827315367E-003   6.0992217187032308E-003
   1.5174079748634946E-002   5.2020017286313989E-004   1.1518437525072846E-003   1.9876345979162775E-003   2.9679283956337544E-003   4.0219010138508333E-003   5.0828197378239614E-003   6.0995704515678113E-003   7.0403602044934229E-003   7.8903080016383843E-003
   1.6613932472747905E-002   6.6827334447519093E-004   1.4795846045999970E-003   2.5528628874939853E-003   3.8113425981769625E-003   5.1639693137712408E-003   6.5250516331064054E-003   7.8290413838666157E-003   9.0352410461109565E-003   1.0124668374307743E-002
   1.8190411331788243E-002   8.5090719965129184E-004   1.8837585751362220E-003   3.2497559880901869E-003   4.8509551364366837E-003   6.5713229447554311E-003   8.3018057121367825E-003   9.9591069256844324E-003   1.1491611624990856E-002   1.2875337950749429E-002
   1.9916480638308576E-002   1.0729102049940578E-003   2.3749730124253527E-003   4.0965233917575061E-003   6.1137958225871590E-003   8.2803630967210693E-003   1.0458804568278302E-002   1.2544322644147596E-002   1.4472116886856111E-002   1.6212203532036999E-002
   2.1806334875063296E-002   1.3384722915338709E-003   2.9624588241904211E-003   5.1089856165425556E-003   7.6233089293718586E-003   1.0322611387003315E-002   1.3035584061460688E-002   1.5631802985224361E-002   1.8030800552439556E-002   2.0195504488606290E-002
   2.3875515424585839E-002   1.6507435524883598E-003   3.6531426766314209E-003   6.2989869544858804E-003   9.3970103159398202E-003   1.2721577265127369E-002   1.6061590464478918E-002   1.9256604086250791E-002   2.2207848191664447E-002   2.4870015703132492E-002
   2.6141038375114913E-002   2.0116040350808329E-003   4.4511467816268817E-003   7.6735570003356795E-003   1.1445282236875652E-002   1.5491195608820525E-002   1.9554297789572003E-002   2.3439571401909543E-002   2.7027217877298025E-002   3.0262509201117650E-002
   2.8621534453892730E-002   2.4219602078814520E-003   5.3584594533575992E-003   9.2361034753695951E-003   1.3773220583410635E-002   1.8638428145285279E-002   2.3522620971935696E-002   2.8191579904996968E-002   3.2501687950630818E-002   3.6387566189196530E-002
   3.1337402238589059E-002   2.8831111804391422E-003   6.3779766819641670E-003   1.0991702074048012E-002   1.6388609349227829E-002   2.2174180858395402E-002   2.7980853468516840E-002   3.3530419263670543E-002   3.8652514793407179E-002   4.3269776323083875E-002
   3.4310975906798831E-002   3.3996276909895986E-003   7.5198910224126636E-003   1.2958157366447743E-002   1.9318503823037472E-002   2.6135874177017494E-002   3.2977313808202943E-002   3.9515308732051550E-002   4.5549415155998779E-002   5.0988689344127792E-002
   3.7566708903115982E-002   3.9818108504750347E-003   8.8071526130156785E-003   1.5175468253156270E-002   2.2623441519415619E-002   3.0606811795005615E-002   3.8618961239237318E-002   4.6276589569514984E-002   5.3344995431474300E-002   5.9717554249532047E-002
   4.1131375034185735E-002   4.6529211551318891E-003   1.0291473053742471E-002   1.7733444570910431E-002   2.6438689526272624E-002   3.5772094069451831E-002   4.5142080217517831E-002   5.4100569656029149E-002   6.2372698121456037E-002   6.9833098980077127E-002
   4.5034288645458394E-002   5.4627220303826857E-003   1.2083275798259185E-002   2.0823317838831394E-002   3.1051208091741448E-002   4.2022777358936517E-002   5.3043745774407937E-002   6.3587086669903717E-002   7.3328443664939569E-002   8.2118862257966996E-002
   4.9307545690287481E-002   6.4744501362335753E-003   1.4322975392936071E-002   2.4688477224290357E-002   3.6826601988145191E-002   4.9857595641962911E-002   6.2958472805680801E-002   7.5502400656041260E-002   8.7101750958201329E-002   9.7576797580326544E-002
   5.3986287673825017E-002   7.7511715482742266E-003   1.7150993323078793E-002   2.9573226900897819E-002   4.4133436172031276E-002   5.9781526704896393E-002   7.5531349061339861E-002   9.0628348230236855E-002  0.10460299972891679       0.11723496631451195     
   5.9108990642279875E-002   9.3622330052061716E-003   2.0722225627868650E-002   3.5748145902080850E-002   5.3381745780044419E-002   7.2358804328806217E-002   9.1485927287297625E-002  0.10984466916598296       0.12685919198964590       0.14225545034828288     
   6.4717781594067936E-002   1.1276656024714882E-002   2.4970957772345460E-002   4.3106444781326345E-002   6.4423564993712948E-002   8.7404950686563371E-002  0.11060832894790430       0.13291549775019423       0.15361891982596965       0.17237634075698816     
   7.0858784914888756E-002   1.3337981280994025E-002   2.9555549796570175E-002   5.1069305637860003E-002   7.6412836117373872E-002  0.10379860989431426       0.13151136300101465       0.15820827018088499       0.18302980096351557       0.20555195200097817     
   7.7582501685667909E-002   1.5258593635441253E-002   3.3845733937775700E-002   5.8563797417590574E-002   8.7772297569477964E-002  0.11943663576299200       0.15157778087706753       0.18262563973378285       0.21155987380615851       0.23786468734069530     
   8.4944224982638025E-002   1.6824726508932266E-002   3.7374753223283909E-002   6.4799692665983677E-002   9.7348250015349885E-002  0.13279196401740861       0.16892053797739071       0.20394817877641205       0.23669138733636705       0.26653375900173953     
   9.3004494584813954E-002   1.8137416906135847E-002   4.0371830186272453E-002   7.0186315890148690E-002  0.10577633145245180       0.14475910761462199       0.18470740524922794       0.22361413753452608       0.26011798000219277       0.29348637021045426     
  0.10182959482819059        1.9793590125019904E-002   4.4165507652294204E-002   7.7032951312902664E-002  0.11653291504951459       0.16008300701698369       0.20496732244563420       0.24888370593955597       0.29023600842841329       0.32814094023214135     
  0.11149209970080924        2.2653879542534526E-002   5.0676145179626340E-002   8.8685540788671149E-002  0.13466294303192589       0.18565267708037139       0.23844921473641340       0.29028161227447757       0.33920222967478969       0.38411755444088425     
  0.12207146966133181        2.6875134468272874E-002   6.0275726149464748E-002  0.10583801003258264       0.16127859945404191       0.22305672231828594       0.28723050405786504       0.35035203673265058       0.40998798616127324       0.46477017623683370     
  0.13365470508911154        3.1019962308336757E-002   6.9804468712943366E-002  0.12308922184364476       0.18839215389475053       0.26156127709236093       0.33783971342002789       0.41302467881421440       0.48414544007713217       0.54953202578689253     
  0.14633706173946351        3.3249420501025313E-002   7.5198408488098237E-002  0.13345212180990454       0.20561416841124583       0.28714824690616508       0.37264330287469344       0.45725044602023424       0.53752357420494090       0.61150965760520859     
  0.16022283408774773        3.4750247642767844E-002   7.9109018638131981E-002  0.14155061769430619       0.21990696019953887       0.30929875563047238       0.40366002467534623       0.49749621418623918       0.58688446903086899       0.66957403927844328     
  0.17542621300415920        3.8924391097394616E-002   8.9167182138488191E-002  0.16072222028576613       0.25137186835697806       0.35538473320305058       0.46555157896780208       0.57539100740760152       0.68029965955196792       0.77761927408219467     
  0.19207222481239303        4.5053334712656233E-002  0.10385306001746043       0.18845985469963078       0.29638241393908005       0.42060756397588428       0.55241685972078125       0.68409547941614612       0.81018399831844212       0.92748834240790945     
  0.21029775945461360        4.8211551914371091E-002  0.11218325457045565       0.20568032540556294       0.32631202890880145       0.46619602028601559       0.61554250856149884       0.76568746245880859       0.91037865299388809        1.0458037128267741     
  0.23025269621793309        5.0852857292173127E-002  0.11968588880423633       0.22206498157126317       0.35579326652056553       0.51224343280696549       0.68070140363086029       0.85153403716816201        1.0175196354018914        1.1743581936058733     
  0.25210113627991265        5.7501977341165217E-002  0.13667274476675181       0.25583521621266370       0.41252092156438019       0.59682150971302217       0.79656402741579690        1.0005235233279877        1.2001645344077785        1.3890846429963115     
  0.27602275220902728        6.1731085250260193E-002  0.14867798896356502       0.28166954934933491       0.45850887883858743       0.66876842685752158       0.89922061210418203        1.1371236870000869        1.3714981838569995        1.5953017198584529     
  0.30221426551783803        6.6210081049059677E-002  0.16180358728642616       0.31041272022211824       0.51053279089977033       0.75163014303551157        1.0194032859780882        1.2983769960386951        1.5759743940815494        1.8428937911317420     
  0.33089106441964966        7.2703735269142145E-002  0.18019045440912493       0.34962493384361043       0.58065601763750918       0.86290191890803147        1.1795971933670149        1.5130412624177387        1.8472664548825115        2.1705965290109699     
  0.36228897509242902        7.7439492083125103E-002  0.19523890033085772       0.38433934138921910       0.64689555046303027       0.97308782152525575        1.3444848916288787        1.7396808089812905        2.1392169319197558        2.5284818411816112     
  0.39666620101612027        8.4206561898715782E-002  0.21580388112703874       0.43077162569884364       0.73488903287870955        1.1185485439655247        1.5608917053528186        2.0359417983441688        2.5197893659527142        2.9941050321538967     
  0.43430544633167090        9.0212422821170854E-002  0.23553510050459245       0.47818251090328395       0.82900619386427554        1.2794609228258169        1.8053982018882533        2.3757416541901155        2.9611624488529231        3.5387230112864358     
  0.47551624068340170        9.7081244376606798E-002  0.25842154149217733       0.53453054524808363       0.94258432287582616        1.4753223587450599        2.1047051825282428        2.7933415361643346        3.5051837211362367        4.2115760829720861     
  0.52063748466325777       0.10437008789724239       0.28371524887181704       0.59910338143200881        1.0761183092917430        1.7087176115015292        2.4644450972041443        3.2981723080241303        4.1656062542100525        5.0310665933996948     
  0.57004023678963622       0.11190725950449132       0.31138626980514311       0.67294539501672512        1.2324513619847570        1.9857688554684891        2.8950893098113171        3.9058339233139203        4.9636648530515677        6.0243564355063626     
  0.62413076493974640       0.11999201826262541       0.34266954035655900       0.75924808137633315        1.4183730029029271        2.3183629940213688        3.4147540207270199        4.6413935681530702        5.9317767899776284        7.2313942042996837     
  0.68335388732923041       0.12860117016095290       0.37795610432237697       0.86015955879243589        1.6393728499524558        2.7169169811083380        4.0399685109483690        5.5282601502585536        7.1006933884852295        8.6905440219266463     
  0.74819663051388374       0.13783340750735046       0.41821734809223982       0.97875539840382253        1.9026848218814589        3.1945135321880120        4.7908085890011005        6.5941711104418310        8.5061900895649281        10.445846007512673     
  0.81919223449536838       0.14776926314543276       0.46435266372577849        1.1184615051579314        2.2163728627743757        3.7655472954134135        5.6890202496667035        7.8687507067924383        10.186055482618205        12.543460380561889     
  0.89692453786727211       0.15853124087089338       0.51748003601464199        1.2833822598641955        2.5897903777422266        4.4462157401421258        6.7584284248448592        9.3837470122987785        12.180099675369899        15.031418125663524     
  0.98203277906312625       0.17029182831416562       0.57897570994961023        1.4783799726248754        3.0336176506389458        5.2543802717805130        8.0245058938389491        11.172238285420937        14.528968227959206        17.958039111428302     
   1.0752168531898927       0.18323061327828941       0.65046999056126109        1.7090525788734325        3.5596979633784489        6.2091102713248754        9.5135243418438105        13.267350641888342        17.272427337491489        21.369805978975844     
   1.1772430676769294       0.19758212994362970       0.73386252216089010        1.9817223534969219        4.1808504547545189        7.3301753187549883        11.251658303145900        15.700973249047703        20.447725809151454        25.309418947243952     
   1.2889504440725368       0.21359529641012739       0.83135000712075247        2.3034194195454596        4.9106438433170396        8.6374924451348303        13.264091480737486        18.502576289960796        24.088203993778382        29.814273931364099     
   1.4112576178114535       0.23156463088288068       0.94546713887724798        2.6818607492962965        5.7631486856233956        10.150586470785662        15.574237096415697        21.698301493816032        28.222380041998580        34.915657451640719     
   1.5451703926941469       0.25185265444433635        1.0791503648256207        3.1254458217013741        6.7527234154010047        11.888170517923244        18.203231417457204        25.310528862046937        32.873754960737138        40.638932763567716     
   1.6917900122028373       0.27486958762783970        1.2356718802719804        3.6429765203025850        7.8934041996224664        13.867289970700249        21.169020279995401        29.357120209177630        38.060425222265323        47.003699319919335     
   1.8523222156741213       0.30110545412894840        1.4187041290736300        4.2436193989325002        9.1987345477638147        16.103172770131167        24.486435351085934        33.851931663567782        43.796235324073749        54.025741594631718     
   2.0280871538024625       0.33112592857092538        1.6322671784539002        4.9366433734280379        10.681322319265963        18.608805258221118        28.167003510437087        38.805075568710571        50.091699209693978        61.718737222212852     
   2.2205302450155360       0.36558299466673216        1.8807000751805525        5.7312253091701839        12.352585209112380        21.394825392978898        32.219171891174611        44.223675751965416        56.955451517553421        70.096432746825926     
   2.4312340619997870       0.40523207607385486        2.1686367457200864        6.6363014121948982        14.222635670870416        24.469620296009836        36.648765206225370        50.112866638005244        64.395881478591491        79.174778018119710     
   2.6619313461261318       0.45093150088786688        2.5009170271389363        7.6603398158636642        16.300090667373457        27.839306418328487        41.459269557492391        56.476558965007250        72.422352937330999        88.973237965374295     
   2.9145192568009906       0.50365249388711364        2.8825214436292721        8.8112107450478430        18.592047022653880        31.507890966511429        46.652317001419753        63.318395228579128        81.046384176084345        99.515550422841287     
   3.1910749729235515       0.56448139730049884        3.3184819080453982        10.096055994465003        21.104044828475228        35.477378878517165        52.228112104278686        70.642566862511188        90.282291661094220        110.82932170104061     
   3.4938727747491285       0.63462167713022843        3.8137980869056092        11.521203669036669        23.840071521398563        39.747912522284722        58.185931287262399        78.454560865546128        100.14723206098344        122.94450329012275     
   3.8254027466328799       0.71539049568834057        4.3733497593779367        13.092094501508360        26.802550950192266        44.317899204865228        64.524643274550101        86.761634173584440        110.66037321655934        135.89091949517041     
   4.1883912544574775       0.80822427145871323        5.0018550431436299        14.813298378303910        29.992437136183309        49.184308536212797        71.243426195298412        95.573037546909589        121.84142491133359        149.69593315610047     
   4.5858233661428098       0.91465752383966337        5.7037644586329659        16.688403870018821        33.409106801467701        54.342773464918984        78.342155813903787        104.89927805849807        133.70836536183617        164.38297080569700     
   5.0209673996144657        1.0363110222053429        6.4832038597263866        18.719988946947812        37.050371726148022        59.787920393138108        85.821821974468193        114.75091652874049        146.27586346315954        179.97265647371012     
   5.4974018001037450        1.1748778371058906        7.3439287104477415        20.909599568629773        40.912514854573971        65.513797616280826        93.684637758192636        125.13699757198025        159.55530400374732        196.48609102073328     
   6.0190445678066622        1.3321157576726228        8.2893122640547983        23.257778230259298        44.990420437752221        71.514457900260396        101.93376373207384        136.06390847141219        173.55699165286632        213.94823953508521     
   6.5901854779032725        1.5098150912922459        9.3222673818885795        25.763967522052241        49.277561697078028        77.784332996480998        110.57225262611017        147.53517046806732        188.29305167025288        232.38826286213731     
   7.2155213579010242        1.7097787011438006        10.445214232071107        28.426497783979354        53.766153918068952        84.318676356255366        119.60188426314997        159.55310860532572        203.77925766210430        251.83641635218837     
   7.9001947124089602        1.9338041087039670        11.660058719895897        31.242596851465354        58.447389444733325        91.113823989745342        129.02231693765697        172.12151407821673        220.03396674336673        272.31811635996684     
   8.6498360129766851        2.1836732856751264        12.968196011227526        34.208448049701069        63.311793391390800        98.167176141485058        138.83129446174942        185.24747167081753        237.07442123381364        293.84644781432814     
   9.4706100007722398        2.4611062081916657        14.370407899031751        37.319074231312051        68.349397847769666        105.47645231601226        149.02581284345021        198.94031245664772        254.91055340895659        316.41902722129402     
   10.369266382873457        2.7677534532192376        15.866880694644118        40.568440138919918        73.550256373973099        113.03895809371741        159.60442347252857        213.20883292113123        273.53981700345474        340.03139086878895     
   11.353195339077612        3.1052058452278719        17.457271615566086        43.949640959986205        78.905059723476271        120.85101699297689        170.56873012490826        228.05735200835159        292.95190237494825        364.69509759512437     
   12.430488295695186        3.4749109396997406        19.140509983851523        47.454658846525689        84.405124993183975        128.90739818370139        181.92182779641337        243.47995280585909        313.14324809408527        390.42701771455563     
   13.610004466105526        3.8782260694682580        20.914997421458963        51.074793998707612        90.043231454060802        137.20264264887430        193.66691032566223        259.46236628220078        334.12166008080328        417.22232291141046     
   14.901443705277449        4.3163567904207349        22.778484087920056        54.800556924081540        95.813436109842570        145.73181221830419        205.80401185609014        275.99671179862196        355.89079260557446        445.05614917670397     
   16.315426277379739        4.7903253090600391        24.728039873083993        58.621715866198365        101.71050856414425        154.49220098329414        218.32450707367832        293.08814090491887        378.43349671468036        473.91835017440991     
   17.863580192457370        5.3010125437383877        26.760225732670385        62.527751907117093        107.72989426919165        163.48476364820070        231.21333952223569        310.73553019404613        401.72267960395806        503.80471560836935     
   19.558636830395095        5.8491204197499398        28.871049235673997        66.508019053876950        113.86761097587721        172.71026615246711        244.46330584354541        328.91934094883709        425.75371384774763        534.68597978995592     
   21.414535638539547        6.4351330521474228        31.055936903315882        70.551633958557687        120.11872352991432        182.16578469522227        258.07650194685630        347.61665590038297        450.51325342043918        566.53281231723372     
   23.446538763970572        7.0593328434527232        33.309834585627769        74.647753731972742        126.47674341935391        191.84600585575365        272.04918959631902        366.82399596805482        475.96682144209768        599.33463258586357     
   25.671356563109935        7.7218021733380278        35.627259258608873        78.786500344993712        132.93683858987328        201.74191430747553        286.36250936574584        386.53601783468741        502.11813255929729        633.06817596727751     
   28.107285020807289        8.4223656869215642        38.002287137960167        82.958701548583591        139.49654649388438        211.84443790572399        300.99104222662555        406.69991395831062        528.90546016579992        667.64154488087354     
   30.774356208980628        9.1606665975918506        40.428773420285566        87.155752917015846        146.15509203411520        222.14732732369350        315.94787380593812        427.30131376216139        556.28046388005475        703.05896734673695     
   33.694503022121602        9.9360860352334850        42.900071962267717        91.370676798673259        152.91189744774368        232.64014614733659        331.22642081417013        448.39243833411950        584.34469549259290        739.40973024384573     
   36.891739544382439        10.747785195436583        45.409495103153340        95.597723611937155        159.76142653501094        243.33872328392025        346.73415757925534        469.86018516129832        612.94251543292592        776.36604927181338     
   40.392358531509046        11.594675669065785        47.950124919772179        99.833852990256133        166.71166887216651        254.23127983172020        362.53351118540644        491.61320859709735        641.91724744135820        814.03215162767299     
   44.225147631630513        12.475489070707786        50.514785967787070        104.07782144516503        173.76675474795650        265.23433445318375        378.66971268254548        513.90894225041620        671.66488340480635        852.71699777905792     
   48.421626123015102        13.388708745738329        53.096788725684654        108.31952541886903        180.87766875166179        276.42362794101155        394.89337023302483        536.47308593633602        701.77289128057782        891.60373425968999     
   53.016304115627769        14.332626434531328        55.688221305196464        112.56312450242623        188.06583534543884        287.83560181331302        411.35925054535062        559.12124784028822        732.02997654930766        931.19892619930192     
   58.046966348054411        15.305330516159245        58.281748005813981        116.81955783914736        195.38734139098634        299.23831462211598        428.23245158029141        582.45037254618364        763.23392581488304        971.85239042428452     
   63.554982913623071        16.304748694212062        60.873482410779147        121.05287553367877        202.71533587362978        310.81161640413819        444.94814899787258        605.80309948207707        794.41616181191932        1012.1015906312598     
   69.585649471004459        17.328714252459601        63.451405842076859        125.27958327943854        210.10324241886261        322.65632053802864        461.96246390793510        629.15312128884329        825.74568093504502        1053.5061514786871     
   76.188559737046049        18.374739738244582        66.009269674340814        129.54198696352790        217.67428377293353        334.28973275684950        479.39221603016773        653.33402429603746        858.12612445303739        1095.4788114488367     
   83.418013325063441        19.440451454157511        68.551800693030600        133.74407512240549        225.12596648875257        346.19159489359049        496.32810252035364        677.05249805800099        889.81553325754101        1136.6633298821801     
   91.333462282486295        20.523453139032370        71.053374565013286        137.95749524478916        232.68188298939751        358.31116605487034        513.88790970613366        701.09681206720381        922.27228540984743        1179.8172444412371     
   100.00000000000004        21.620382996995506        73.518501623281779        142.24012136367114        240.43070074796611        369.99645429489823        531.51323157205945        725.75349184434776        955.21554026751414        1222.0650667096011     
