   1.0000000000000002E-003   1.1322475110483837E-008   2.5357731821623568E-008   4.4550824087945350E-008   6.8015165478057779E-008   9.4282731459245860E-008   1.2151148141593784E-007   1.4793306050083820E-007   1.7225549390896868E-007   1.9380279579050830E-007
   1.0948889651276870E-003   1.6206801245164790E-008   3.6296633594694946E-008   6.3769306772523514E-008   9.7355775255308654E-008   1.3495473157215647E-007   1.7392950746941799E-007   2.1174890776345754E-007   2.4656362107367870E-007   2.7740605345005616E-007
   1.1987818459583783E-003   2.3186691745835087E-008   5.1928746930294234E-008   9.1233262248638823E-008   1.3928464289167020E-007   1.9307659421713003E-007   2.4883689266439406E-007   3.0294421346344256E-007   3.5275278959732630E-007   3.9687830867999720E-007
   1.3125330147352270E-003   3.3152265644737153E-008   7.4247576728352740E-008   1.3044506697440188E-007   1.9914880215305814E-007   2.7606038503735020E-007   3.5578629406990906E-007   4.3314876411591477E-007   5.0436488435493325E-007   5.6745537204880876E-007
   1.4370779141993756E-003   4.7364926848310409E-008   1.0607815540696033E-007   1.8636800341533718E-007   2.8452563364425846E-007   3.9440987861049453E-007   5.0831495489356057E-007   6.1884333545058275E-007   7.2059034203257534E-007   8.1072816236607325E-007
   1.5734407502856105E-003   6.7612065915643960E-008   1.5142351231708604E-007   2.6603497046073366E-007   4.0615217531178899E-007   5.6300876857729720E-007   7.2560494364012146E-007   8.8338092722142091E-007   1.0286216956058935E-006   1.1572906397144718E-006
   1.7227429147699432E-003   9.6420440182272392E-008   2.1594255904755953E-007   3.7938807793506383E-007   5.7920692064551535E-007   8.0289749518514096E-007   1.0347731186619263E-006   1.2597746441619058E-006   1.4668998029029047E-006   1.6503920753188394E-006
   1.8862122071335180E-003   1.3735976679758658E-007   3.0763001539689355E-007   5.4047320561601186E-007   8.2513353630286949E-007   1.1438012792453603E-006   1.4741292387614951E-006   1.7946642238758991E-006   2.0897324903845932E-006   2.3511333880215081E-006
   2.0651929314796274E-003   1.9545814626221469E-007   4.3774679090719528E-007   7.6907458689914443E-007   1.1741363588560063E-006   1.6275893713091515E-006   2.0976342081259361E-006   2.5537436320843396E-006   2.9736144507865814E-006   3.3455775011088723E-006
   2.2611569515367451E-003   2.7778944242060405E-007   6.2213548009465964E-007   1.0930259975220503E-006   1.6687088537116723E-006   2.3131661828992463E-006   2.9812037014889444E-006   3.6294352523408117E-006   4.2261630446309935E-006   4.7548027470499128E-006
   2.4757157946593421E-003   3.9428250000456749E-007   8.8303268548664101E-007   1.5513948197205367E-006   2.3684946771638474E-006   3.2832096519674083E-006   4.2313924511909463E-006   5.1514623046449811E-006   5.9984287249164825E-006   6.7487528832723600E-006
   2.7106339043648361E-003   5.5883428290153497E-007   1.2515620025473076E-006   2.1988619593692826E-006   3.3569744221449777E-006   4.6534403317450435E-006   5.9973400325396732E-006   7.3013917873603389E-006   8.5018285832240907E-006   9.5652882751600897E-006
   2.9678431503900389E-003   7.9086910078131405E-007   1.7712260659542098E-006   3.1118570105230999E-006   4.7508320575314073E-006   6.5856049952162768E-006   8.4875037366063676E-006   1.0333005124870325E-005   1.2031865369755340E-005   1.3536870874219066E-005
   3.2494587155918438E-003   1.1174429544256887E-006   2.5026194477154882E-006   4.3968383296145542E-006   6.7125959335021858E-006   9.3049992999728647E-006   1.1992241057322252E-005   1.4599789848286616E-005   1.7000137638546817E-005   1.9126576606993410E-005
   3.5577964903394962E-003   1.5760960695283981E-006   3.5298172049772895E-006   6.2015170488341731E-006   9.4677741827016185E-006   1.3124220317405030E-005   1.6914420634959214E-005   2.0592204494165286E-005   2.3977728688817559E-005   2.6976908403966609E-005
   3.8953921174427275E-003   2.2188468261220169E-006   4.9693197077143990E-006   8.7305721954764856E-006   1.3328846482068723E-005   1.8476422850671010E-005   2.3812280600146798E-005   2.8989852256643543E-005   3.3755953152813097E-005   3.7978135378948951E-005
   4.2650218442334201E-003   3.1173604152218922E-006   6.9816284045355903E-006   1.2265988069087342E-005   1.8726312269240803E-005   2.5958356500923262E-005   3.3454890420036066E-005   4.0728995576414122E-005   4.7424962667188862E-005   5.3356720199590736E-005
   4.6697253532797080E-003   4.3700813684069935E-006   9.7872199041919625E-006   1.7195118934388085E-005   2.6251535608072827E-005   3.6389753583540879E-005   4.6898682238004274E-005   5.7095716048477769E-005   6.6482205923396639E-005   7.4797326574337555E-005
   5.1128307594829414E-003   6.1116920647683761E-006   1.3687729355870143E-005   2.4047905767430181E-005   3.6713561367415212E-005   5.0892081070264407E-005   6.5588932373589288E-005   7.9849439834736897E-005   9.2976233637848474E-005   1.0460457750567408E-004
   5.5979819791232878E-003   8.5253726571391090E-006   1.9093407945179971E-005   3.3545115679629428E-005   5.1212757739369992E-005   7.0990611830594363E-005   9.1491285801267576E-005   1.1138302131213261E-004   1.2969304942698153E-004   1.4591265444387536E-004
   6.1291686959257363E-003   1.1858997033484865E-005   2.6559395605883346E-005   4.6662068176389611E-005   7.1238098962413417E-005   9.8749256360648204E-005   1.2726548306294844E-004   1.5493417525627140E-004   1.8040221125845105E-004   2.0296207382032810E-004
   6.7107591705751436E-003   1.6445998808955861E-005   3.6832452817092134E-005   6.4710735823067593E-005   9.8792494027935868E-005   1.3694425502804697E-004   1.7648913698745144E-004   2.1485778878639909E-004   2.5017375204972682E-004   2.8145605938637009E-004
   7.3475361634921530E-003   2.2731832505324402E-005   5.0910223462171888E-005   8.9443858589216411E-005   1.3655171280090063E-004   1.8928441374759680E-004   2.4394143645077419E-004   2.9697109970959777E-004   3.4577982628300176E-004   3.8901209790522277E-004
   8.0447362662841772E-003   3.1306723847744610E-005   7.0114582830309988E-005   1.2318380050498206E-004   1.8806106747493363E-004   2.6068362570778116E-004   3.3595413706433055E-004   4.0898063724880421E-004   4.7619135665087913E-004   5.3572013892889004E-004
   8.8080929653170624E-003   4.2945943434447023E-005   9.6181834861657636E-005   1.6898100184816619E-004   2.5797724539645852E-004   3.5759589611407237E-004   4.6084293753509610E-004   5.6100676501746655E-004   6.5318798420581001E-004   7.3482786828271370E-004
   9.6438837915444661E-003   5.8657149435683958E-005   1.3136874080165408E-004   2.3080023357631839E-004   3.5235253361146855E-004   4.8840898675329210E-004   6.2941412515680009E-004   7.6619942367640327E-004   8.9207363938794933E-004   1.0035441481194474E-003
   1.0558981944335792E-002   7.9733744871088438E-005   1.7857202017645488E-004   3.1373050828912896E-004   4.7895508421642088E-004   6.6388780514556745E-004   8.5553490144894178E-004   1.0414307213887370E-003   1.2124806970782779E-003   1.3639410740439244E-003
   1.1560912813835747E-002   1.0781348543734822E-004   2.4145963617632464E-004   4.2421572705620276E-004   6.4762081416013537E-004   8.9766145233650333E-004   1.1567594881520533E-003   1.4080545872581279E-003   1.6392510432002888E-003   1.8439411516864275E-003
   1.2657915866672035E-002   1.4493220367806014E-004   3.2459105121390545E-004   5.7026568126373133E-004   8.7057468783195940E-004   1.2066666141763052E-003   1.5548969932864709E-003   1.8925927730269840E-003   2.2032280252347568E-003   2.4782005077519571E-003
   1.3859012403933871E-002   1.9357149971647596E-004   4.3352407976952537E-004   7.6164370236887942E-004   1.1627165163588902E-003   1.6115416522744868E-003   2.0765150517353093E-003   2.5273412286439551E-003   2.9419535384037931E-003   3.3088827065343054E-003
   1.5174079748634946E-002   2.5667862063060982E-004   5.7485931075678862E-004   1.0099441819630801E-003   1.5417375059203885E-003   2.1367838036228906E-003   2.7531343551441042E-003   3.3505947832337311E-003   3.8999140704887073E-003   4.3859178352514223E-003
   1.6613932472747905E-002   3.3764679027134228E-004   7.5619588317784149E-004   1.3285140384553533E-003   2.0279975820262229E-003   2.8105724946820838E-003   3.6209887905476862E-003   4.4063370012600812E-003   5.1281565166881454E-003   5.7665442233287966E-003
   1.8190411331788243E-002   4.4023631482615228E-004   9.8595444780247093E-004   1.7321402427508069E-003   2.6440439130768663E-003   3.6640917580931225E-003   4.7201340106365506E-003   5.7431283210927645E-003   6.6829602205400731E-003   7.5137772822372979E-003
   1.9916480638308576E-002   5.6841563160915784E-004   1.2730207261141809E-003   2.2364216847492588E-003   3.4136460240125925E-003   4.7301790978011102E-003   6.0926819299459249E-003   7.4119216710068284E-003   8.6232502787439540E-003   9.6934518998203108E-003
   2.1806334875063296E-002   7.2613401309763368E-004   1.6262362649360502E-003   2.8568729942006778E-003   4.3604218066948487E-003   6.0414063326398523E-003   7.7803007909728944E-003   9.4629805054385029E-003   1.1006962101823782E-002   1.2370082094824897E-002
   2.3875515424585839E-002   9.1706397707831363E-004   2.0538225115711742E-003   3.6079138569661937E-003   5.5062931038096941E-003   7.6279302549082046E-003   9.8214264633834612E-003   1.1942455589986451E-002   1.3887021965484810E-002   1.5602305058266186E-002
   2.6141038375114913E-002   1.1444094620484467E-003   2.5629546649729063E-003   4.5021274055412298E-003   6.8703628948673934E-003   9.5159445661037612E-003   1.2249272835617891E-002   1.4889967140854124E-002   1.7308539041164531E-002   1.9439735746690511E-002
   2.8621534453892730E-002   1.4110233618557719E-003   3.1600316981356485E-003   5.5507497400691559E-003   8.4696869831270456E-003   1.1728782184955225E-002   1.5093294360936545E-002   1.8340440436223081E-002   2.1311014953102506E-002   2.3925542043570110E-002
   3.1337402238589059E-002   1.7201491074365666E-003   3.8523467285334102E-003   6.7666261164230981E-003   1.0323823077883355E-002   1.4293272999044987E-002   1.8387453273382245E-002   2.2334273651005838E-002   2.5940320355352920E-002   2.9110086124460061E-002
   3.4310975906798831E-002   2.0772440878926348E-003   4.6521789345059109E-003   8.1714170641788327E-003   1.2465857083237032E-002   1.7255061543891743E-002   2.2190012976536628E-002   2.6941521648243622E-002   3.1276984142429562E-002   3.5082918108435744E-002
   3.7566708903115982E-002   2.4917394167977445E-003   5.5807437753571968E-003   9.8025561924592729E-003   1.4953049049398847E-002   2.0693396868766336E-002   2.6602659776231649E-002   3.2285285066660376E-002   3.7463589830035032E-002   4.2003795723515279E-002
   4.1131375034185735E-002   2.9820606312453090E-003   6.6794107076596203E-003   1.1732881215469041E-002   1.7896629833221923E-002   2.4762137288810042E-002   3.1822941270566979E-002   3.8605074138934582E-002   4.4778045242109162E-002   5.0184587480716851E-002
   4.5034288645458394E-002   3.5856933350613220E-003   8.0321021998048005E-003   1.4109600672116368E-002   2.1520484137822461E-002   2.9769736199009991E-002   3.8245436763301624E-002   4.6377616635488249E-002   5.3771603949637890E-002   6.0241782736666007E-002
   4.9307545690287481E-002   4.3523734892894584E-003   9.7499501093021284E-003   1.7127092521465360E-002   2.6119143889406747E-002   3.6120300886805762E-002   4.6384930665761999E-002   5.6222360840361571E-002   6.5157770173307733E-002   7.2970362308764192E-002
   5.3986287673825017E-002   5.3359977500647372E-003   1.1953056667198158E-002   2.0994575139028231E-002   3.2007972131622445E-002   4.4244021506469063E-002   5.6786281406442658E-002   6.8791258955236134E-002   7.9683359104565601E-002   8.9198036600616204E-002
   5.9108990642279875E-002   6.5990999598076394E-003   1.4780097850563141E-002   2.5951976448540501E-002   3.9545628992288015E-002   5.4625785336966909E-002   7.0057961307586361E-002   8.4805418322456055E-002   9.8166464632706493E-002  0.10982329155768458     
   6.4717781594067936E-002   8.1374578139221179E-003   1.8220771672106898E-002   3.1979244786465688E-002   4.8698418709079851E-002   6.7215456559495179E-002   8.6131888689834360E-002  0.10417770802526459       0.12050048406323700       0.13472091148066023     
   7.0858784914888756E-002   9.8527594655324190E-003   2.2056588407636222E-002   3.8698011398111992E-002   5.8902163607060819E-002   8.1255440803155568E-002  0.10406511388743502       0.12579766657078773       0.14543085547059448       0.16251744498981655     
   7.7582501685667909E-002   1.1538827561159697E-002   2.5833605131864761E-002   4.5333459994106477E-002   6.9022915792861766E-002   9.5252986801250300E-002  0.12203486838205728       0.14755806843594524       0.17061877916967208       0.19069362507253437     
   8.4944224982638025E-002   1.3027521308709497E-002   2.9188489280867737E-002   5.1285052306070208E-002   7.8220110569054119E-002  0.10815484921070662       0.13881604119258667       0.16810880688564805       0.19463516727197783       0.21777875456542647     
   9.3004494584813954E-002   1.4383805369033970E-002   3.2277544979937740E-002   5.6858780536691786E-002   8.7016012867269968E-002  0.12074638991313115       0.15547625388722736       0.18880218563896287       0.21910616390066115       0.24565024120015405     
  0.10182959482819059        1.6074453887325299E-002   3.6136706716575255E-002   6.3853109842945455E-002   9.8096825861980749E-002  0.13662394718367427       0.17646879405973093       0.21485716341183106       0.24990698636017816       0.28072828329608884     
  0.11149209970080924        1.8819078804087990E-002   4.2335960533029446E-002   7.4923620794746293E-002  0.11529625924258206       0.16074424586330427       0.20774251133444593       0.25305366955164210       0.29448374406699618       0.33097783974309342     
  0.12207146966133181        2.2806929114110801E-002   5.1268457224802472E-002   9.0688038785791777E-002  0.13939975881092342       0.19397994982460620       0.25020869951749702       0.30431073981744033       0.35374128985441106       0.39727742648065717     
  0.13365470508911154        2.6893674943810612E-002   6.0464556167923893E-002  0.10703268705248116       0.16452277310722574       0.22880062282732777       0.29498291693220996       0.35871613019533205       0.41703052207209207       0.46847181577017238     
  0.14633706173946351        2.9509111827552920E-002   6.6635133752033032E-002  0.11869278505779217       0.18351342243964405       0.25656976440764034       0.33244739713875721       0.40612066068014924       0.47400714276247008       0.53423969986946740     
  0.16022283408774773        3.1616079965692760E-002   7.1936031882479323E-002  0.12938256217916225       0.20186979393952192       0.28463269599735869       0.37166842881950829       0.45707397735644478       0.53643775737325317       0.60731833906750954     
  0.17542621300415920        3.6183295757960747E-002   8.2607321920918547E-002  0.14906651061152804       0.23312950830506135       0.32948731049898738       0.43128424090647155       0.53159092149251586       0.62513713659889314       0.70894296055054851     
  0.19207222481239303        4.2668333201088697E-002   9.7409977158401467E-002  0.17553279208946526       0.27401354922718235       0.38683775498284295       0.50615367899984831       0.62393229020175522       0.73401817802442093       0.83288237374697327     
  0.21029775945461360        4.6735110336711939E-002  0.10754889250284996       0.19536759198566958       0.30740969984623090       0.43732242853762671       0.57612611135032321       0.71427100363976337       0.84423588483831646       0.96156111250063814     
  0.23025269621793309        5.0544829235837425E-002  0.11760635228752558       0.21603213324316461       0.34365916809999159       0.49376724794760335       0.65594753042241838       0.81872324559354692       0.97284538804654752        1.1126783088983374     
  0.25210113627991265        5.8172376818276250E-002  0.13552285360443342       0.24910736570070074       0.39688679469289029       0.57151189366109456       0.76116526768730441       0.95253086499691419        1.1346551488382082        1.3006787525170611     
  0.27602275220902728        6.3890218254945799E-002  0.15022313477406601       0.27882571972848069       0.44857066214481583       0.65158902083636006       0.87421316922430758        1.1005702856431445        1.3173290343050552        1.5159382445747271     
  0.30221426551783803        7.0109864964867680E-002  0.16653148780541893       0.31249205701281646       0.50805340784405040       0.74478305767649855        1.0068462587282545        1.2753199988901249        1.5339975773753540        1.7722501375675104     
  0.33089106441964966        7.8389181958844506E-002  0.18727206819895076       0.35392524250839119       0.57978545805100401       0.85607597157322701        1.1647699601475603        1.4835141726294012        1.7926763385046629        2.0790487462072975     
  0.36228897509242902        8.5453433117555405E-002  0.20690180774160025       0.39664075346491368       0.65815681066568343       0.98218432466830630        1.3477604493661681        1.7281433812453211        2.0994211172628505        2.4451963883832932     
  0.39666620101612027        9.4582003385107208E-002  0.23115439808428159       0.44800041647690392       0.75129806315749292        1.1317714228789555        1.5653700306332452        2.0202032666238972        2.4671217313624676        2.8857328896275520     
  0.43430544633167090       0.10345470107204366       0.25652269085982998       0.50472727706056542       0.85778675830257334        1.3064217603862727        1.8227539075042887        2.3685864256139393        2.9083671989992603        3.4168041032463830     
  0.47551624068340170       0.11345019966777418       0.28543117153300279       0.57023027328733067       0.98230917733454071        1.5128113461173132        2.1294033617841164        2.7862355141564388        3.4399025391625666        4.0590743359414780     
  0.52063748466325777       0.12425732416491478       0.31774442113457385       0.64541253347550132        1.1279532344115262        1.7573081079564319        2.4957983604750793        3.2882531103527146        4.0816867140812896        4.8374032469107462     
  0.57004023678963622       0.13583167021175827       0.35387136087735471       0.73204125875303727        1.2990493779738614        2.0480309678042814        2.9348339752582917        3.8929425857054110        4.8577443157612246        5.7816386984860202     
  0.62413076493974640       0.14846766819205620       0.39471415184134517       0.83256648891048013        1.5010367901951633        2.3949154313474845        3.4621098082569324        4.6222790341881188        5.7967785686720958        6.9273597399163584     
  0.68335388732923041       0.16223983163770678       0.44102668548454582       0.94971454389271370        1.7403724927794253        2.8098430605619455        4.0961636992688764        5.5021759047437095        6.9324479198751732        8.3161778084065805     
  0.74819663051388374       0.17731120034086859       0.49380997641148977        1.0868690744297202        2.0249030505868650        3.3070287797248730        4.8588589013545613        6.5628407604461527        8.3036796771383816        9.9960305527034805     
  0.81919223449536838       0.19384861313567112       0.55425808904862439        1.2481286944484851        2.3640465717057584        3.9032571123366102        5.7755698297632625        7.8388329977510098        9.9545765974113696        12.020965190147548     
  0.89692453786727211       0.21206547752838950       0.62383673830465947        1.4384649083225605        2.7690344497122017        4.6181125551203683        6.8752658921981764        9.3689088157421558        11.934001102767182        14.450498216464707     
  0.98203277906312625       0.23222235742166505       0.70432408863348095        1.6638604817947729        3.2531042432707955        5.4740636769641373        8.1903088146268672        11.195432478354501        14.294590805921214        17.348284869565205     
   1.0752168531898927       0.25462889646458725       0.79787287838432541        1.9314746200723762        3.8316711332925566        6.4964156845568892        9.7559824004612956        13.363398282888644        17.091288447772826        20.780220273201827     
   1.1772430676769294       0.27965459843897944       0.90708681677392855        2.2498062075931164        4.5224168267657827        7.7130392610345826        11.609659958723645        15.918999866625583        20.379374289782852        24.812013906283614     
   1.2889504440725368       0.30774336067000402        1.0351051277370762        2.6288406913515030        5.3452571113979772        9.1538315786534561        13.789608978840548        18.907832732206423        24.212191916938668        29.506530954390342     
   1.4112576178114535       0.33943020904480720        1.1856949913144958        3.0801658833768144        6.3221527912693691        10.849898489233334        16.333512464984750        22.372943077880922        28.638925167767127        34.921394114462842     
   1.5451703926941469       0.37536003604160079        1.3633517736008389        3.6170373344258606        7.4767372042092868        12.832494285972574        19.276879283175607        26.353060388582630        33.702921419769091        41.107480930978127     
   1.6917900122028373       0.41630853671460194        1.5733996159474759        4.2543608053436870        8.8337368714722455        15.131795377244412        22.651579411303594        30.881404211161847        39.441069182558536        48.108913619196841     
   1.8523222156741213       0.46320901661533043        1.8220886331593880        5.0085725731241588        10.418214065137361        17.775681233737110        26.484839627140982        35.985500026637489        45.884686776173005        55.964980453508055     
   2.0280871538024625       0.51718269602650468        2.1166789853585435        5.8973978634745725        12.254691522040241        20.788735466480134        30.799007950529926        41.688273392350112        53.062037949328321        64.713911433686746     
   2.2205302450155360       0.57957355717035852        2.4654998202097747        6.9394809406177913        14.366264339358677        24.191694414640509        35.612281367913546        48.010385975939784        61.002082539600941        74.397742938511968     
   2.4312340619997870       0.65206238282201301        2.8781825758598387        8.1543239203594471        16.774509443093152        28.002443673135325        40.941528301373687        54.974741273970082        69.740084982075032        85.068605740682287     
   2.6619313461261318       0.73638024440778649        3.3646955174541100        9.5598728204027044        19.496051486106744        32.232698296343273        46.799429770046132        62.603486650061633        79.313729316312305        96.783702628410595     
   2.9145192568009906       0.83488591928751266        3.9367532529565588        11.174937361979316        22.547206759381957        36.895840398417334        53.205044708020388        70.929906897820871        89.775239941216796        109.61739940731567     
   3.1910749729235515       0.95022626270688748        4.6065664587919040        13.016529579819217        25.940837874717378        42.003656820400366        60.179463316715250        79.991622008919038        101.18171899755619        123.64927774199877     
   3.4938727747491285        1.0854947139797544        5.3869361688685720        15.100149625613220        29.687980253236589        47.569070069368053        67.748141684963983        89.831213289759219        113.59433500932583        138.96286266717490     
   3.8254027466328799        1.2442681849248636        6.2909719903704682        17.439620038572482        33.798565328964912        53.606945343027441        75.940200727214645        100.49349702753619        127.07494759818796        155.64275280378257     
   4.1883912544574775        1.4306364145565458        7.3317925689257972        20.047129769633290        38.282080219828671        60.134288573266900        84.786778279822599        112.02274141366350        141.68420871792506        173.77400539575473     
   4.5858233661428098        1.6492274733745960        8.5222668775611528        22.933478468405522        43.148078565115235        67.169967534919763        94.319055370837162        124.46107784059700        157.48180184695474        193.44312808560616     
   5.0209673996144657        1.9051876326127479        9.8747192384971250        26.108210044158707        48.406177622331271        74.733658041305048        104.56607149549212        137.84805619962947        174.52717391282766        214.73785563432227     
   5.4974018001037450        2.2041919012325235        11.400858646161444        29.579983779321367        54.066285254177998        82.845068198853923        115.55409887591557        152.22225226598283        192.88050410356036        237.74561134482391     
   6.0190445678066622        2.5523941061520059        13.111671756269352        33.356603232918005        60.138374254769168        91.522576529855286        127.30669025117992        167.62216805513773        212.60087685552551        262.54799644854904     
   6.5901854779032725        2.9563533073319621        15.017370415787779        37.444903003843706        66.632184010945338        100.78200606431697        139.84570645345272        184.08576041889444        233.74186161266343        289.21321859200827     
   7.2155213579010242        3.4229664542074114        17.127437233368738        41.850674202631524        73.557035240973704        110.63620407925497        153.19269289472163        201.64830862728095        256.34587785045102        317.79381862295457     
   7.9001947124089602        3.9593831807670141        19.450639855068992        46.578524573441015        80.921440749849992        121.09541737561557        167.36908021194512        220.33817925641415        280.44237989628982        348.33767093435387     
   8.6498360129766851        4.5729099835944300        21.994982426029811        51.631740782342035        88.732493999370007        132.16837977104257        182.39462609372418        240.17291060610762        306.05696864905400        380.90185521254062     
   9.4706100007722398        5.2709224966254160        24.767612462648152        57.012257310269391        96.995226556067706        143.86354972783911        198.28417355949946        261.16227179849392        333.22308266779550        415.54473047879299     
   10.369266382873457        6.0607855178662078        27.774669555157718        62.720714214199440        105.71216070749784        156.18953440344077        215.04407801658758        283.31923169240457        361.97538073678851        452.30041187351566     
   11.353195339077612        6.9498291929743798        31.021217112571524        68.756795367434819        114.88371011419584        169.15453880188193        232.67395481151752        306.66394968346873        392.32928194619655        491.17887645715308     
   12.430488295695186        7.9452203619567703        34.510845773218527        75.119037010356905        124.50851761408994        182.76337347389853        251.17500903634473        331.20863555724270        424.27968476582254        532.20157965534395     
   13.610004466105526        9.0539967113130206        38.245713920168406        81.805314280747524        134.58527099161626        197.01531275344595        270.55628360578447        356.94578078827419        457.83314753940209        575.39401696308539     
   14.901443705277449        10.282956355009656        42.226228466854970        88.812520779794227        145.11329730275091        211.90389155637908        290.82356338868095        383.86444527161734        493.00064534905260        620.74530682657530     
   16.315426277379739        11.638549408503287        46.450807015402425        96.136161305259790        156.09232757332256        227.42322641034909        311.96570592409722        411.96842706184685        529.76118548560851        668.24707929465308     
   17.863580192457370        13.126967197679171        50.916230774040699        103.77075872304913        167.52218782275102        243.57472372896049        333.96606284682872        441.24722261902792        568.10048585052391        717.89577420188027     
   19.558636830395095        14.753942991242443        55.617360885689372        111.70924744900434        179.39976278473210        260.36001911786445        356.82394382488906        471.67552550487352        608.00800866882355        769.65611069247200     
   21.414535638539547        16.524667990193358        60.547281679517283        119.94339908877784        191.71724774964306        277.76886488987685        380.52971219225657        503.24302175944348        649.44847353577484        823.51320535306979     
   23.446538763970572        18.443730748101679        65.697619198835085        128.46496056775294        204.46492681491273        295.78438968664824        405.05754863729595        535.92435646379056        692.40090466882828        879.41721787480196     
   25.671356563109935        20.515053184623760        71.058944249732647        137.26693627525384        217.63787986112629        314.40023106639086        430.39564610937987        569.69120878819763        736.82805275363205        937.34654097837245     
   28.107285020807289        22.741650476124281        76.620806240480292        146.34388294237496        231.23619020427608        333.61086245276618        456.52718658308368        604.52301657257487        782.69073709606698        997.22508403023119     
   30.774356208980628        25.125741869012487        82.372606887938360        155.69228714960792        245.25727877853649        353.39326427017909        483.41748255067228        640.37619775748692        829.96311745558694        1059.0589261362197     
   33.694503022121602        27.668578623488930        88.303830910215680        165.30919525801841        259.68812746351500        373.73939138387914        511.06818999257410        677.24450998597888        878.57531701158530        1122.6955246904918     
   36.891739544382439        30.370243256484880        94.404276956509008        175.18985925340462        274.51692479140075        394.62763712493643        539.41322720520486        715.04504235703291        928.53035219520336        1188.2536353852374     
   40.392358531509046        33.229587095575738        100.66433226999561        185.32782788784647        289.74375397946670        416.05141933140169        568.49630663619757        753.83742880755153        979.71827488724875        1255.3917863152217     
   44.225147631630513        36.244080182340937        107.07435030987224        195.71642229254846        305.35968807083839        437.97448024871562        598.18016607482843        793.42792712586038        1032.1867596016134        1324.4936941114802     
   48.421626123015102        39.409808310830741        113.62381931710711        206.35540662139817        321.35208264736769        460.41603198006339        628.62159189267140        834.03312471539903        1085.7593516371112        1394.8543941234743     
   53.016304115627769        42.721752716846545        120.30124795148510        217.24314093465006        337.71415438683385        483.30229228980676        659.52255336336009        875.26406341539882        1140.5940204990432        1467.3219406468379     
   58.046966348054411        46.174010498823407        127.09653669050103        228.37915488690291        354.42637727225207        506.69516690439798        691.25087298189317        917.57135810442844        1196.3472988850026        1540.6372058864995     
   63.554982913623071        49.759588455780793        134.00333995546583        239.74410860537091        371.47825937686201        530.44707534729673        723.23207569937858        960.30919411204263        1253.4516486279608        1616.3142601654652     
   69.585649471004459        53.469763674457369        141.01879990093707        251.34894373356249        388.84682264157124        554.71329701696175        756.16048705352512        1004.1490868769964        1311.1196272158415        1692.3122414274376     
   76.188559737046049        57.294486050309821        148.13886610567127        263.18186312353168        406.54233018919069        579.22450656300975        789.07825826259443        1048.2926822020963        1370.4128499868139        1770.9922468187369     
   83.418013325063441        61.223885240323320        155.35957062029559        275.25766946261052        424.53659463171613        604.33920520985703        823.13053327771513        1093.4642945618589        1429.7012996592839        1849.4656504777568     
   91.333462282486295        65.247586915441985        162.67945858762496        287.52218617056621        442.81018641339836        629.51089358603474        856.91669053398869        1139.0173426241590        1491.1677567409442        1930.8139447103156     
   100.00000000000004        69.352651442020033        170.10502487539557        300.03467108268802        461.37378317532375        655.42754120180723        891.98966240270227        1185.2939560493455        1551.8752451631005        2011.8369229881509     
