   1.0000000000000002E-003   1.3067136668451756E-008   2.8944809285904799E-008   4.9894174108534936E-008   7.4419124864553135E-008   1.0079284480003217E-007   1.2738834381233440E-007   1.5294173557010538E-007   1.7664975115808775E-007   1.9812279009682210E-007
   1.0948889651276870E-003   1.8649154310140568E-008   4.1309450080220632E-008   7.1217993780731083E-008   1.0624112852552311E-007   1.4390933117404826E-007   1.8189466603544429E-007   2.1838980133736031E-007   2.5224714614639564E-007   2.8291077599544423E-007
   1.1987818459583783E-003   2.6603247371576714E-008   5.8928439157050226E-008   1.0160646034686877E-007   1.5159572612218081E-007   2.0536690679416562E-007   2.5959142823225956E-007   3.1168643522527968E-007   3.6001327261620071E-007   4.0377900189873786E-007
   1.3125330147352270E-003   3.7930223663708678E-008   8.4018651229860467E-008   1.4488500875731783E-007   2.1619551239955165E-007   2.9290969747452671E-007   3.7027165807255883E-007   4.4459266277984011E-007   5.1353419640447718E-007   5.7596577860437370E-007
   1.4370779141993756E-003   5.4047854388717463E-008   1.1972057084532760E-007   2.0647313660164389E-007   3.0813400950431032E-007   4.1750998142813944E-007   5.2781104308308238E-007   6.3377290642455499E-007   7.3206044899299974E-007   8.2106284625449578E-007
   1.5734407502856105E-003   7.6964530192443256E-008   1.7048295571237191E-007   2.9404838496641661E-007   4.3887755461411201E-007   5.9471318825077118E-007   7.5186908763935534E-007   9.0283821503783843E-007   1.0428674442402531E-006   1.1696629114044195E-006
   1.7227429147699432E-003   1.0951747760210312E-007   2.4259050708014514E-007   4.1845718494196195E-007   6.2462599572427678E-007   8.4648303172416259E-007   1.0702228650472646E-006   1.2851493092161139E-006   1.4844936723676145E-006   1.6649917369990199E-006
   1.8862122071335180E-003   1.5571254359544822E-007   3.4491652266311116E-007   5.9501410093786106E-007   8.8825367246932085E-007   1.2038335902841437E-006   1.5220961662076458E-006   1.8278152195612450E-006   2.1113601069602306E-006   2.3680894580837706E-006
   2.0651929314796274E-003   2.2119231497153804E-007   4.8995982290137246E-007   8.4529182223655974E-007   1.2619835926553186E-006   1.7104556957264143E-006   2.1627463250425595E-006   2.5972025422878785E-006   3.0001347510706856E-006   3.3649493099277579E-006
   2.2611569515367451E-003   3.1389418887763187E-007   6.9530243653856936E-007   1.1996375454965784E-006   1.7911469015967990E-006   2.4278151564594677E-006   3.0699127574427827E-006   3.6866808415877321E-006   4.2586804874177444E-006   4.7765538741540053E-006
   2.4757157946593421E-003   4.4495371180735187E-007   9.8561057892000121E-007   1.7006272839807890E-006   2.5393436899783476E-006   3.4421514134751132E-006   4.3526693281297328E-006   5.2272553218260578E-006   6.0383384116563946E-006   6.7726524757935056E-006
   2.7106339043648361E-003   6.2995874966076180E-007   1.3954127544199180E-006   2.4078618123468691E-006   3.5956083581306019E-006   4.8741947245079188E-006   6.1637153589068665E-006   7.4023296894430210E-006   8.5509824855758442E-006   9.5908901493091481E-006
   2.9678431503900389E-003   8.9069731719373339E-007   1.9729713618840802E-006   3.4046504764766984E-006   5.0843957102353827E-006   6.8927087837291551E-006   8.7165053990717946E-006   1.0468280872187328E-005   1.2092788157408391E-005   1.3563466977875099E-005
   3.2494587155918438E-003   1.2574962203439268E-006   2.7854630094070203E-006   4.8069543583796255E-006   7.1789427349379384E-006   9.7326112613723691E-006   1.2308169394207841E-005   1.4781988397296170E-005   1.7076034885733751E-005   1.9152807963708320E-005
   3.5577964903394962E-003   1.7724493406512661E-006   3.9261294750007258E-006   6.7757316642544680E-006   1.0119713778995285E-005   1.3719988287212629E-005   1.7351152722923060E-005   2.0838836852879212E-005   2.4073006831978073E-005   2.7000801531763232E-005
   3.8953921174427275E-003   2.4938360867077138E-006   5.5240650078803112E-006   9.5338346329982346E-006   1.4239646298653627E-005   1.9306331556413541E-005   2.4416521298887864E-005   2.9324728380770807E-005   3.3876076935068619E-005   3.7996187745625077E-005
   4.2650218442334201E-003   3.5020517608891180E-006   7.7573526790622006E-006   1.3388688360941877E-005   1.9998035376880638E-005   2.7114490540139787E-005   3.4292083672449357E-005   4.1185889832729439E-005   4.7578344922851739E-005   5.3364996439002652E-005
   4.6697253532797080E-003   4.9074555111832802E-006   1.0870448386205827E-005   1.8762302825208849E-005   2.8025374465810834E-005   3.7999481869329859E-005   4.8059303034943908E-005   5.7721244281854570E-005   6.6680336470780740E-005   7.4790208802716444E-005
   5.1128307594829414E-003   6.8609173311970539E-006   1.5197543533914541E-005   2.6231606643008929E-005   3.9183617366132582E-005   5.3130210203147749E-005   6.7196654908590193E-005   8.0706538678811216E-005   9.3233377210384205E-005   1.0457254095700025E-004
   5.5979819791232878E-003   9.5678097621655752E-006   2.1193558090573882E-005   3.6581953864144735E-005   5.4646120610229715E-005   7.4097874232992102E-005   9.3716728908649539E-005   1.1255898680521784E-004   1.3002975123477603E-004   1.4584367772249804E-004
   6.1291686959257363E-003   1.3306053173915189E-005   2.9474112745712407E-005   5.0876131500382969E-005   7.6000741722767723E-005   1.0305576604799421E-004   1.3034302119473157E-004   1.5654955727569171E-004   1.8084786412892180E-004   2.0284115691671071E-004
   6.7107591705751436E-003   1.8449278626256069E-005   4.0866837014191347E-005   7.0542935716164427E-005   1.0538216777489855E-004   1.4289869361536355E-004   1.8073681274039289E-004   2.1707537062738970E-004   2.5076678125622169E-004   2.8126098944704554E-004
   7.3475361634921530E-003   2.5496584033767120E-005   5.6477282088962637E-005   9.7490958403614869E-005   1.4564189770581594E-004   1.9749343612879207E-004   2.4978854055491428E-004   3.0000947297615185E-004   3.4657004108610374E-004   3.8871027834454480E-004
   8.0447362662841772E-003   3.5109806779210494E-005   7.7771483150401426E-005   1.3425111053262572E-004   2.0056113561169004E-004   2.7196733649919745E-004   3.4398260417391158E-004   4.1313866300029595E-004   4.7725099543431194E-004   5.3527348219499515E-004
   8.8080929653170624E-003   4.8157497181773656E-005   1.0667336423262808E-004   1.8414475529835255E-004   2.7510190108775501E-004   3.7304862043844553E-004   4.7182742411116174E-004   5.6667943608833672E-004   6.5460806158382072E-004   7.3417913631767108E-004
   9.6438837915444661E-003   6.5769062018490590E-005   1.4568466961352336E-004   2.5149070930302077E-004   3.7571613851839072E-004   5.0948520521391623E-004   6.4438448932348637E-004   7.7391239694309122E-004   8.9397628087873834E-004   1.0026188099784528E-003
   1.0558981944335792E-002   8.9394538281933680E-005   1.9801736907945877E-004   3.4183374690112075E-004   5.1068684040418732E-004   6.9250666640466904E-004   8.7585154085979746E-004   1.0518810267565511E-003   1.2150323570012239E-003   1.3626474634826689E-003
   1.1560912813835747E-002   1.2086811622560169E-004   2.6773439699346940E-004   4.6218749884865674E-004   6.9049059589394084E-004   9.3631499428001969E-004   1.1841816324882929E-003   1.4221326898968118E-003   1.6426473431010529E-003   1.8421358671357271E-003
   1.2657915866672035E-002   1.6247279316322679E-004   3.5989277298301609E-004   6.2128109021672841E-004   9.2816492561091418E-004   1.2585804389713589E-003   1.5917065285054291E-003   1.9114620699286194E-003   2.2077387988389580E-003   2.4757187099642263E-003
   1.3859012403933871E-002   2.1698929871666708E-004   4.8065203432975527E-004   8.2974609271802317E-004   1.2395865691917798E-003   1.6808164358301247E-003   2.1256064931794555E-003   2.5524688195479577E-003   2.9479064225479182E-003   3.3054974508795664E-003
   1.5174079748634946E-002   2.8772004032006878E-004   6.3732713243473368E-004   1.1002069234433518E-003   1.6436039974622430E-003   2.2285541159385016E-003   2.8181224474659438E-003   3.3838002569031534E-003   3.9076972187600152E-003   4.3813202952254693E-003
   1.6613932472747905E-002   3.7846781557443596E-004   8.3834104939780696E-004   1.4471976286610042E-003   2.1619092057417908E-003   2.9311606120781073E-003   3.7063133273648532E-003   4.4498419362230222E-003   5.1382256461968137E-003   5.7603306468467915E-003
   1.8190411331788243E-002   4.9344684143134445E-004   1.0930272666346171E-003   1.8868185429614249E-003   2.8185186602383392E-003   3.8211232176559051E-003   4.8311315002022648E-003   5.7995807351307500E-003   6.6958278720708362E-003   7.5054213542486738E-003
   1.9916480638308576E-002   6.3710546991334446E-004   1.4112364680792663E-003   2.4360541627604141E-003   3.6387459220120696E-003   4.9326400475718192E-003   6.2356146075275443E-003   7.4843983139311916E-003   8.6394707297627830E-003   9.6822821276995232E-003
   2.1806334875063296E-002   8.1386856633097022E-004   1.8027656043156344E-003   3.1117845400089284E-003   4.6477159715890568E-003   6.2995876837300931E-003   7.9622866954673823E-003   9.5549114189419984E-003   1.1027056182441994E-002   1.2355205544905405E-002
   2.3875515424585839E-002   1.0278520700908885E-003   2.2767267434504490E-003   3.9296954666584241E-003   5.8687325380806137E-003   7.9532951408473988E-003   1.0050321788662624E-002   1.2057536634136536E-002   1.3911420252569803E-002   1.5582566418638177E-002
   2.6141038375114913E-002   1.2826455096074810E-003   2.8410694968340217E-003   4.9034604639245387E-003   7.3220630265484988E-003   9.9209014117082293E-003   1.2533469730974790E-002   1.5032002552346047E-002   1.7337466307026532E-002   1.9413620549667759E-002
   2.8621534453892730E-002   1.5814460333188199E-003   3.5028861414841245E-003   6.0452832568999989E-003   9.0257724591184824E-003   1.2226517093795497E-002   1.5441565508849227E-002   1.8513215851243561E-002   2.1344391131454508E-002   2.3891089993616627E-002
   3.1337402238589059E-002   1.9279021528489577E-003   4.2702920765441185E-003   7.3691672757742214E-003   1.1000644584844786E-002   1.4897949218886998E-002   1.8809107421878704E-002   2.2541664945065518E-002   2.5977836738965591E-002   2.9064957050838228E-002
   3.4310975906798831E-002   2.3281070337292081E-003   5.1568513285408990E-003   8.8985748380746073E-003   1.3281651874978671E-002   1.7982292553378441E-002   2.2695035907461990E-002   2.7187268803314561E-002   3.1317575162188541E-002   3.5023687645073798E-002
   3.7566708903115982E-002   2.7926385441227821E-003   6.1861059505315856E-003   1.0674263661960517E-002   1.5929684557876123E-002   2.1561866280447158E-002   2.7202951674022733E-002   3.2573767827253283E-002   3.7505841391016821E-002   4.1926201515657541E-002
   4.1131375034185735E-002   3.3421921044937894E-003   7.4040199062025613E-003   1.2775677123451904E-002   1.9063316004868748E-002   2.5796984418812632E-002   3.2534818131965342E-002   3.8942774152466761E-002   4.4820840437740858E-002   5.0083804880629280E-002
   4.5034288645458394E-002   4.0187502308065256E-003   8.9035439005587472E-003   1.5362902820418462E-002   2.2920610456917095E-002   3.1008383906932988E-002   3.9093358096258968E-002   4.6774518302502816E-002   5.3813725239398882E-002   6.0111146981602449E-002
   4.9307545690287481E-002   4.8780351268722924E-003   1.0807782361178259E-002   1.8647308012257603E-002   2.7814699383090773E-002   3.7616227449027879E-002   4.7404036520769126E-002   5.6693197502890633E-002   6.5198215747410124E-002   7.2801288147194665E-002
   5.3986287673825017E-002   5.9804155699766035E-003   1.3249704358570261E-002   2.2856169341994952E-002   3.4080427384041663E-002   4.6067224254101660E-002   5.8022418201171190E-002   6.9355223980874695E-002   7.9720913860085438E-002   8.8979561159504242E-002
   5.9108990642279875E-002   7.3959907228682460E-003   1.6382887920509757E-002   2.8250051141591383E-002   4.2098399577695352E-002   5.6864637153165455E-002   7.1568801533337778E-002   8.5486759559844916E-002   9.8200110863306614E-002  0.10954250155407461     
   6.4717781594067936E-002   9.1198303938306701E-003   2.0195393434663214E-002   3.4805801652344252E-002   5.1830329820244013E-002   6.9952764683654731E-002   8.7969114044618338E-002  0.10499463926249371       0.12052327887977449       0.13435886409905415     
   7.0858784914888756E-002   1.1041917378416618E-002   2.4445673791172670E-002   4.2112605310728662E-002   6.2676849562185069E-002   8.4543367140506837E-002  0.10625838564526352       0.12675522506602782       0.14542894847708426       0.16205077332896789     
   7.7582501685667909E-002   1.2931558079141885E-002   2.8632503134918698E-002   4.9331537617771391E-002   7.3437505306200787E-002   9.9088191368944978E-002  0.12457556998450879       0.14863918959680425       0.17056668748825507       0.19009101366083173     
   8.4944224982638025E-002   1.4600982975263381E-002   3.2356514925053141E-002   5.5817057483826024E-002   8.3229410496396122E-002  0.11250120689946067       0.14167346760322871       0.16928222046497610       0.19449654964225113       0.21699799986548665     
   9.3004494584813954E-002   1.6123104530552955E-002   3.5792896882670407E-002   6.1907527398974968E-002   9.2614280198794308E-002  0.12560158643511921       0.15863938239363248       0.19003954476170232       0.21883324328038356       0.24462969521168734     
  0.10182959482819059        1.8020951059471452E-002   4.0089029260490489E-002   6.9556781521579417E-002  0.10443986290878730       0.14211563533313493       0.18000806481341575       0.21616457711781173       0.24945301339898007       0.27939213232981586     
  0.11149209970080924        2.1098615644490264E-002   4.6975644284797093E-002   8.1630218260088094E-002  0.12274070763689739       0.16714903960130245       0.21181248179935222       0.25446476334657531       0.29379268130847941       0.32922519376332310     
  0.12207146966133181        2.5566810318590677E-002   5.6882978366836839E-002   9.8781275171463179E-002  0.14831767522958469       0.20157195856309848       0.25494959429750425       0.30583703388251643       0.35273043989585101       0.39497763905662647     
  0.13365470508911154        3.0146765756509885E-002   6.7093614779804300E-002  0.11657183905891588       0.17496442822135710       0.23760460063900993       0.30037212808775288       0.36027071248119796       0.41555156365258095       0.46543593274614592     
  0.14633706173946351        3.3090341737743750E-002   7.4012054130697100E-002  0.12937421617571471       0.19521749247594183       0.26640367445213842       0.33834334508009550       0.40754257442974018       0.47184690533036949       0.53020732611006283     
  0.16022283408774773        3.5475990705544615E-002   8.0022289714375236E-002  0.14120540608695059       0.21488356752754664       0.29554909663279844       0.37805068843832834       0.45821828316132457       0.53332771088294972       0.60194046411796009     
  0.17542621300415920        4.0612006689618819E-002   9.1951354439496050E-002  0.16270354375560814       0.24806841679200062       0.34188815697515507       0.43827366781610283       0.53231863317491024       0.62074944833598289       0.70178729011761565     
  0.19207222481239303        4.7889156348704616E-002  0.10841808551789688       0.19145373872008037       0.29127201708221501       0.40092091028979659       0.51369981719341418       0.62395532408716337       0.72787726849566159       0.82335609173043423     
  0.21029775945461360        5.2494845843094266E-002  0.11986303493069859       0.21326152566577250       0.32681393370612610       0.45297336451504350       0.58401531970447862       0.71315641044120559       0.83567083910559548       0.94882688178592145     
  0.23025269621793309        5.6840780136936414E-002  0.13131125170300031       0.23611215281386472       0.36546424118302157       0.51110272004489010       0.66399746328096398       0.81592293159699569       0.96098337756196339        1.0956523451464277     
  0.25210113627991265        6.5432111431204587E-002  0.15132901480587405       0.27212696478489529       0.42159461603707959       0.59061042576475209       0.76899108316046572       0.94722727397818207        1.1183230881792463        1.2779470575127809     
  0.27602275220902728        7.1939788953830353E-002  0.16800171814385789       0.30483224686798133       0.47631522984814634       0.67241108516951087       0.88133366044129757        1.0917114135319392        1.2949531637533425        1.4855794326529532     
  0.30221426551783803        7.9034087132612035E-002  0.18656317327042105       0.34190381186272228       0.53913732538771875       0.76721509823769696        1.0125092784989880        1.2614421262107585        1.5034899922620895        1.7317540114985424     
  0.33089106441964966        8.8422703296182500E-002  0.21002557917187470       0.38724564550922091       0.61442965227821900       0.87976561150376587        1.1678399582868881        1.4626231806402124        1.7512803021013199        2.0251309605252086     
  0.36228897509242902        9.6531107774626007E-002  0.23258194556821871       0.43431407104284803       0.69664787433919328        1.0067419930611443        1.3467963806797880        1.6976389009706883        2.0435301820413891        2.3735702973428441     
  0.39666620101612027       0.10694377177642383       0.26029573073367895       0.49056543891825694       0.79370657141110990        1.1563415402872745        1.5582552408000989        1.9765976426732250        2.3920400947163727        2.7908657902895566     
  0.43430544633167090       0.11715501131212552       0.28958570010894713       0.55280420987354184       0.90421698741205536        1.3298980334350294        1.8067223973841733        2.3073510702520239        2.8080429377957090        3.2915967462693230     
  0.47551624068340170       0.12867111655527463       0.32303520007531172       0.62445729877070044        1.0326139959739322        1.5335022375168321        2.1007248423879106        2.7014895243000203        3.3065929181781333        3.8944925987238470     
  0.52063748466325777       0.14117215974751304       0.36060600888775640       0.70649484813710550        1.1817824220111735        1.7728776264481698        2.4495839525901451        3.1724571451856165        3.9055732462803272        4.6220401299645593     
  0.57004023678963622       0.15463596205961092       0.40285646689072968       0.80074217624446298        1.3557379789997701        2.0552892285447619        2.8647355183710492        3.7365142408778764        4.6264766908221260        5.5011994065025958     
  0.62413076493974640       0.16940027454912221       0.45086031133860216       0.90966985101811393        1.5594799647598150        2.3895890863127973        3.3599759382258747        4.4131443426991872        5.4949404849450394        6.5640555040835942     
  0.68335388732923041       0.18557518188172931       0.50558711237713150        1.0360243754265499        1.7989076515028999        2.7863117832331037        3.9516317883953120        5.2252399776477150        6.5409310992541263        7.8480135796093835     
  0.74819663051388374       0.20337062742292983       0.56830087818758390        1.1831832175424579        2.0811521454159316        3.2580023763507575        4.6588650732367478        6.1993601505572151        7.7989462368436966        9.3959616912295765     
  0.81919223449536838       0.22301094139977307       0.64052209611319033        1.3552164099953505        2.4147372358360437        3.8193930375347516        5.5037686998645778        7.3656809376139858        9.3078003159538643        11.255909061341654     
  0.89692453786727211       0.24477865951102504       0.72411248261803518        1.5570314145908661        2.8097720885321893        4.4875306256592351        6.5113065702004072        8.7576711728446757        11.110013424059941        13.480110452963199     
  0.98203277906312625       0.26901828200587746       0.82133576103031036        1.7945171516770320        3.2781078883257440        5.2817702960422626        7.7089881808392002        10.411361598173920        13.250656160952314        16.123515286901281     
   1.0752168531898927       0.29614115964436905       0.93493702748699903        2.0747009891702017        3.8334372739888778        6.2235892845503216        9.1262217265768193        12.364156995193715        15.775615976855232        19.241525418536138     
   1.1772430676769294       0.32664020640609953        1.0682400253559321        2.4059032693601470        4.4912988499649815        7.3361711428452372        10.793308496982924        14.653191697419766        18.729337839953054        22.887168981861429     
   1.2889504440725368       0.36110932939795631        1.2252549325767201        2.7978678264579027        5.2689440745458080        8.6437235809893505        12.740089237618685        17.313320886541540        22.152229941051878        27.107979592686842     
   1.4112576178114535       0.40026506855660104        1.4107948589781139        3.2618476072983578        6.1850366303884234        10.170540468218398        14.994350337812952        20.374989932587209        26.078123370364569        31.943111769633695     
   1.5451703926941469       0.44497181607299158        1.6306023985284095        3.8106285952113752        7.2591825392594966        11.939892831645945        17.580224983703840        23.862395554006017        30.532377534934664        37.421449022665776     
   1.6917900122028373       0.49627006744144564        1.8914747490087007        4.4584571175772298        8.5112895941757234        13.972868200989220        20.516883336821103        27.792411846026006        35.531261267565618        43.561467987577892     
   1.8523222156741213       0.55541134522973956        2.2013851119439578        5.2208650793012739        9.9608314186643110        16.287401736125769        23.817941761559691        32.174858648333100        41.083281044495457        50.373587750180363     
   2.0280871538024625       0.62389740665004989        2.5695869140673580        6.1143841506910492        11.626113164987554        18.897759868441085        27.491971796197383        37.014519860102233        47.192807903270960        57.865259114955890     
   2.2205302450155360       0.70352448053396355        3.0066894877837638        7.1561668406822161        13.523688820518496        21.814750213243723        31.544381190833551        42.315038008022988        53.865885301497464        66.048402961516373     
   2.4312340619997870       0.79651889516019025        3.5249363756870720        8.3640033673770269        15.668765886741349        25.047734634041262        35.981772378006340        48.085634360636647        61.118916793023793        74.949643710415913     
   2.6619313461261318       0.90520815779828234        4.1371261173054386        9.7539463938948110        18.072479879558571        28.602769475433593        40.811359270119986        54.341456947654336        68.979378237018494        84.611045263600204     
   2.9145192568009906        1.0326864177491102        4.8582502421840621        11.343151842535196        20.747363626991696        32.491645336285600        46.053275839408229        61.118127003427098        77.501687740159340        95.106952881757621     
   3.1910749729235515        1.1824243865868074        5.7041524604297376        13.147494652631178        23.705201052360177        36.730281523609932        51.738585121154749        68.468146949240406        86.761510547187129        106.53656962187952     
   3.4938727747491285        1.3584472437308184        6.6917579652274481        15.182412683101052        26.959639435106627        41.342568130087805        57.912639904676482        76.462396683373512        96.855399549049380        119.02270489496186     
   3.8254027466328799        1.5653557709923493        7.8389099053752185        17.463321416462289        30.527723969329276        46.361539869693715        64.633721980607177        85.185402920397621        107.89376401377656        132.70397696729648     
   4.1883912544574775        1.8083668396622390        9.1643755605821351        20.006519477832917        34.431396181015842        51.829208857992576        71.969107065985739        94.728019972149511        119.99216287888615        147.72597663045869     
   4.5858233661428098        2.0933191847118557        10.687948731315664        22.830268119951288        38.698299037846532        57.794533772516004        79.989023960871009        105.17937137975700        133.26313369981335        164.23281022550128     
   5.0209673996144657        2.4266324460917383        12.430696090410597        25.955904466446054        43.361760454255240        64.310190542852098        88.760822029450253        116.62138375275543        147.81117049521694        182.36045203535167     
   5.4974018001037450        2.8153173502691207        14.415706525463321        29.409351169489668        48.460895161747700        71.430515903075033        98.347415118138883        129.12977595492961        163.73350048658764        202.23441699307375     
   6.0190445678066622        3.2669171907871410        16.669045583482312        33.222353806460092        54.040643955695629        79.211367305090675        108.81086201972451        142.78041231857614        181.12499048173160        223.97126164991755     
   6.5901854779032725        3.7894712650914952        19.221195488185341        37.433915942956382        60.153193903619787        87.713931370236352        120.22185437057793        157.66033386697728        200.08803351778258        247.68738923024134     
   7.2155213579010242        4.3914689136935552        22.108867100148558        42.091959364379889        66.860978756425610        97.011805410141861        132.67148083846405        173.87959187169940        220.74545120365596        273.51701174955878     
   7.9001947124089602        5.0818609277805535        25.377318690845975        47.255770736879469        74.241145695766321        107.19950845020463        146.28070656663965        191.58025400223053        243.25521418138888        301.64050569147309     
   8.6498360129766851        5.8701322037319237        29.083124144478962        52.999377783510020        82.390153381948366        118.39903946617460        161.20345093980143        210.93996625747664        267.82556604811714        332.31021067063580     
   9.4706100007722398        6.7664250024416948        33.297338722158507        59.415683320434880        91.427404190893895        130.76239425914244        177.62356657316988        232.17369742611513        294.72362213150478        365.84669403075577     
   10.369266382873457        7.7817858956106143        38.109365100265265        66.621433300652768        101.49888303139218        144.47220104188997        195.75311346127452        255.54043245389559        324.26524611727206        402.60448314416539     
   11.353195339077612        8.9286749969269845        43.632173470274154        74.763643909652032        112.78367420366496        159.74608802387789        215.84348716558517        281.35122332127543        356.79576777359250        442.96246690894566     
   12.430488295695186        10.221340518205752        50.008155989568891        84.026462514169268        125.50304892420118        176.84588523643450        238.20808084745940        309.96794254165957        392.70193158875662        487.37687874657166     
   13.610004466105526        11.676804836336210        57.418306789697773        94.642498546022395        139.93595186074117        196.09743597397465        263.24558971010964        341.81832669308670        432.48177301988574        536.42260639218171     
   14.901443705277449        13.315650382730988        66.093052629887623        106.90605315434181        156.43480609963811        217.91535637468411        291.44485684154176        377.44712992404908        476.77619971207639        590.76890940526459     
   16.315426277379739        15.163254080560991        76.327401270003151        121.19169549522324        175.44547719191220        242.83467024498083        323.40238275458620        417.56910684718889        526.34451942745181        651.25478634643878     
   17.863580192457370        17.251406201220195        88.501273746205612        137.97931296470284        197.53443288755548        271.53943455996961        359.88843093264910        463.06230396938201        582.14368707870540        718.96713009631469     
   19.558636830395095        19.620042261369679        103.10549586206416        157.88662605809574        223.42624651578438        304.88734217395682        401.91480119036487        515.01189352523681        645.42454057766815        795.21197487270319     
   21.414535638539547        22.319626965269833        120.77671454435396        181.71327198817582        254.05970888142565        343.96702420037866        450.75116856034271        574.86145225237453        717.71917007265949        881.67801361965007     
   23.446538763970572        25.414258277921469        142.34364032163609        210.49830298500927        290.66313530735567        390.20920050209281        508.00731351188927        644.43118789031087        801.03209368103569        980.50925541531012     
   25.671356563109935        28.985684887854013        168.88804867420728        245.59485050369926        334.83961038528633        445.50018292249132        575.83399676864497        726.06922596067727        897.92068570394224        1094.4363644948385     
   28.107285020807289        33.138431183975719        201.82478676116835        288.76692906730739        388.65838804864899        512.24745467598700        656.97545208258953        822.84503087994324        1011.7081053555457        1227.0120005850633     
   30.774356208980628        38.006973299972849        243.00898697655077        342.32149154145679        454.80395966592459        593.59222900325665        755.02993626851696        938.73288214516128        1146.6692595941333        1382.7723577964794     
   33.694503022121602        43.764675423109736        294.87647929719441        409.28147355606364        536.82085544430538        693.70664303374224        874.69287307492800        1078.9191425306883        1308.4615955656366        1567.7001464043726     
   36.891739544382439        50.635849925119146        360.63144749745709        493.62997304897732        639.42500724149875        818.02939758835237        1022.1889831039233        1250.2172496372882        1504.3580226388481        1789.4428052796618     
   40.392358531509046        58.911513895795437        444.49603068883209        600.63147899158628        768.75014446933619        973.67496889829692        1205.4930768149975        1461.5733437104107        1743.8154285835037        2058.4890689329568     
   44.225147631630513        68.970213649803597        552.03915346186955        737.25888673500151        932.87365135499340        1170.2014093158232        1435.4471189680680        1724.8123021926008        2039.9286211450301        2386.7016876877624     
   48.421626123015102        81.305666138359797        690.61480123529032        912.67111609161554        1142.5361276594952        1419.7353242816580        1726.1772504346507        2054.4875093539795        2409.0034160788346        2794.4840692294665     
   53.016304115627769        96.564018273742363        869.94309216969305        1138.9596037686510        1411.8930485308147        1739.3103877701437        2095.9285886380035        2473.7414229258166        2870.7667453271433        3301.7648066354791     
   58.046966348054411        115.59369515217497        1102.9065080885046        1432.0347050452019        1759.5178358713276        2150.2188750134628        2568.6512448902045        3005.6372498788337        3459.9896238239203        3937.4217480929638     
   63.554982913623071        139.50975061178590        1406.5818218372508        1813.3576541048114        2210.8361331935057        2680.5248751438003        3181.1305899684107        3686.6198459870820        4208.4561597810944        4748.0734742818204     
   69.585649471004459        169.77804238984018        1803.6422245223800        2310.9363849262122        2797.0843187237324        3370.1557717503570        3967.4873237778606        4569.6140874089260        5164.7840621801433        5782.9730782036768     
   76.188559737046049        208.32880211318329        2323.9760752802572        2962.1872941682450        3563.9073685481439        4270.2295841861596        4993.0076231289595        5709.3184296129048        6406.9606489207936        7098.0768766622496     
   83.418013325063441        257.71273982102070        3007.2836239127646        3816.0503085320638        4568.5578792171391        5439.3719035319264        6332.9171337040516        7184.8838063875655        8015.4869456227698        8815.9333515951603     
   91.333462282486295        321.30121965080144        3906.0468855995059        4940.2714073807383        5885.0835705844393        6982.0713167509530        8081.2444207015951        9126.0483116625510        10092.269668431860        11030.853907550285     
   100.00000000000004        403.54569460991843        5090.8848446404172        6416.7168742949953        7616.2840770027942        9001.3460665670900        10367.535091442640        11653.675812149510        12830.315149230310        13911.360613928418     
