   1.0000000000000002E-003   2.5755884515984859E-008   5.7051556049241133E-008   9.8518231299231012E-008   1.4723954286387116E-007   1.9973008322483575E-007   2.5268072336392197E-007   3.0353518352441173E-007   3.5068487622651479E-007   3.9336040874867550E-007
   1.0948889651276870E-003   3.6758294602364779E-008   8.1422840724364884E-008   1.4060318529599663E-007   2.1013709785114551E-007   2.8505023988916833E-007   3.6061988378321310E-007   4.3319778133297398E-007   5.0048821244235812E-007   5.6139319637519634E-007
   1.1987818459583783E-003   5.2436232807049824E-008   1.1615079938083282E-007   2.0057224976924643E-007   2.9976302012288783E-007   4.0662709060225341E-007   5.1442741972704167E-007   6.1795977367346884E-007   7.1394932145940233E-007   8.0082991216398251E-007
   1.3125330147352270E-003   7.4762365747541376E-008   1.6560502918402313E-007   2.8597088532185563E-007   4.2739415106961768E-007   5.7975739455790690E-007   7.3345509739917699E-007   8.8106726396569598E-007   1.0179248029446579E-006   1.1417949544356927E-006
   1.4370779141993756E-003   1.0653091104996431E-007   2.3597490595014110E-007   4.0748692684469918E-007   6.0900360665825034E-007   8.2610819189827969E-007   1.0451135258085827E-006   1.2554468007625986E-006   1.4504550621280627E-006   1.6269571572061508E-006
   1.5734407502856105E-003   1.5170091302510306E-007   3.3602994614544719E-007   5.8026354142316905E-007   8.6722294261678635E-007   1.1763783177830414E-006   1.4882390601753670E-006   1.7877496598420777E-006   2.0654365430358806E-006   2.3167703302984531E-006
   1.7227429147699432E-003   2.1586423756734838E-007   4.7815641475491780E-007   8.2568917278154279E-007   1.2340171180391380E-006   1.6739267091899520E-006   2.1176836535937379E-006   2.5438650271474064E-006   2.9389908398810155E-006   3.2966169799983526E-006
   1.8862122071335180E-003   3.0691654694302911E-007   6.7984351925239182E-007   1.1739637685676323E-006   1.7545195097375053E-006   2.3799741144184749E-006   3.0108949737417723E-006   3.6168236987537145E-006   4.1785953200782820E-006   4.6870492587124385E-006
   2.0651929314796274E-003   4.3597827788500232E-007   9.6572332772946514E-007   1.6676210658461287E-006   2.4922955635363789E-006   3.3807423996463271E-006   4.2769473469549823E-006   5.1376453385317390E-006   5.9356139728267125E-006   6.6578433503497365E-006
   2.2611569515367451E-003   6.1869353101694239E-007   1.3704476980702943E-006   2.3664960286741329E-006   3.5367658856785043E-006   4.7975225365909230E-006   6.0692770401706909E-006   7.2906347122407300E-006   8.4229673414594269E-006   9.4478173485058813E-006
   2.4757157946593421E-003   8.7700656487902254E-007   1.9426229806724503E-006   3.3545185020368572E-006   5.0133580146090706E-006   6.8004430354438187E-006   8.6030977208452305E-006   1.0334298522725467E-005   1.1939294493571687E-005   1.3391929557992657E-005
   2.7106339043648361E-003   1.2416348261194118E-006   2.7502873320373092E-006   4.7491700458820949E-006   7.0976372747802545E-006   9.6276342878548963E-006   1.2179640142450947E-005   1.4630457355599987E-005   1.6902580313938398E-005   1.8958991188588712E-005
   2.9678431503900389E-003   1.7555078077076630E-006   3.8885269505109598E-006   6.7146332259891200E-006   1.0034954208482227E-005   1.3611873248411484E-005   1.7219851570278339E-005   2.0684716911814938E-005   2.3896901898057915E-005   2.6804089938619143E-005
   3.2494587155918438E-003   2.4783541159412153E-006   5.4896349135534368E-006   9.4793297214443956E-006   1.4166648035586997E-005   1.9216116566006847E-005   2.4309333923763509E-005   2.9200432709824032E-005   3.3734756681230938E-005   3.7838483709909101E-005
   3.5577964903394962E-003   3.4931140986044793E-006   7.7373124749748728E-006   1.3360435980650700E-005   1.9966672860116011E-005   2.7083164051788462E-005   3.4261147959599918E-005   4.1154124480256295E-005   4.7544159099224901E-005   5.3327263868672307E-005
   3.8953921174427275E-003   4.9145161357841957E-006   1.0885660908512334E-005   1.8796666233629521E-005   2.8090570720558033E-005   3.8102057256039254E-005   4.8199772075169995E-005   5.7896282880934703E-005   6.6885052404234334E-005   7.5019879480236936E-005
   4.2650218442334201E-003   6.9007253366448905E-006   1.5284975467946416E-005   2.6392793132342765E-005   3.9441971947431702E-005   5.3498231611278328E-005   6.7675083545014214E-005   8.1288207988481335E-005   9.3907313655683085E-005   1.0532728046017349E-004
   4.6697253532797080E-003   9.6688065628195132E-006   2.1415982757604507E-005   3.6978734891355070E-005   5.5260841081230876E-005   7.4953130035706634E-005   9.4813565171129245E-005   1.1388351123896827E-004   1.3156030174557519E-004   1.4755681754926569E-004
   5.1128307594829414E-003   1.3515374615152096E-005   2.9935559149391248E-005   5.1688445699470756E-005   7.7241279182133088E-005   1.0476385015901023E-004   1.3252008256076336E-004   1.5917027749298764E-004   1.8387239292821882E-004   2.0622555080246523E-004
   5.5979819791232878E-003   1.8843311830139698E-005   4.1735875257296096E-005   7.2061954683103947E-005   1.0768385760071228E-004   1.4604953744836328E-004   1.8473867713759718E-004   2.2188397802327096E-004   2.5631210398259426E-004   2.8746491980420543E-004
   6.1291686959257363E-003   2.6197329250333334E-005   5.8023108680885211E-005   1.0018113836109524E-004   1.4969826256844895E-004   2.0302586901796847E-004   2.5679930150788717E-004   3.0842339133817752E-004   3.5626797477896898E-004   3.9955837433800336E-004
   6.7107591705751436E-003   3.6308251204505722E-005   8.0415449731648767E-005   1.3883872027205000E-004   2.0745543438727837E-004   2.8134643161451813E-004   3.5584886842277979E-004   4.2736744205600682E-004   4.9364465235309267E-004   5.5360895167575310E-004
   7.3475361634921530E-003   5.0149454457775771E-005   1.1106798832918435E-004   1.9175355412924471E-004   2.8650862051225902E-004   3.8853719333023897E-004   4.9139957410059530E-004   5.9013233816197839E-004   6.8162044325281474E-004   7.6438734305826544E-004
   8.0447362662841772E-003   6.9005988380996643E-005   1.5282563545887263E-004   2.6383411792367116E-004   3.9418608686335368E-004   5.3452758062861683E-004   6.7599866326785018E-004   8.1177369248789212E-004   9.3757140228718880E-004   1.0513657852892059E-003
   8.8080929653170624E-003   9.4555848871627103E-005   2.0940290122522181E-004   3.6148810222293078E-004   5.4005213179335158E-004   7.3227330231155499E-004   9.2601308515865915E-004   1.1119252861833137E-003   1.2841518078067912E-003   1.4399258749209897E-003
   9.6438837915444661E-003   1.2896509521275319E-004   2.8559426809602212E-004   4.9298444766579606E-004   7.3644563331860498E-004   9.9848299668218077E-004   1.2625437210542405E-003   1.5158914051916629E-003   1.7505498196771097E-003   1.9627606134359423E-003
   1.0558981944335792E-002   1.7498438616559100E-004   3.8748766205028666E-004   6.6882026879147062E-004   9.9902474291147869E-004   1.3543513151181479E-003   1.7123452127395012E-003   2.0557429117414525E-003   2.3737442024082444E-003   2.6612743554224930E-003
   1.1560912813835747E-002   2.3604665183457916E-004   5.2268044144480365E-004   9.0209161480907143E-004   1.3473158019194568E-003   1.8262951028983957E-003   2.3087461081361541E-003   2.7714094083277629E-003   3.1997518495340514E-003   3.5869676790643047E-003
   1.2657915866672035E-002   3.1633260466452955E-004   7.0042426347174805E-004   1.2087410382887224E-003   1.8050764570715111E-003   2.4464342824284699E-003   3.0922413737782678E-003   3.7113721763934225E-003   4.2844078278568799E-003   4.8022915127148074E-003
   1.3859012403933871E-002   4.2078364814716624E-004   9.3165371408270676E-004   1.6076044493724966E-003   2.4003572509394698E-003   3.2526600397765498E-003   4.1105571522465599E-003   4.9327160502542142E-003   5.6933968025236186E-003   6.3806533210094326E-003
   1.5174079748634946E-002   5.5501310114253991E-004   1.2287902189032347E-003   2.1200707837554537E-003   3.1649839867833669E-003   4.2879141539778377E-003   5.4177117924656976E-003   6.4999678235081156E-003   7.5008734863584309E-003   8.4048311512330762E-003
   1.6613932472747905E-002   7.2503931346896793E-004   1.6051522495197348E-003   2.7690642120816933E-003   4.1330296171235197E-003   5.5980971545202063E-003   7.0713387077843094E-003   8.4818406259839357E-003   9.7856559589217882E-003   1.0962656577768237E-002
   1.8190411331788243E-002   9.3678317603292126E-004   2.0738447262809924E-003   3.5771315226072412E-003   5.3379554360518623E-003   7.2281769051648730E-003   9.1277352474149615E-003   1.0945246402350372E-002   1.2624260091190704E-002   1.4139150372867689E-002
   1.9916480638308576E-002   1.1952624450644593E-003   2.6459780952463900E-003   4.5633789622450543E-003   6.8080466868312471E-003   9.2160002486454898E-003   1.1634021398587813E-002   1.3945849747302935E-002   1.6079948454553718E-002   1.8004195942678949E-002
   2.1806334875063296E-002   1.5034268079318889E-003   3.3280928888086933E-003   5.7390462760911120E-003   8.5598348698877561E-003   1.1583407853686466E-002   1.4616925287122695E-002   1.7514608065243582E-002   2.0187178009145226E-002   2.2595084639929680E-002
   2.3875515424585839E-002   1.8607910228411993E-003   4.1191377886770734E-003   7.1023186569961353E-003   1.0590411738931778E-002   1.4325898903715193E-002   1.8069801215540495E-002   2.1642260905679150E-002   2.4933750065931105E-002   2.7896552116424483E-002
   2.6141038375114913E-002   2.2620292241698130E-003   5.0073618217008732E-003   8.6329964081470669E-003   1.2869563220665653E-002   1.7402121419677390E-002   2.1939526430318025E-002   2.6263788804910544E-002   3.0243044724255281E-002   3.3821027088132602E-002
   2.8621534453892730E-002   2.6963050584182090E-003   5.9688350154621711E-003   1.0289972781327615E-002   1.5336114777008244E-002   2.0729132499271420E-002   2.6120797317875984E-002   3.1251888714950035E-002   3.5966812767988965E-002   4.0200864375791109E-002
   3.1337402238589059E-002   3.1480391841792075E-003   6.9691502352004766E-003   1.2014189237462027E-002   1.7902442124401084E-002   2.4188742697682623E-002   3.0464501280691857E-002   3.6427448594688154E-002   4.1897719568419332E-002   4.6802854762981135E-002
   3.4310975906798831E-002   3.6007961958271317E-003   7.9720298617282845E-003   1.3743479945192257E-002   2.0476662043234006E-002   2.7657721611102169E-002   3.4816156006646101E-002   4.1606038143800574E-002   4.7823413254576862E-002   5.3389238817736204E-002
   3.7566708903115982E-002   4.0441998050397858E-003   8.9546376938511637E-003   1.5438962246271891E-002   2.3001954853286991E-002   3.1061007460269324E-002   3.9083140479243245E-002   4.6678639039214036E-002   5.3619792479026263E-002   5.9822337690102069E-002
   4.1131375034185735E-002   4.4845185959436849E-003   9.9310221747694188E-003   1.7125444738745717E-002   2.5516697471232211E-002   3.4452802014095577E-002   4.3336651487170828E-002   5.1733381626570228E-002   5.9390846910760887E-002   6.6220584121051709E-002
   4.5034288645458394E-002   4.9682780721794747E-003   1.1004408387929892E-002   1.8981579442649291E-002   2.8288622543726806E-002   3.8197280746305309E-002   4.8038288166291319E-002   5.7325057195543372E-002   6.5776896520391565E-002   7.3300906196846691E-002
   4.9307545690287481E-002   5.5878913027637136E-003   1.2379721382614338E-002   2.1361577319788421E-002   3.1847219437067961E-002   4.3012012727034997E-002   5.4093724514584308E-002   6.4537561171394919E-002   7.4024020481525774E-002   8.2453459114084915E-002
   5.3986287673825017E-002   6.4795361615861283E-003   1.4358983524772394E-002   2.4787537297579348E-002   3.6972697301698991E-002   4.9953291026659873E-002   6.2833949820397958E-002   7.4960402938338624E-002   8.5955129320674090E-002   9.5706753597740279E-002
   5.9108990642279875E-002   7.8346549585935604E-003   1.7366907222365419E-002   2.9993930857251119E-002   4.4762866248688582E-002   6.0507036237360944E-002   7.6129746921061628E-002   9.0824616573606839E-002  0.10412413802264536       0.11589675400355286     
   6.4717781594067936E-002   9.8499842496181603E-003   2.1840433092480481E-002   3.7737714836238515E-002   5.6351499515244638E-002   7.6210731855565664E-002   9.5919184114164918E-002  0.11444221684475459       0.13117593516619208       0.14595648785449897     
   7.0858784914888756E-002   1.2576477850058288E-002   2.7894383376768011E-002   4.8222535584074175E-002   7.2052502243492786E-002   9.7502625718108804E-002  0.12276873897666342       0.14650153844334796       0.16790617532438099       0.18677223413309188     
   7.7582501685667909E-002   1.5703760120887939E-002   3.4844241719354033E-002   6.0276398510572163E-002   9.0136865918320791E-002  0.12207649425006034       0.15381672553513440       0.18363375795785494       0.21049794687219267       0.23413994562857404     
   8.4944224982638025E-002   1.8408250965287143E-002   4.0869568632567993E-002   7.0770941980429700E-002  0.10596785609050863       0.14371716991915681       0.18131750771467015       0.21669256048424862       0.24857439221505248       0.27663046755827531     
   9.3004494584813954E-002   1.9713924177634637E-002   4.3812044614112311E-002   7.5995302119259964E-002  0.11404282839162232       0.15504653622723691       0.19607649975065930       0.23482711316190849       0.26984094398524611       0.30072777919886340     
  0.10182959482819059        1.9497976002937668E-002   4.3402345271111621E-002   7.5494676484525222E-002  0.11370519532421873       0.15521251755485252       0.19707025071559067       0.23687832831784050       0.27304448626984668       0.30512420697343073     
  0.11149209970080924        1.9287012613580790E-002   4.3027873823522425E-002   7.5128577968654839E-002  0.11371200278380511       0.15605590496400459       0.19917626324156179       0.24054041141212767       0.27838073838157207       0.31217883843492084     
  0.12207146966133181        2.1633063255349399E-002   4.8360574344475965E-002   8.4728018518730089E-002  0.12878026593088518       0.17749447665410245       0.22742180141866272       0.27555668080873297       0.31974606759960966       0.35934916534540107     
  0.13365470508911154        2.8313781322013665E-002   6.3369916102821583E-002  0.11121695675102353       0.16933632162722687       0.23369797215337240       0.29965323746992750       0.36315749823749760       0.42133604241155337       0.47336724999027219     
  0.14633706173946351        3.6596338654495783E-002   8.2020091801958891E-002  0.14422849691602968       0.22000192478027442       0.30400396463513979       0.39004024005293703       0.47275792426656410       0.54839604982178369       0.61593413774251815     
  0.16022283408774773        3.9315797090183152E-002   8.8423702143393318E-002  0.15632929705457005       0.23988353257757669       0.33328466053805317       0.42954991961757422       0.52257105527930725       0.60799892662340493       0.68466759231523189     
  0.17542621300415920        3.6163440048507675E-002   8.1886424830163895E-002  0.14630183084429679       0.22714381431485736       0.31905874202096096       0.41512338821226213       0.50909608758139879       0.59636992758295682       0.67565162041192395     
  0.19207222481239303        3.8774070750414343E-002   8.8324678102091395E-002  0.15915036541619779       0.24918278052762902       0.35248913714897329       0.46122507690047848       0.56830827109771964       0.66843493664707254       0.76008707452742208     
  0.21029775945461360        5.1752061781715208E-002  0.11812061640560648       0.21313300936734123       0.33358189977795477       0.47108926854793781       0.61516603408029014       0.75663699813570795       0.88870456449656954        1.0094967730000930     
  0.23025269621793309        5.7431027586273123E-002  0.13193358280436768       0.23993548329644518       0.37805642157358671       0.53672556446113151       0.70403758363154423       0.86950476119471309        1.0251099586369885        1.1688029174725449     
  0.25210113627991265        5.3299431961070738E-002  0.12410628004866898       0.22962056238426468       0.36770617356220320       0.52949981758418485       0.70338623323782812       0.87855321414147902        1.0462994931211771        1.2031019110252950     
  0.27602275220902728        6.5036290481097631E-002  0.15225827587570201       0.28291846427395839       0.45410520578631652       0.65508918819645068       0.87192509608362012        1.0914256337875681        1.3019812311075625        1.4998609997746444     
  0.30221426551783803        7.3839691556923395E-002  0.17435317246929016       0.32657472793574965       0.52758150281174576       0.76571041955481600        1.0251894365551615        1.2897195811865583        1.5456688684271582        1.7877398609751765     
  0.33089106441964966        7.2582568342665077E-002  0.17431578684677007       0.33247892941596119       0.54627022364101074       0.80554817977834914        1.0934982154601007        1.3925473601277638        1.6862091730286117        1.9675290431114256     
  0.36228897509242902        8.8220031474984181E-002  0.21312866213789686       0.40803868978256008       0.67274083264118623       0.99555786933920931        1.3560984074470519        1.7318784688087481        2.1020662650653610        2.4577148812016691     
  0.39666620101612027        8.8661196723056820E-002  0.21825825172999500       0.42611453559323520       0.71619680267946462        1.0782404458493700        1.4905536668359376        1.9269983453147952        2.3626603071587593        2.7858141984672136     
  0.43430544633167090       0.10279706419505957       0.25543652005707251       0.50314089546858609       0.85324092366625415        1.2948472955615387        1.8014941428248266        2.3409814873738415        2.8822675299863461        3.4102996155954721     
  0.47551624068340170       0.10692281847584112       0.27087150838571450       0.54491476140297579       0.94260350527935721        1.4547632754610558        2.0514974165740920        2.6947127464675669        3.3467225614184990        3.9880148661829260     
  0.52063748466325777       0.11972468130714534       0.30757721197849258       0.62831005553755115        1.1023702525002572        1.7204542018194340        2.4470212512050478        3.2355503664217893        4.0395321285233692        4.8340780004750421     
  0.57004023678963622       0.12933841980844857       0.33876672543290454       0.70695646515434452        1.2635516493513077        2.0003588001659662        2.8758015046140888        3.8336231931502076        4.8169177523627944        5.7940012477285903     
  0.62413076493974640       0.13898463950234149       0.37236305432735112       0.79595329641758261        1.4510159607706488        2.3309490848881955        3.3868006780440378        4.5504658535225797        5.7525149709547474        6.9529114769329627     
  0.68335388732923041       0.15068394056099385       0.41358252150378783       0.90623018804268030        1.6837596824294667        2.7411113383810704        4.0197559057293475        5.4369212194959777        6.9080620641211681        8.3831261812152764     
  0.74819663051388374       0.16554840990093428       0.46593229788514845        1.0456850946189693        1.9765795499007948        3.2543273267934305        4.8078012748581704        6.5361244422860292        8.3366753150407398        10.147657359403658     
  0.81919223449536838       0.18075290024943233       0.52367227367933789        1.2059917618071576        2.3197577344724167        3.8608977875031925        5.7425786302970003        7.8422775454968132        10.036312104153476        12.249183914288002     
  0.89692453786727211       0.19631063253336195       0.58780644517429192        1.3912636958699691        2.7228712844933338        4.5775243435038480        6.8487743638222343        9.3884484043833059        12.048670640624790        14.738261363544115     
  0.98203277906312625       0.21353290156738888       0.66262947454463506        1.6119866371028739        3.2055004753500373        5.4344306061706309        8.1676176077450116        11.226681828276311        14.436320855587555        17.687883662996725     
   1.0752168531898927       0.23318447141978180       0.75149998474429847        1.8773369914555065        3.7853085541298155        6.4588674899881822        9.7359322582275549        13.403031258394179        17.254325921349345        21.162213025566363     
   1.1772430676769294       0.25537832902654040       0.85641627648386809        2.1943020349791791        4.4764834595973229        7.6727465210672650        11.582966979581643        15.953682154448066        20.545798103724461        25.211674227914084     
   1.2889504440725368       0.28028561361188309       0.97985756579492389        2.5709605953330477        5.2945473880844736        9.0989186903493131        13.738035384746018        18.913826910441024        24.351852838482213        29.883870943238119     
   1.4112576178114535       0.30847357704092332        1.1255970951535998        3.0178838134766686        6.2582483701253153        10.763476645754501        16.233227154344526        22.320826546024765        28.715252060954136        35.227743532608677     
   1.5451703926941469       0.34070443963679897        1.2982416309313067        3.5471369268850075        7.3877549206602673        12.693114103013826        19.100110079918664        26.210519975039023        33.676580155409745        41.289798624668890     
   1.6917900122028373       0.37777220721412563        1.5028195136760585        4.1713148712407220        8.7029359829727966        14.912737043860224        22.366942709360671        30.614353884175156        39.271561566379887        48.111778366491208     
   1.8523222156741213       0.42058008398603736        1.7449413950719732        4.9036128150851130        10.223289610516922        17.445438478479566        26.058981437098605        35.560287485891990        45.532726501183681        55.733135666630474     
   2.0280871538024625       0.47021728362487025        2.0309414944121156        5.7578547536867140        11.967891197682782        20.312627024959092        30.199103896431406        41.074157599722284        52.491607987799057        64.194007947082042     
   2.2205302450155360       0.52799653956644765        2.3678933046003601        6.7483020138815117        13.955106972312686        23.533953842601353        34.808269935528578        47.180867680120052        60.180626527292112        73.537594423416166     
   2.4312340619997870       0.59547012904115182        2.7635389586014778        7.8893379886383128        16.202224360594084        27.127214959594244        39.905990517527449        53.905500791168258        68.634616407219568        83.811714466822565     
   2.6619313461261318       0.67443644516489187        3.2261637711454312        9.1951101897824916        18.725110122747495        31.108344991360376        45.510895678953418        61.274346014109497        77.891826464063556        95.069269677637848     
   2.9145192568009906       0.76698005436389827        3.7645367871378506        10.679365634025093        21.538221313186202        35.491899915591453        51.641824134249028        69.316189208550526        87.994678548656211        107.36799742192468     
   3.1910749729235515       0.87548160691173393        4.3877597891988298        12.355190421472273        24.654507473943038        40.291403679465773        58.318599887773580        78.062781098113902        98.989134450707738        120.76864905649160     
   3.4938727747491285        1.0026535801944252        5.1051848401498479        14.234937793826786        28.085605243731685        45.520072782264499        65.563008209212157        87.549003749502944        110.92356444571999        135.33321270286163     
   3.8254027466328799        1.1515341824115983        5.9262323555504866        16.330021025981861        31.841840091119320        51.191265611679611        73.399047699130122        97.811794948083588        123.84672614630223        151.12342421073504     
   4.1883912544574775        1.3254990914613842        6.8602797180091448        18.650860974975650        35.932467448661825        57.319167124765301        81.852959306771240        108.88883249951176        137.80672174386450        168.20162473493883     
   4.5858233661428098        1.5282531551492917        7.9165274575125339        21.206801518465195        40.365890186794644        63.919264219021827        90.952512504809292        120.81714704624557        152.85143496629749        186.63338669235375     
   5.0209673996144657        1.7638014280752481        9.1038463381946251        24.005991176752953        45.149864500973102        71.008479528431153        100.72567327068958        133.63257389639026        169.03059081303346        206.49019665466386     
   5.4974018001037450        2.0364325051727028        10.430694264758122        27.055385595825619        50.291917847765603        78.605097938925880        111.19943857110310        147.37097420460094        186.39843004497916        227.85023692045553     
   6.0190445678066622        2.3506935187707794        11.905046492463022        30.360772588705782        55.799812180272738        86.728221980152128        122.39934363012863        162.07043861704182        205.01451960106482        250.79584636932128     
   6.5901854779032725        2.7113429783827625        13.534302826404794        33.926766556240594        61.681908923527999        95.396761636818979        134.35013158677307        177.77273618865999        224.94150552318891        275.40780008358183     
   7.2155213579010242        3.1233088977526187        15.325245025565495        37.756914304022679        67.947505830866518        104.62854405613072        147.07766317922631        194.52291386167028        246.24067019709278        301.75784830299153     
   7.9001947124089602        3.5916323372190102        17.283994388043254        41.853851904980090        74.606887480506089        114.43991869747228        160.61058643903928        212.36678618921437        268.96587664500703        329.90540387811035     
   8.6498360129766851        4.1214274369822332        19.416045270232569        46.219679943919260        81.671191572558570        124.84652422430072        174.98054922795706        231.34698440627565        293.16029012617344        359.90836399423489     
   9.4706100007722398        4.7178187891421466        21.726258137656902        50.856399958063449        89.151896821303993        135.86479239665528        190.22029537211165        251.49807592424156        318.86434896257134        391.83830016012087     
   10.369266382873457        5.3858614529509818        24.218793381531952        55.766398932513326        97.060188044762555        147.51337293414494        206.36024986872280        272.84704321993433        346.13014248081913        425.77448650174750     
   11.353195339077612        6.1305453838494062        26.897186905252042        60.953263070136614        105.40710428692120        159.81414931662201        223.42503594383018        295.42523707950335        375.01884594852265        461.78117053103063     
   12.430488295695186        6.9566385323637316        29.763950178741297        66.421769962777589        114.20350200324631        172.79077608944701        241.43241272634859        319.27467447732397        405.57813198080947        499.90088761381668     
   13.610004466105526        7.8687413102322106        32.820655254279352        72.178383481185733        123.46194771942463        186.46713782745459        260.40386640827114        344.43802533548291        437.83612750404950        540.18862789254740     
   14.901443705277449        8.8711317080966872        36.067595516480466        78.230467958183951        133.19749995591044        200.86356105223825        280.37268545501638        370.94461773265493        471.83341369893964        582.71498841243090     
   16.315426277379739        9.9677480854816274        39.503793980113016        84.585515420342404        143.42786267523553        215.99705998061381        301.37494746380992        398.81744945426271        507.62819507866254        627.52384345618543     
   17.863580192457370        11.162284181816672        43.126946988662539        91.250302276045616        154.17223154843811        231.88729867034735        323.43666007092247        428.09674151050797        545.25328302270339        674.66108205706553     
   19.558636830395095        12.458338196978163        46.933246708485697        98.229933531291366        165.44881271676053        248.55959935610775        346.57872414528606        458.82617073423944        584.74640382719588        724.19468489226267     
   21.414535638539547        13.859275294374006        50.917928590918272        105.52623839960320        177.26968504109843        266.03869900792370        370.83314715222940        491.03219675929972        626.16682099619243        776.16841074984370     
   23.446538763970572        15.367909903507131        55.078368786377190        113.13770449480835        189.63723287786610        284.34010800904952        396.22882291416994        524.75530154927947        669.54885499230193        830.65097369706359     
   25.671356563109935        16.986118002578959        59.416855414647152        121.06378007798649        202.54719953585001        303.46493840024141        422.77012051209994        560.02232966105191        714.94615488717852        887.68996023118268     
   28.107285020807289        18.714891393283597        63.937905862381854        129.31510456841715        215.99814276725130        323.40884931752743        450.46694771699242        596.82952584852569        762.35017020193357        947.29162501967585     
   30.774356208980628        20.555087919070491        68.641508210567807        137.91900007837046        230.00312853898234        344.16400855250180        479.32770717109435        635.20472848256759        811.80963979240539        1009.5693932584375     
   33.694503022121602        22.508225666048219        73.520294982283303        146.90516433126743        244.59853626631815        365.73323724139635        509.31498098982985        675.16020348431573        863.37857408305206        1074.5333123437101     
   36.891739544382439        24.575032611817441        78.564313485562693        156.28310233446746        259.82997183744129        388.18418474330963        540.41658140676691        716.58407656878796        916.87448505725922        1141.9461138557097     
   40.392358531509046        26.753726420347945        83.778764314255795        166.03433500061701        275.72553729956195        411.58099575309990        572.78545839673177        759.55514275667883        972.36125365041767        1212.1078084261164     
   44.225147631630513        29.042800882364933        89.187287579734289        176.12993457143978        292.26007146891419        435.90926217285153        606.51848624354795        804.37293683529583        1030.2055424265977        1285.0743565669627     
   48.421626123015102        31.442542403165845        94.791612048180966        186.59378277787465        309.33879511665299        461.21038177712973        641.47001231846002        850.84637586498650        1090.0811106663939        1360.4187260474175     
   53.016304115627769        33.949780196182552        100.56819009453513        197.50308056258174        326.99515333876394        487.38537810922196        677.77707603182216        899.01069439478442        1152.2440371494317        1439.1198921630880     
   58.046966348054411        36.561302524939443        106.53174323499837        208.85019309041374        345.41371620577348        514.25532320818843        715.35206808455473        949.21736169001053        1217.2268877308450        1521.0585940964713     
   63.554982913623071        39.275675164297894        112.70988740255147        220.54104555308464        364.50840864524304        542.22174718388180        753.79990867389222        1000.5729789215737        1283.6847475894660        1604.9902904747325     
   69.585649471004459        42.087679312643132        119.07070621174702        232.64707996059454        384.13632098286143        571.44739436510326        793.90210265227802        1053.5270747025613        1352.2322421925758        1692.3949515988663     
   76.188559737046049        44.994732696563652        125.63333111449799        245.26396936896651        404.52367675930577        601.20465058648051        835.77614487840515        1109.2356645236273        1424.0338143650918        1782.5517123327450     
   83.418013325063441        47.991303491638867        132.41577684629212        258.23093568425156        425.59942739679883        631.92966615043701        878.11129359508163        1166.0038644123854        1497.3439251306984        1875.0950637363844     
   91.333462282486295        51.073882644546835        139.41683024927963        271.61077986815519        447.16989869438277        664.17673336734254        922.18470513100101        1224.3700647800692        1573.4691000252151        1972.5523119840948     
   100.00000000000004        54.236821531529834        146.62867354265498        285.51437216930333        469.71491885393056        696.71100306535880        968.20641693825257        1285.5736957795800        1652.2071188571547        2071.1249693388104     
