   1.0000000000000002E-003   1.6931818254006093E-008   3.6193531157327462E-008   6.0015972178399966E-008   8.6372856806017569E-008   1.1359119972277631E-007   1.4045996220847362E-007   1.6620362689438647E-007   1.9038850404163871E-007   2.1282098477668725E-007
   1.0948889651276870E-003   2.4015372570057534E-008   5.1335370338945682E-008   8.5133103261122988E-008   1.2253049010956440E-007   1.6115040605661648E-007   1.9927306291151195E-007   2.3579784467347753E-007   2.7010967675137812E-007   3.0193424829268166E-007
   1.1987818459583783E-003   3.4042667492255724E-008   7.2769764345972632E-008   1.2069102211780837E-007   1.7372136878045553E-007   2.2848563551293366E-007   2.8254320410163629E-007   3.3433303455388532E-007   3.8298328595194418E-007   4.2810548607053971E-007
   1.3125330147352270E-003   4.8234951533487167E-008   1.0310726083306432E-007   1.7102208643468378E-007   2.4618444579064568E-007   3.2380489471069822E-007   4.0042171240960967E-007   4.7382189401611139E-007   5.4277017304799313E-007   6.0671659719830387E-007
   1.4370779141993756E-003   6.8320541085030166E-008   1.4604231900419580E-007   2.4225774055054045E-007   3.4874981652252506E-007   4.5872535390516176E-007   5.6727638088449756E-007   6.7126680584879150E-007   7.6894701064321863E-007   8.5953863670773368E-007
   1.5734407502856105E-003   9.6747268927841074E-008   2.0680744116795241E-007   3.4308237556750785E-007   4.9392456956011888E-007   6.4970207776109586E-007   8.0345857752505359E-007   9.5075102435378435E-007   1.0891018232411024E-006   1.2174095212788857E-006
   1.7227429147699432E-003   1.3696361661574173E-007   2.9277412367904304E-007   4.8573091369139559E-007   6.9932969937472184E-007   9.1991867702004034E-007   1.1376416774169880E-006   1.3462059628358355E-006   1.5421040016006593E-006   1.7237774576028556E-006
   1.8862122071335180E-003   1.9383494797571195E-007   4.1434260132845820E-007   6.8746584871716287E-007   9.8982768607172409E-007   1.3020867670305459E-006   1.6102835678129029E-006   1.9055087103256470E-006   2.1827981311567949E-006   2.4399476697438912E-006
   2.0651929314796274E-003   2.7421475138736547E-007   5.8616294031537909E-007   9.7260437657780205E-007   1.4004424742704397E-006   1.8422880828943180E-006   2.2783787710654704E-006   2.6961056760277007E-006   3.0884460341007752E-006   3.4522832478362873E-006
   2.2611569515367451E-003   3.8774015539592965E-007   8.2883554067914114E-007   1.3753414380091142E-006   1.9804259738044715E-006   2.6053252247115008E-006   3.2220765299701542E-006   3.8128443983511626E-006   4.3676983005508407E-006   4.8822333955028010E-006
   2.4757157946593421E-003   5.4792009184539035E-007   1.1712372061734922E-006   1.9436113222067816E-006   2.7988206168264255E-006   3.6820409528192989E-006   4.5537336962608230E-006   5.3886866574226855E-006   6.1728663706750933E-006   6.9000509128510505E-006
   2.7106339043648361E-003   7.7365941009539479E-007   1.6537791094558940E-006   2.7444964348250217E-006   3.9522506609855512E-006   5.1995701492573534E-006   6.4305948923088168E-006   7.6097140205956977E-006   8.7171115898251824E-006   9.7440056442576259E-006
   2.9678431503900389E-003   1.0913619787009598E-006   2.3329024100746378E-006   3.8716908624264301E-006   5.5756734961271263E-006   7.3354866388302366E-006   9.0722899914633213E-006   1.0735834023389545E-005   1.2298164234779080E-005   1.3746896709101663E-005
   3.2494587155918438E-003   1.5377909541927956E-006   3.2871924061328188E-006   5.4556510791582014E-006   7.8570018451311437E-006   1.0337043390994639E-005   1.2784631200962706E-005   1.5128940926117843E-005   1.7330581434625061E-005   1.9372108741080075E-005
   3.5577964903394962E-003   2.1639651810035200E-006   4.6257075389937277E-006   7.6774238450010304E-006   1.1057023044119717E-005   1.4547382635820520E-005   1.7992030547677384E-005   2.1291277129328115E-005   2.4389689218872271E-005   2.7262727244076877E-005
   3.8953921174427275E-003   3.0404899364989395E-006   6.4993744809791639E-006   1.0787564575756546E-005   1.5536651253322536E-005   2.0441394563943790E-005   2.5281850515466358E-005   2.9917914907904870E-005   3.4271697890896431E-005   3.8308729951486219E-005
   4.2650218442334201E-003   4.2647083584919619E-006   9.1162751498252420E-006   1.5131517214353514E-005   2.1793487396938980E-005   2.8673822647988248E-005   3.5463900417761655E-005   4.1967158998316303E-005   4.8074342717938211E-005   5.3737116821537196E-005
   4.6697253532797080E-003   5.9704761456642128E-006   1.2762541277893095E-005   2.1184304039622962E-005   3.0511789951858307E-005   4.0145013960040551E-005   4.9651754186631166E-005   5.8756767892955675E-005   6.7307094266975801E-005   7.5235084791031422E-005
   5.1128307594829414E-003   8.3400872694470143E-006   1.7827847033386296E-005   2.9592848374490315E-005   4.2623439065274367E-005   5.6081131037348690E-005   6.9361948841394468E-005   8.2081326131362966E-005   9.4025586140022052E-005   1.0510025842709230E-004
   5.5979819791232878E-003   1.1622499442280098E-005   2.4844368059611117E-005   4.1240655694580376E-005   5.9401108048219476E-005   7.8156739023084917E-005   9.6665585841411959E-005   1.1439161498799669E-004   1.3103704311669936E-004   1.4647025891482629E-004
   6.1291686959257363E-003   1.6154172487929113E-005   3.4531325868391575E-005   5.7321764570023323E-005   8.2564781296638691E-005   1.0863494172074655E-004   1.3436161776286896E-004   1.5899961695016476E-004   1.8213503677048560E-004   2.0358501097811278E-004
   6.7107591705751436E-003   2.2387558393608947E-005   4.7855888415343274E-005   7.9441850787941644E-005   1.1442737912508603E-004   1.5055895698918239E-004   1.8621372519391600E-004   2.2035872405899403E-004   2.5242032550306932E-004   2.8214519718804435E-004
   7.3475361634921530E-003   3.0927009721063598E-005   6.6109927909470493E-005   1.0974565248332357E-004   1.5807828178881659E-004   2.0799352574761456E-004   2.5724877161960796E-004   3.0441673219252678E-004   3.4870496242574161E-004   3.8976365562958974E-004
   8.0447362662841772E-003   4.2573364446844950E-005   9.1005324714297931E-005   1.5107517561707679E-004   2.1761116333553123E-004   2.8632456361081770E-004   3.5412719412539087E-004   4.1905381772400034E-004   4.8001356416585010E-004   5.3652515708225870E-004
   8.8080929653170624E-003   5.8378648898015483E-005   1.2479089828711454E-004   2.0716378695263013E-004   2.9840347035218031E-004   3.9262666297880768E-004   4.8559714188382787E-004   5.7461937335244668E-004   6.5819750690300591E-004   7.3567203036048045E-004
   9.6438837915444661E-003   7.9710000583229599E-005   1.7038904379589796E-004   2.8286298999612250E-004   4.0744289158813529E-004   5.3609224848296907E-004   6.6302458006108024E-004   7.8455832843965729E-004   8.9865110040935258E-004   1.0044031473435912E-003
   1.0558981944335792E-002   1.0832221138455600E-004   2.3155079928056138E-004   3.8439976284413850E-004   5.5369773287543777E-004   7.2851824899672032E-004   9.0099410355724168E-004   1.0661205259401764E-003   1.2211221007521929E-003   1.3647773930197211E-003
   1.1560912813835747E-002   1.4643665696736842E-004   3.1302459465174111E-004   5.1965660278428501E-004   7.4851989059132736E-004   9.8483536461509342E-004   1.2179618809309996E-003   1.4411309502285988E-003   1.6505908104897900E-003   1.8446924361913450E-003
   1.2657915866672035E-002   1.9681620832339127E-004   4.2071622290733296E-004   6.9843649254310480E-004   1.0060251464265616E-003   1.3236059628936722E-003   1.6368676424255003E-003   1.9367087236416031E-003   2.2180871939100504E-003   2.4787904879660333E-003
   1.3859012403933871E-002   2.6282714891084956E-004   5.6182128674743201E-004   9.3268251531652513E-004   1.3434084524910858E-003   1.7674365210680703E-003   2.1856406454433576E-003   2.5858597829261799E-003   2.9613618919351304E-003   3.3091988543094862E-003
   1.5174079748634946E-002   3.4846699713738202E-004   7.4488441338677633E-004   1.2365749063020083E-003   1.7810807559369252E-003   2.3431521575961924E-003   2.8974069951700266E-003   3.4277105033457054E-003   3.9251392168334455E-003   4.3857956736178825E-003
   1.6613932472747905E-002   4.5833939645128065E-004   9.7974522446645602E-004   1.6264395322466815E-003   2.3425328155548806E-003   3.0816093878778513E-003   3.8102455662285522E-003   4.5072018038458082E-003   5.1607455510889666E-003   5.7657699654601741E-003
   1.8190411331788243E-002   5.9754543013626797E-004   1.2773053298927646E-003   2.1203580781801530E-003   3.0537668720265624E-003   4.0169360564413269E-003   4.9662293069156534E-003   5.8739296435622234E-003   6.7247505103414772E-003   7.5120677217657642E-003
   1.9916480638308576E-002   7.7146809780864680E-004   1.6490667281715994E-003   2.7373976848144351E-003   3.9421777697955752E-003   5.1850426800598140E-003   6.4095592964956071E-003   7.5799041059632123E-003   8.6763603497813386E-003   9.6904336824846973E-003
   2.1806334875063296E-002   9.8546452329563005E-004   2.1064733560929266E-003   3.4965139279269000E-003   5.0349630588044092E-003   6.6215125320971280E-003   8.1839279229820906E-003   9.6763931540288940E-003   1.1073759804617106E-002   1.2365275316953464E-002
   2.3875515424585839E-002   1.2445159899579026E-003   2.6601643518633215E-003   4.4153104888999374E-003   6.3573313544897196E-003   8.3592323093577038E-003   1.0329568883890970E-002   1.2210405677346848E-002   1.3970053530469838E-002   1.5595095397884465E-002
   2.6141038375114913E-002   1.5529608658025650E-003   3.3194085733922645E-003   5.5091077791819421E-003   7.9311685182662465E-003   1.0426643268181860E-002   1.2881098838185865E-002   1.5222142625132388E-002   1.7410355391999609E-002   1.9429254118364551E-002
   2.8621534453892730E-002   1.9146906088528429E-003   4.0925342031869136E-003   6.7916742705505170E-003   9.7761162433367948E-003   1.2849191867888254E-002   1.5869351485107812E-002   1.8747219381596875E-002   2.1434402247647737E-002   2.3910977099638544E-002
   3.1337402238589059E-002   2.3340972627050936E-003   4.9889696088424220E-003   8.2786427152124597E-003   1.1914534285094652E-002   1.5655915133723056E-002   1.9329599098132130E-002   2.2826498266042019E-002   2.6087952051763973E-002   2.9090263111236921E-002
   3.4310975906798831E-002   2.8185836352136234E-003   6.0246218279526404E-003   9.9964602119760274E-003   1.4384419914146334E-002   1.8896476781474304E-002   2.3322680843593280E-002   2.7531180452920703E-002   3.1451654332603461E-002   3.5056319808297050E-002
   3.7566708903115982E-002   3.3809910128885430E-003   7.2270797473689610E-003   1.1991046027323374E-002   1.7251903589047411E-002   2.2657646547230011E-002   2.7955453642077768E-002   3.2987119341078244E-002   3.7669059301076689E-002   4.1969065734324622E-002
   4.1131375034185735E-002   4.0463216335351092E-003   8.6499390141011219E-003   1.4351459803646700E-002   2.0645131862849334E-002   2.7107579167335753E-002   3.3435188345106830E-002   3.9438779442950600E-002   4.5019437668785370E-002   5.0140043920447699E-002
   4.5034288645458394E-002   4.8654281302586838E-003   1.0401823550205204E-002   1.7257526360665229E-002   2.4821887128047157E-002   3.2583361057370398E-002   4.0176033032803725E-002   4.7373080407395123E-002   5.4057238118642235E-002   6.0185684370609185E-002
   4.9307545690287481E-002   5.9057848705153385E-003   1.2626503480524513E-002   2.0946464149030029E-002   3.0120939754196604E-002   3.9526279955250702E-002   4.8718156928418438E-002   5.7422845512911054E-002   6.5500519831903178E-002   7.2901517407108887E-002
   5.3986287673825017E-002   7.2403757536430363E-003   1.5478949235652227E-002   2.5672741504670270E-002   3.6903733617431378E-002   4.8404646682854019E-002   5.9631908394961852E-002   7.0252964927009803E-002   8.0100017728584730E-002   8.9115174073509371E-002
   5.9108990642279875E-002   8.9538296991421677E-003   1.9137764874151766E-002   3.1727348994882408E-002   4.5580133436938099E-002   5.9745095317775332E-002   7.3553327069095481E-002   8.6598558455756855E-002   9.8678518735995216E-002  0.10972592223182571     
   6.4717781594067936E-002   1.1040143625109387E-002   2.3588789800547724E-002   3.9083955198152283E-002   5.6108838076383574E-002   7.3490231855169549E-002   9.0408512546773748E-002  0.10636863086328097       0.12112747572681960       0.13460779850519866     
   7.0858784914888756E-002   1.3366428974098187E-002   2.8551037324016003E-002   4.7284256561154835E-002   6.7846652056504336E-002   8.8819571921923898E-002  0.10921411379963963       0.12843344829731146       0.14618795934676670       0.16238982065700674     
   7.7582501685667909E-002   1.5654038038317213E-002   3.3442470339872847E-002   5.5395121432959105E-002   7.9508616009520250E-002  0.10412334618318028       0.12807299919954707       0.15064869308149842       0.17150821593512999       0.19054962666857761     
   8.4944224982638025E-002   1.7677111902159523E-002   3.7803253143253904E-002   6.2707361030775594E-002   9.0161897359700482E-002  0.11828478491998512       0.14572482149728958       0.17164951125383160       0.19565467816851334       0.21761488233971091     
   9.3004494584813954E-002   1.9525388395286915E-002   4.1844393499611408E-002   6.9614483042195530E-002  0.10043087021416616       0.13217951896902566       0.16330072865582912       0.19282135076776036       0.22026152899528392       0.24545816445266974     
  0.10182959482819059        2.1830479565044018E-002   4.6901893641868177E-002   7.8299736137714113E-002  0.11337669996792221       0.14969669061023216       0.18544098502177767       0.21947470102092748       0.25123018772899164       0.28049725358287947     
  0.11149209970080924        2.5561164073650843E-002   5.4980193536493270E-002   9.1939738650077665E-002  0.13330391094045380       0.17613759648325628       0.21830096724586279       0.25848351864716662       0.29603094627843768       0.33069349557503142     
  0.12207146966133181        3.0968369119054786E-002   6.6568672093790207E-002  0.11123613892613884       0.16103804351191317       0.21238596374916907       0.26278890630563240       0.31075816697514369       0.35555996465294798       0.39691844268872861     
  0.13365470508911154        3.6515096902491405E-002   7.8536366779453651E-002  0.13128736549593772       0.18998437727936712       0.25041097581949373       0.30973458649812141       0.36625561026112274       0.41912197601219620       0.46800060619777056     
  0.14633706173946351        4.0110191731677861E-002   8.6776791133089795E-002  0.14595243591220267       0.21231077095859968       0.28117399412795135       0.34933463178544261       0.41475775766874634       0.47634318765184341       0.53359295487051916     
  0.16022283408774773        4.3061208544342797E-002   9.4066697468108793E-002  0.15971413191799225       0.23426714239298149       0.31260166772042819       0.39100987202805232       0.46697309297402184       0.53902406548119208       0.60641571223289348     
  0.17542621300415920        4.9325308736065269E-002  0.10819496242384964       0.18416957397582454       0.27068838186283567       0.36198552125945466       0.45376900745990467       0.54303522110142710       0.62799097069308774       0.70768960034435024     
  0.19207222481239303        5.8164125094295367E-002  0.12753938948819848       0.21662775840015322       0.31784588961080934       0.42469189729857459       0.53226758587441314       0.63710212417184342       0.73710307181441093       0.83114262074845269     
  0.21029775945461360        6.3860912195610672E-002  0.14130897435525325       0.24185738850630323       0.35747682793344998       0.48088238875558981       0.60627161810043628       0.72936795492355488       0.84749231311744644       0.95912296676345121     
  0.23025269621793309        6.9306770795836289E-002  0.15526555658040683       0.26861691210094418       0.40097380546955086       0.54404299440343096       0.69083970913028936       0.83603790919712484       0.97619516212087165        1.1092788564766491     
  0.25210113627991265        7.9812166475196483E-002  0.17896608064188074       0.30976523932800715       0.46306962912698540       0.62960673871446204       0.80139870645165534       0.97221520967088115        1.1379206315346355        1.2959811063303939     
  0.27602275220902728        8.7923753212174285E-002  0.19919457227530410       0.34799691138091554       0.52470982932854915       0.71878361027498705       0.92074859523890507        1.1229933861940558        1.3203299576291920        1.5094813129068680     
  0.30221426551783803        9.6802084761615073E-002  0.22184633010517604       0.39155790287293457       0.59581160653214582       0.82259570648675950        1.0606800171492479        1.3007903074391280        1.5364494439115692        1.7634540550136615     
  0.33089106441964966       0.10842787393142447       0.25021503909721177       0.44453524139587580       0.68092007335446059       0.94606242690105602        1.2269142486665445        1.5123043335133939        1.7941895420528726        2.0671891574799117     
  0.36228897509242902       0.11869600058747568       0.27815470232801326       0.50054409272214062       0.77507279200972268        1.0866335580560973        1.4197206014125097        1.7607011473801168        2.0995435840453474        2.4293888819458687     
  0.39666620101612027       0.13174246351187927       0.31220995285732034       0.56728130599743787       0.88640512804997218        1.2529246380721875        1.6486316363239009        2.0569295276022221        2.4652873901328247        2.8649441046542692     
  0.43430544633167090       0.14474842150257319       0.34876996846981251       0.64199125138334745        1.0143440707445652        1.4472960794913741        1.9192899604323210        2.4100591327880938        2.9039683254443869        3.3898825734186371     
  0.47551624068340170       0.15944922532396791       0.39067294392825086       0.72843335234238793        1.1639423655904115        1.6768173128618387        2.2415018302604461        2.8331842936932659        3.4323362353135289        4.0248299441848552     
  0.52063748466325777       0.17552742402488375       0.43809870229678938       0.82813442240057444        1.3390673510459017        1.9485915729247645        2.6262872077476809        3.3417117155911158        4.0704886358495296        4.7947572045686622     
  0.57004023678963622       0.19301621747485509       0.49190386444593553       0.94358308677968106        1.5449092487938398        2.2715722885468388        3.0872085800275122        3.9544082728854462        4.8427880323354557        5.7298667011109439     
  0.62413076493974640       0.21234684424969832       0.55350592537091758        1.0780335117264512        1.7879049572745334        2.6567073321078047        3.6407380094813644        4.6939608000661570        5.7785877992641232        6.8664702129013460     
  0.68335388732923041       0.23372030342441102       0.62431383324762824        1.2352287187404694        2.0757387662749047        3.1171196741536131        4.3065435350530077        5.5873298833901401        6.9126398891133292        8.2474531390752546     
  0.74819663051388374       0.25746006082084438       0.70612496530681756        1.4197616143795484        2.4177120555823466        3.6685144695228162        5.1079300162012213        6.6662107249516529        8.2855681947173832        9.9227646162155398     
  0.81919223449536838       0.28392849411043131       0.80111571632811951        1.6371821363334595        2.8249562747291286        4.3294344451417208        6.0720715377662593        7.9671974474299390        9.9439451794325269        11.949409512746421     
  0.89692453786727211       0.31357861022733569       0.91195270601897749        1.8941918551849244        3.3106885817113523        5.1214883310759474        7.2301245827115102        9.5317221705870168        11.940032971507575        14.390996491952025     
  0.98203277906312625       0.34696018631846726        1.0418782337414993        2.1988189189536143        3.8903900698955742        6.0693907839865364        8.6170114224929950        11.405512586562645        14.330893723812894        17.316514102110556     
   1.0752168531898927       0.38473427830473822        1.1948274879845107        2.5606127631775295        4.5819275498836820        7.2008212848718420        10.270875823066659        13.637575730479266        17.176892276949733        20.798378922589613     
   1.1772430676769294       0.42769814140860402        1.3755622062058257        2.9908166356485664        5.4055395901202168        8.5459902710262270        12.232085312983921        16.278590134002879        20.539498759602424        24.909698865433096     
   1.2889504440725368       0.47681569744220675        1.5898161039094487        3.5024951900311918        6.3836396668881523        10.136861771547279        14.541759080349539        19.378746069057119        24.478511920264399        29.720962641600114     
   1.4112576178114535       0.53325216774196560        1.8444486438476728        4.1105886451922062        7.5403940230752484        12.006017766402470        17.239882648862622        22.985207446396650        29.049008375319655        35.296597202168577     
   1.5451703926941469       0.59841496411915107        2.1476060981451628        4.8318715136217492        8.9010655593049037        14.185232302102108        20.363211285034417        27.139563637589095        34.298560977536667        41.692105483605957     
   1.6917900122028373       0.67399916244496194        2.5088712699194318        5.6847726526639448        10.491116441223587        16.703864904824798        23.943241661852252        31.875735083356759        40.265361619749342        48.952568373830047     
   1.8523222156741213       0.76204169290970003        2.9393983420242016        6.6890586504058476        12.335167786964384        19.587352047453447        28.004736828295858        37.218999211856428        46.978046819760259        57.113392760408395     
   2.0280871538024625       0.86498124726716430        3.4520133358990162        7.8653797994969050        14.455946507086779        22.856118444417831        32.565291575782581        43.186709676948539        54.457793338009026        66.203796434689195     
   2.2205302450155360       0.98572342211849862        4.0612653088565773        9.2347187788035416        16.873429501234543        26.525292063198183        37.636394427584541        49.791096681365936        62.722876150062397        76.252948316378010     
   2.4312340619997870        1.1278200655330839        4.7837115743893888        10.818335715824363        19.605183240159867        30.606535153499845        43.227419875085445        57.045503434449799        71.796820677178118        87.299608995501600     
   2.6619313461261318        1.2950531759363604        5.6365553112515085        12.635050432911585        22.663407115003118        35.106007208680623        49.344932235504061        64.964746839304567        81.709198895189402        99.392836085716851     
   2.9145192568009906        1.4922808436577593        6.6395877103627994        14.704647204312995        26.061369075510353        40.034714812366353        56.006681994143129        73.581730908453252        92.513731491039024        112.61085284532830     
   3.1910749729235515        1.7249294108472548        7.8135417433080132        17.045430671816142        29.811699098823155        45.407968466351008        63.241465686405355        82.946442452582801        104.28551650414202        127.05633496697554     
   3.4938727747491285        1.9991994175080374        9.1803982347868285        19.675668160652652        33.930335341548819        51.251510625429532        71.095953782530131        93.131955380609668        117.12569492826296        142.86013801458031     
   3.8254027466328799        2.3220785383750080        10.763333603515500        22.614771016928572        38.439671812073534        57.605501208128175        79.637628709011253        104.23525100636010        131.16072047382247        160.18021583985512     
   4.1883912544574775        2.7013349478552899        12.586868630271971        25.884971044869058        43.371554141787435        64.526959249049312        88.954802055517106        116.37489636285953        146.53951905229212        179.19971498314266     
   4.5858233661428098        3.1455006822333589        14.677345696254893        29.513358856262954        48.769554334387372        72.089925219817999        99.153514126247529        129.68648227724660        163.42988003570917        200.12495433075910     
   5.0209673996144657        3.6638147582959935        17.063735393303340        33.533871229886451        54.689777798513539        80.382788902889459        110.35177974210151        144.31703548202182        182.01442751104673        223.18196701287090     
   5.4974018001037450        4.2661449011681150        19.778872335016700        37.988991522573450        61.200074860592828        89.503484422301355        122.67316721886435        160.42003391179071        202.48589584070322        248.60994300962230     
   6.0190445678066622        4.9629932852881744        22.861405204874675        42.931337015364534        68.378535364662525        99.554794490072126        136.24275957251950        178.15242829383416        225.04176203677898        276.65177486332522     
   6.5901854779032725        5.7654421145819299        26.358017174635858        48.424483876564274        76.311342523950785        110.64086430862139        151.18581793053534        197.67199801262598        249.87694342055929        307.54183484209136     
   7.2155213579010242        6.6852011049876641        30.326260606201110        54.544045778579537        85.092247066962344        122.86826574472992        167.63112188944228        219.13741298575326        277.17955727917331        341.50020101200357     
   7.9001947124089602        7.7347872670763502        34.837986695342067        61.379800773913239        94.825125009366374        136.35306254766564        185.71904096358924        242.71340933592634        307.13648363491893        378.74629434961258     
   8.6498360129766851        8.9277828095355005        39.983196743400967        69.039463161543381        105.63023599626000        151.23300268532626        205.61342057965877        268.58339821407247        339.95675353321093        419.53547764838021     
   9.4706100007722398        10.279339880647390        45.874902358539536        77.655273194559143        117.65498768006015        167.68308475195263        227.51708163947509        296.97403123490056        375.91263596196745        464.19644086894363     
   10.369266382873457        11.806766366584345        52.654906195768760        87.392634363055336        131.08679987343692        185.92911812052449        251.68737127101227        328.18823127726148        415.37032752067375        513.13918086086221     
   11.353195339077612        13.530595867273469        60.502149621470352        98.461567864009311        146.16720671122215        206.25819373232395        278.45431279421098        362.63035273905166        458.78827117653577        566.85665563381508     
   12.430488295695186        15.475495319265768        69.642589899239923        111.12780856134417        163.20174127030049        229.02273436527125        308.23620353489434        400.79490285260522        506.70179243233031        625.96355922542580     
   13.610004466105526        17.671972245781216        80.364020670869436        125.72749825095934        182.57121550226276        254.65162651192537        341.54997456131747        443.24695318413308        559.75723832425615        691.22998859244797     
   14.901443705277449        20.157896032481666        93.034101611962001        142.68409625195008        204.74496493962101        283.67421703387242        379.00600459056557        490.65121071725315        618.74905588280376        763.51971507078315     
   16.315426277379739        22.980685507988635        108.12504275131865        162.53416188763828        230.30640797616209        316.75995476082221        421.32644071502375        543.85395941953357        684.59716934360540        843.82150413788167     
   17.863580192457370        26.200194527256961        126.24651812579310        185.96464944817089        259.99402125265595        354.75377666308714        469.42830267910796        603.90199167809737        758.41065381987835        933.41623307113105     
   19.558636830395095        29.892081082390025        148.18802520937726        213.86110629792717        294.75791495440131        398.70749394846689        524.51760093557061        672.06575195178630        841.65012559882678        1033.8495422240887     
   21.414535638539547        34.152369903145491        174.97513974068539        247.36890563829829        335.83490973602511        449.95753489483161        588.10305764871100        750.01266220827495        936.10907568314440        1147.0766953917437     
   23.446538763970572        39.103562400524559        207.94404188993232        287.97188389084243        384.83084282224354        510.26067488379317        662.06833116295581        839.85998943551249        1044.0640899743078        1275.5739315818257     
   25.671356563109935        44.902635214529589        248.83985322170324        337.59683213985397        443.80809722970105        581.89993703607695        748.90980564801851        944.25458400506579        1168.4280318421249        1422.4517661174425     
   28.107285020807289        51.751381461480385        299.94610078002319        398.75451624751520        515.41494212091311        667.76102407750250        851.81292683846198        1066.6946933597019        1312.9064269599583        1591.6705965245096     
   30.774356208980628        59.910577205716343        364.25858056441012        474.73455412775945        603.13242928661953        771.64141674230461        974.88725130246939        1211.5916083111229        1482.2843102293746        1788.3628345412144     
   33.694503022121602        69.718129186881683        445.71517124264733        569.87079085696848        711.57645310217015        898.53583320808127        1123.5422829996307        1384.8104629485588        1682.7568362754605        2019.0173987505686     
   36.891739544382439        81.613452360648566        549.50475195768661        689.88650234152908        846.77061283016189        1054.9168399281525        1304.7821639875040        1593.7777457180980        1922.3388844389838        2292.2122594453331     
   40.392358531509046        96.169362985890018        682.47715360442999        842.30956470732031        1016.5261625445656        1249.2835544743298        1527.8359887048198        1848.4846183922666        2211.5984911374526        2618.8532391925182     
   44.225147631630513        114.13408770581626        853.68107720868193        1037.0066850116691        1231.3271053979329        1492.9702811450700        1804.6763598343778        2161.8652320423953        2563.6252672039013        3013.9887687417299     
   48.421626123015102        136.48705922330939        1075.0715373194007        1286.9975463010001        1504.8239881897164        1800.5145289087739        2151.3444711605239        2550.4955340597194        2998.1415738014393        3494.0092175547375     
   53.016304115627769        164.51402447205916        1362.4431800802179        1609.5925240710640        1855.3065786346945        2191.5351482095784        2589.1496327772234        3036.6306304990107        3535.9297562652050        4088.2659270506283     
   58.046966348054411        199.90868051081938        1736.6952491094560        2027.7769350991480        2306.2231388768755        2692.0381354390447        3143.4555092661139        3652.5178997769694        4208.6763892908857        4825.2971321597524     
   63.554982913623071        244.90557273867682        2225.5331677687127        2571.6707423080265        2890.0319500322266        3335.8666825518076        3854.9472087503782        4429.4230230032990        5062.1878604355115        5745.0389895430599     
   69.585649471004459        302.45108410654046        2865.7199417854858        3281.3077951377586        3648.3788635409464        4165.4215358749934        4769.3751233830671        5426.7591516174352        6142.6059300494899        6912.3165768468571     
   76.188559737046049        376.43080922828312        3706.0593848905073        4210.6670901952493        4636.1227915064446        5248.5087460421373        5945.4923662945239        6712.0168548956535        7519.2731495899752        8400.6069804671934     
   83.418013325063441        471.98047104920698        4811.3225220944496        5429.3040142076607        5926.7548826692073        6652.5215335115054        7478.8810391225625        8365.1034037241843        9306.2484776102465        10285.083332328426     
   91.333462282486295        595.91430466851011        6267.2245808692633        7030.2692930168705        7624.4358337279482        8488.1024174141476        9476.2751576450355        10508.367006188200        11601.267183447902        12736.343142978567     
   100.00000000000004        757.24323406973724        8187.6545854819269        9141.4080932896013        9842.9064943636986        10898.652847934354        12074.769440449756        13322.131990350998        14576.300459645268        15891.621320800494     
