   1.0000000000000002E-003   2.2903126551103948E-009   5.0732317228423035E-009   8.7605796746204972E-009   1.3093029096658345E-008   1.7760654265200234E-008   2.2469202786313495E-008   2.6991363074665991E-008   3.1184105026830431E-008   3.4978976847202801E-008
   1.0948889651276870E-003   3.3709868095826665E-009   7.4670118643267910E-009   1.2894211627740320E-008   1.9270893389908211E-008   2.6140892822360228E-008   3.3071116210162635E-008   3.9726997808546071E-008   4.5898022057882359E-008   5.1483440973256976E-008
   1.1987818459583783E-003   4.9592810689780546E-009   1.0985209391625171E-008   1.8969507520411172E-008   2.8350637203485250E-008   3.8457502405724652E-008   4.8652951163880666E-008   5.8444785063163213E-008   6.7523305560743047E-008   7.5740300108601077E-008
   1.3125330147352270E-003   7.2921546511162527E-009   1.6152705531621159E-008   2.7892837912675335E-008   4.1686854061908541E-008   5.6547966065760303E-008   7.1539303562838336E-008   8.5937141248529266E-008   9.9286105171252106E-008   1.1136827072149500E-007
   1.4370779141993756E-003   1.0716035655589429E-008   2.3736861484805499E-008   4.0989287503393162E-008   6.1259911123019401E-008   8.3098610539277578E-008   1.0512862991822640E-007   1.2628644444281733E-007   1.4590288384987268E-007   1.6365771567062719E-007
   1.5734407502856105E-003   1.5737389155279230E-008   3.4859528736951590E-008   6.0196072178664529E-008   8.9965009484493824E-008   1.2203670232288533E-007   1.5438927530307274E-007   1.8546087318689378E-007   2.1426879070354155E-007   2.4034276499892730E-007
   1.7227429147699432E-003   2.3094626943807662E-008   5.1156331171404854E-008   8.8337582155438181E-008   1.3202323078833254E-007   1.7908800733222109E-007   2.2656481773089421E-007   2.7216167321766566E-007   3.1443650093468054E-007   3.5269923449742762E-007
   1.8862122071335180E-003   3.3863847380468180E-008   7.5010880543693386E-008   1.2952981473138996E-007   1.9358594900095614E-007   2.6259663121033368E-007   3.3221120283560647E-007   3.9906896305270650E-007   4.6105547250963904E-007   5.1715895999727477E-007
   2.0651929314796274E-003   4.9609888969990231E-008   1.0988936018004016E-007   1.8975811278771143E-007   2.8359823224082615E-007   3.8469614622243810E-007   4.8667825332050311E-007   5.8462130090618058E-007   6.7542782470136758E-007   7.5761573885700494E-007
   2.2611569515367451E-003   7.2604900361464192E-008   1.6082465351403494E-007   2.7771311885311644E-007   4.1504811880899201E-007   5.6300409793916799E-007   7.1225323850560258E-007   8.5559047299694567E-007   9.8848287346699993E-007   1.1087616289643006E-006
   2.4757157946593421E-003   1.0614102775122749E-007   2.3510893364331831E-007   4.0598666610613871E-007   6.0675376487344730E-007   8.2304603305533996E-007   1.0412272410112839E-006   1.2507646530384790E-006   1.4450320491385990E-006   1.6208592809986251E-006
   2.7106339043648361E-003   1.5497699323714866E-007   3.4328280309619932E-007   5.9277969218503677E-007   8.8591571155342379E-007   1.2017172351316209E-006   1.5202741163625998E-006   1.8262080695228981E-006   2.1098449341518148E-006   2.3665567259172502E-006
   2.9678431503900389E-003   2.2597897115609882E-007   5.0055476859163658E-007   8.6435314863932598E-007   1.2917793813544673E-006   1.7522501799500372E-006   2.2167339675286015E-006   2.6628080427006778E-006   3.0763675011480233E-006   3.4506654096871551E-006
   3.2494587155918438E-003   3.2902477066554815E-007   7.2880387281376751E-007   1.2584857178521410E-006   1.8808019315655696E-006   2.5512221244664378E-006   3.2274769476889799E-006   3.8769208955368607E-006   4.4790197651636555E-006   5.0239523885233378E-006
   3.5577964903394962E-003   4.7827817783476015E-007   1.0594021086861479E-006   1.8293468022860502E-006   2.7339336748932633E-006   3.7084302024199060E-006   4.6913936306245509E-006   5.6353729904863273E-006   6.5105236495543436E-006   7.3025734323806959E-006
   3.8953921174427275E-003   6.9400194385905235E-007   1.5372297189046478E-006   2.6544288171017263E-006   3.9669761539739825E-006   5.3809384461645289E-006   6.8071613568885094E-006   8.1767973047483152E-006   9.4465480841090348E-006   1.0595711327558634E-005
   4.2650218442334201E-003   1.0050744845389515E-006   2.2262488332712051E-006   3.8441694390951423E-006   5.7449586672844618E-006   7.7925732007682368E-006   9.8579000489949887E-006   1.1841242177831395E-005   1.3679907093631872E-005   1.5343925479678223E-005
   4.6697253532797080E-003   1.4524927719506621E-006   3.2172608587803903E-006   5.5553430814906784E-006   8.3021450025680780E-006   1.1261051438167766E-005   1.4245478799256688E-005   1.7111366572675117E-005   1.9768137160259561E-005   2.2172501789516077E-005
   5.1128307594829414E-003   2.0942323352389301E-006   4.6386687316589301E-006   8.0096383118286533E-006   1.1969785609775196E-005   1.6235608194950368E-005   2.0538095388192112E-005   2.4669568464829365E-005   2.8499470798760504E-005   3.1965425327364037E-005
   5.5979819791232878E-003   3.0118864463349614E-006   6.6711781528897964E-006   1.1519032311184987E-005   1.7214019582253914E-005   2.3348379559138626E-005   2.9535241973462481E-005   3.5475979930373474E-005   4.0982898245512261E-005   4.5966352212765430E-005
   6.1291686959257363E-003   4.3197260511902352E-006   9.5678576099187108E-006   1.6520410874057119E-005   2.4687580038296263E-005   3.3484488816310949E-005   4.2356305407748142E-005   5.0874822474143589E-005   5.8770961455431290E-005   6.5916263258491338E-005
   6.7107591705751436E-003   6.1768651704730626E-006   1.3681071876803098E-005   2.3622044319488758E-005   3.5299194805705403E-005   4.7876101313333388E-005   6.0559446085308897E-005   7.2737083322570840E-005   8.4024455955313172E-005   9.4238069429818273E-005
   7.3475361634921530E-003   8.8034646370396589E-006   1.9498352282332956E-005   3.3665473862274198E-005   5.0305979584862777E-005   6.8227611203217509E-005   8.6299788834576539E-005   1.0365033118323406E-004   1.1973150411752256E-004   1.3428211342966174E-004
   8.0447362662841772E-003   1.2502007579061422E-005   2.7689488329619077E-005   4.7806740396361160E-005   7.1434675791368389E-005   9.6879862659038555E-005   1.2253687753866323E-004   1.4716757294201658E-004   1.6999469320164542E-004   1.9064786942768101E-004
   8.8080929653170624E-003   1.7684721987657219E-005   3.9167216414641158E-005   6.7621038201796607E-005   1.0103779664570127E-004   1.3702157420652337E-004   1.7330165511271933E-004   2.0812739422835049E-004   2.4040033291789233E-004   2.6959751473300703E-004
   9.6438837915444661E-003   2.4907868982850725E-005   5.5163089603180209E-005   9.5233499667587973E-005   1.4228866846848872E-004   1.9295328774717452E-004   2.4402958935390947E-004   2.9305320724024118E-004   3.3847873222852968E-004   3.7957121506503332E-004
   1.0558981944335792E-002   3.4914441810242509E-005   7.7321941567603495E-005   1.3348196297131992E-004   1.9942402620348623E-004   2.7041545454449892E-004   3.4197446188575587E-004   4.1064884312114267E-004   4.7427519371335240E-004   5.3182599882337610E-004
   1.1560912813835747E-002   4.8684173343237405E-005   1.0781249547038411E-004   1.8610744019731791E-004   2.7802764210308693E-004   3.7697162120164300E-004   4.7669113619910853E-004   5.7237615996496704E-004   6.6101485493115628E-004   7.4117897536773514E-004
   1.2657915866672035E-002   6.7489837263451756E-005   1.4945186693510209E-004   2.5796833606818003E-004   3.8534892084164847E-004   5.2243821539028098E-004   6.6057618888228564E-004   7.9310088691863102E-004   9.1584499585150767E-004   1.0268360528505750E-003
   1.3859012403933871E-002   9.2955619243555651E-005   2.0583461485322449E-004   3.5526222034977067E-004   5.3063205661885225E-004   7.1932747362356123E-004   9.0942358921192624E-004   1.0917546908686300E-003   1.2605940858738634E-003   1.4132373905958332E-003
   1.5174079748634946E-002   1.2711255300647590E-004   2.8145528223560615E-004   4.8573603052192701E-004   7.2542695924961598E-004   9.8326401874068627E-004   1.2429448344181261E-003   1.4919519200674886E-003   1.7224756154140372E-003   1.9308379992764269E-003
   1.6613932472747905E-002   1.7243701642672001E-004   3.8179346806733707E-004   6.5883130851914623E-004   9.8380201438555675E-004   1.3332662387318711E-003   1.6851151543662438E-003   2.0223939113794488E-003   2.3345426508537483E-003   2.6166047777103230E-003
   1.8190411331788243E-002   2.3185979194007434E-004   5.1333384549255979E-004   8.8571705243252756E-004   1.3223878651216527E-003   1.7917961226910344E-003   2.2642232592437377E-003   2.7169127603925455E-003   3.1357209212409822E-003   3.5140356744743379E-003
   1.9916480638308576E-002   3.0872995514389355E-004   6.8348639035014443E-004   1.1791506479616252E-003   1.7601637050765654E-003   2.3844576275549975E-003   3.0124726185975972E-003   3.6139712894589413E-003   4.1702077934436454E-003   4.6724614016696950E-003
   2.1806334875063296E-002   4.0673156228543807E-004   9.0040242902002081E-004   1.5531599620447047E-003   2.3179767763799523E-003   3.1393317725738833E-003   3.9651196672114237E-003   4.7556014975795140E-003   5.4862161135186549E-003   6.1456053172615566E-003
   2.3875515424585839E-002   5.2974910902969514E-004   1.1726776500894940E-003   2.0225321654528750E-003   3.0177753660846291E-003   4.0859238181294453E-003   5.1591194550457825E-003   6.1857471768495863E-003   7.1340238295848893E-003   7.9893577822669707E-003
   2.6141038375114913E-002   6.8176433701156336E-004   1.5091248594825048E-003   2.6024253321089400E-003   3.8820294623116941E-003   5.2543681381408709E-003   6.6320974811942936E-003   7.9489952947983215E-003   9.1644671373243593E-003   1.0260040694460262E-002
   2.8621534453892730E-002   8.6690279229749054E-004   1.9188784447437177E-003   3.3085547537815437E-003   4.9340154599739504E-003   6.6758102485012837E-003   8.4228124422646503E-003   1.0091095522106014E-002   1.1629492773805221E-002   1.3014972210006043E-002
   3.1337402238589059E-002   1.0898992526269910E-003   2.4124260441065553E-003   4.1589798418857652E-003   6.2004950325165176E-003   8.3860382206963069E-003   1.0575726448164109E-002   1.2664403385038161E-002   1.4588381798985100E-002   1.6319371577318619E-002
   3.4310975906798831E-002   1.3573226637092742E-003   3.0043212569298918E-003   5.1787889067959943E-003   7.7187177976512627E-003   1.0434967716344565E-002   1.3152959100501556E-002   1.5742159016119372E-002   1.8124135896043572E-002   2.0264609852391077E-002
   3.7566708903115982E-002   1.6790541565538583E-003   3.7164568049833572E-003   6.4057481672535272E-003   9.5448582953736438E-003   1.2898061568789528E-002   1.6248666702035956E-002   1.9435640499098680E-002   2.2363130242705722E-002   2.4990058035987594E-002
   4.1131375034185735E-002   2.0722658328133892E-003   4.5868733993079860E-003   7.9054889977160543E-003   1.1776654436095926E-002   1.5906918485091452E-002   2.0027529850427734E-002   2.3940087453310575E-002   2.7527777045744526E-002   3.0741709613390351E-002
   4.5034288645458394E-002   2.5696055169872447E-003   5.6878788359970983E-003   9.8027337969804201E-003   1.4599901000769739E-002   1.9711995109359316E-002   2.4803543216208482E-002   2.9628571744847631E-002   3.4044028310379150E-002   3.7991704754509296E-002
   4.9307545690287481E-002   3.2165994218935107E-003   7.1203094411446208E-003   1.2271420753625660E-002   1.8273728682957693E-002   2.4662626741665153E-002   3.1014601851112655E-002   3.7021145967260805E-002   4.2505219011550383E-002   4.7397105262719799E-002
   5.3986287673825017E-002   4.0671645132253423E-003   9.0036154078988739E-003   1.5517667195156664E-002   2.3105319031361156E-002   3.1172983412390214E-002   3.9179675351069046E-002   4.6733517708189558E-002   5.3612699599593763E-002   5.9733038962252495E-002
   5.9108990642279875E-002   5.1882395914024078E-003   1.1486135359262963E-002   1.9797545591622671E-002   2.9476520896325423E-002   3.9758219602322335E-002   4.9944500964709183E-002   5.9531698695235828E-002   6.8238463940199348E-002   7.5962165837774626E-002
   6.4717781594067936E-002   6.5995382994399445E-003   1.4611805285246146E-002   2.5187602239998139E-002   3.7502747458470820E-002   5.0575421496438733E-002   6.3506436997353671E-002   7.5648306402554474E-002   8.6643426176603464E-002   9.6366368069998931E-002
   7.0858784914888756E-002   8.2429138295397157E-003   1.8252417282742579E-002   3.1468372752426539E-002   4.6860313492233692E-002   6.3192531432126234E-002   7.9327540301777758E-002   9.4445551007245943E-002  0.10809742295428175       0.12013086423071689     
   7.7582501685667909E-002   9.9564086366035441E-003   2.2050270212307519E-002   3.8025865609738814E-002   5.6640609793893106E-002   7.6393666178387873E-002   9.5893970993413902E-002  0.11413482891550734       0.13056644596377895       0.14500640778337415     
   8.4944224982638025E-002   1.1589179584786740E-002   2.5672623798627062E-002   4.4290205154946784E-002   6.6003149786181270E-002   8.9059564141121053E-002  0.11182137303339880       0.13309380949204752       0.15222243114564565       0.16899076433886773     
   9.3004494584813954E-002   1.3185899436268718E-002   2.9219980815793550E-002   5.0439369198060968E-002   7.5222710920486588E-002  0.10157705368225478       0.12761855896914837       0.15195714739107105       0.17382412149867565       0.19296052181971662     
  0.10182959482819059        1.5185080705204553E-002   3.3665317570670997E-002   5.8156439493755714E-002   8.6816015540184296E-002  0.11735433400798423       0.14757959752428956       0.17585110136435431       0.20124855376306416       0.22345155997719907     
  0.11149209970080924        1.8338452142211175E-002   4.0676168943743707E-002   7.0324204258025672E-002  0.10508867790319021       0.14221081685726103       0.17901565606010009       0.21347180889768197       0.24442314194315243       0.27145383210885976     
  0.12207146966133181        2.2954717093899336E-002   5.0941587771189512E-002   8.8145210523598153E-002  0.13185630426294750       0.17862511351589558       0.22506488288030829       0.26857012235544503       0.30763931248208626       0.34171807941710142     
  0.13365470508911154        2.7948101455212634E-002   6.2067059032350540E-002  0.10751856836672442       0.16106379051427311       0.21850845943110414       0.27567288030015125       0.32929473864395881       0.37746811894121585       0.41946723440777622     
  0.14633706173946351        3.1583563612477016E-002   7.0224643500721773E-002  0.12188520679654365       0.18302135043862991       0.24891086231186282       0.31473977694102900       0.37667431739123941       0.43243240790121901       0.48110424252152356     
  0.16022283408774773        3.4786563040162970E-002   7.7480347799186541E-002  0.13485055800957871       0.20316608677478099       0.27723642717465735       0.35161210872569287       0.42185629780806072       0.48528006870568074       0.54076286653936811     
  0.17542621300415920        4.1064851186031044E-002   9.1625163929417261E-002  0.15989520259972120       0.24161775638974500       0.33060572942909372       0.42021929343696396       0.50499709227041512       0.58161934760862521       0.64868639599804689     
  0.19207222481239303        5.0089622798946604E-002  0.11196953957959634       0.19591526004578494       0.29684064055390103       0.40704024441919556       0.51814105216605466       0.62326286905839212       0.71825872880953023       0.80139426062603691     
  0.21029775945461360        5.6438538687700747E-002  0.12656024451455167       0.22243844236255217       0.33856876530020896       0.46602813316051250       0.59494265583546768       0.71719354233000321       0.82791292498262725       0.92504459268169048     
  0.23025269621793309        6.2648686428431508E-002  0.14108335994218607       0.24939242199284509       0.38169295996189895       0.52768037018933456       0.67583207520307609       0.81672635047260700       0.94474979764616818        1.0574887220229343     
  0.25210113627991265        7.4570963414450062E-002  0.16859181647078758       0.29940266417175715       0.45990519581353567       0.63724980575595103       0.81729788126758551       0.98869418326515279        1.1447396120294320        1.2825196032121531     
  0.27602275220902728        8.4199561399915454E-002  0.19147581216926274       0.34233301034358760       0.52865175648245977       0.73520028723812880       0.94551772025639158        1.1465142435174014        1.3304089468184703        1.4936547108521427     
  0.30221426551783803        9.4950075276404686E-002  0.21745106845733775       0.39165030160110281       0.60806784145923287       0.84880068847747847        1.0949497047644465        1.3314704011295933        1.5492015815466713        1.7440785678087123     
  0.33089106441964966       0.10962514640985466       0.25291168025348121       0.45853844470243926       0.71492702710530254        1.0009564494092122        1.2947932869433114        1.5787653665517414        1.8419922569081584        2.0781242522955852     
  0.36228897509242902       0.12270331314096983       0.28582633874125207       0.52251200360141159       0.81930728004212849        1.1524833259799949        1.4974482624383754        1.8337262298645567        2.1472290229100892        2.4309841383127098     
  0.39666620101612027       0.14024831694101961       0.32986723863409284       0.60732635432189486       0.95698024371925605        1.3522542548852581        1.7649866511928092        2.1697688028176638        2.5501627675497764        2.8965827509595927     
  0.43430544633167090       0.15792471700670954       0.37566300085405108       0.69726422630293061        1.1057364958454960        1.5723114687952862        2.0634195785858238        2.5496009847645427        3.0098431917765183        3.4319050641456457     
  0.47551624068340170       0.17870185698869079       0.43006345748279168       0.80471415547362191        1.2852553398709912        1.8398586712781018        2.4294295718585128        3.0175778952191208        3.5783432326184097        4.0960832062869015     
  0.52063748466325777       0.20211318186112448       0.49234404375206381       0.92941401014934633        1.4970366675801368        2.1591241627639888        2.8696383978418911        3.5839247983956501        4.2698366222161939        4.9074041018274670     
  0.57004023678963622       0.22811410691669567       0.56282298394413743        1.0733286966472588        1.7455625172183682        2.5388374099303967        3.3975766052661700        4.2675479031879453        5.1089084536446840        5.8962191071345629     
  0.62413076493974640       0.25763042909219286       0.64417566312265362        1.2430600542172769        2.0429450367154454        2.9973295593391134        4.0391689395628765        5.1024453242482775        6.1377634968557659        7.1128293218368919     
  0.68335388732923041       0.29097741268863292       0.73803992872262070        1.4431608806864678        2.3991950213122983        3.5512995197821584        4.8189420431738021        6.1216716916013949        7.3983278542311703        8.6081099129860092     
  0.74819663051388374       0.32874944274747075       0.84708929833152447        1.6811255182953859        2.8279550966961375        4.2228397851691986        5.7686820284627185        7.3674461986877722        8.9436079605607350        10.445932221818445     
  0.81919223449536838       0.37153684328356723       0.97458476060140953        1.9651598034691735        3.3451777863333279        5.0376738478228695        6.9252341261098991        8.8885654379963128        10.834798946285900        12.700065182742778     
  0.89692453786727211       0.42010648513986704        1.1241520396040334        2.3054408225346199        3.9702769296949332        6.0266042986425932        8.3321791046056557        10.742261584434276        13.143303454252079        15.456355337035220     
  0.98203277906312625       0.47548066955615287        1.3010621015767059        2.7144771498225975        4.7265877449135969        7.2259713570027406        10.040219148722176        12.994490484720320        15.950932769952443        18.812876231535917     
   1.0752168531898927       0.53898039834317901        1.5113558485146730        3.2073154402238084        5.6415298013351949        8.6776401572229052        12.106917500132290        15.719411354511671        19.349152771476863        22.878989934747896     
   1.1772430676769294       0.61238576947165468        1.7623646358971372        3.8017639609885774        6.7467089480515874        10.428831147834259        14.596192892773736        18.998542551135749        23.437930922376854        27.773932533175469     
   1.2889504440725368       0.69744565846613293        2.0629061830596478        4.5185986388826578        8.0779037353023018        12.531742686899843        17.577541467425867        22.919597094609816        28.324217929926412        33.624981360718792     
   1.4112576178114535       0.79693307919387135        2.4235623079447097        5.3818165901490573        9.6750402673301323        15.043141754753576        21.125250306137769        27.575347567038378        34.120489083500793        40.565691895919457     
   1.5451703926941469       0.91393483173360046        2.8569667584300489        6.4188049496894228        11.581997395308488        18.023780231486306        25.317493291493619        33.062446254452261        40.943307127243358        48.734203985368552     
   1.6917900122028373        1.0521901780543093        3.3778504362448190        7.6600074299027705        13.845709048928837        21.537032420549387        30.234649264332219        39.479496978578887        48.911181028379865        58.270895444706987     
   1.8523222156741213        1.2162551371957380        4.0032589285417934        9.1388105090115648        16.515678118331422        25.648261159087262        35.958680482559139        46.926489119344652        58.144066718698326        69.317940367988598     
   2.0280871538024625        1.4116287277474779        4.7525896321158125        10.891106503938785        19.643214851147658        30.424061831824375        42.572532022443184        55.504401392670204        68.763226615584102        82.019460716382468     
   2.2205302450155360        1.6448824514363065        5.6475321213393563        12.954749403649275        23.280783381144595        35.931852054387825        50.160047370654269        65.315522935218084        80.892076545711546        96.522996495410027     
   2.4312340619997870        1.9238252738759252        6.7119876311004072        15.369118288270766        27.481783320833948        42.240120419579689        58.806689364817956        76.464815485437356        94.658386099335999        112.98268183635444     
   2.6619313461261318        2.2576136783337564        7.9717917612149449        18.174588104345503        32.300431139384571        49.418758552432728        68.600348260953936        89.061518853157210        110.19690770921518        131.56301632374439     
   2.9145192568009906        2.6568612990035456        9.4544047409463801        21.412245668805333        37.792073324237947        57.539777556501519        79.632649891002046        103.22142321727240        127.65269290580152        152.44321791553816     
   3.1910749729235515        3.1336773203599244        11.188478460664289        25.123716182446120        44.013535978473762        66.677911330488726        92.000266641506371        119.06904484923520        147.18394421772771        175.82062860380128     
   3.4938727747491285        3.7017301284452229        13.203586676332549        29.351504052834947        51.023878875943090        76.911737816942590        105.80692572495404        136.74014430507944        168.96466249811056        201.91335798475654     
   3.8254027466328799        4.3761791089829245        15.529854992720713        34.139276286925814        58.884694889161572        88.324458404416532        121.16477831887202        156.38289389592853        193.18534295922456        230.96043381765807     
   4.1883912544574775        5.1736090396440364        18.197845695999185        39.532458073866231        67.660624767003995        101.00519540205885        138.19573233252368        178.15854298139178        220.05278986826045        263.22063606090484     
   4.5858233661428098        6.1118492955172634        21.238477223461516        45.578569523066434        77.419652852029827        115.04988940223329        157.03162452494541        202.24052336972591        249.78799211411740        298.96933400055082     
   5.0209673996144657        7.2097749460496319        24.683178193958998        52.327480150699579        88.233767674009556        130.56198379334978        177.81376407993386        228.81269755341043        282.62382598877252        338.49657958213231     
   5.4974018001037450        8.4870966742622898        28.564230636044694        59.831521041303553        100.17989950395604        147.65259060736790        200.69164590689775        258.06782101082968        318.80511304220403        382.10887047990815     
   6.0190445678066622        9.9641392402309883        32.915195738985638        68.145512419692253        113.34072088857820        166.43990051588958        225.82135888750389        290.20834424368275        358.59098329723622        430.13111287938108     
   6.5901854779032725        11.661627245802377        37.771319311647716        77.326930693866828        127.80493708377531        187.04783031228689        253.36605441069707        325.44870181928206        402.25506840046859        482.90394895629942     
   7.2155213579010242        13.600489732512786        43.169783421723118        87.436344682634925        143.66687245582241        209.60488412788729        283.49857372301096        364.01472380529873        450.08163753762472        540.77878261738135     
   7.9001947124089602        15.801807728238924        49.149922603396305        98.538332149729314        161.02572018595848        234.24568929447460        316.40217494828397        406.14037340791356        502.36349153843418        604.11962968071066     
   8.6498360129766851        18.286754880828923        55.753041018342792        110.70194956375708        179.98401102358892        261.11326604135701        352.26685212517509        452.06635862725960        559.40621965614332        673.30912055303816     
   9.4706100007722398        21.076689609659155        63.022242299835497        124.00089283759914        200.64771070845157        290.35878296986238        391.28707192959951        502.04528204544408        621.53039766476206        748.74394173838482     
   10.369266382873457        24.193234754812377        71.002172915355359        138.51275382276805        223.12847065234718        322.13778767153002        433.66640848507035        556.34143424675301        689.06538686571332        830.83105399867884     
   11.353195339077612        27.658662312110607        79.739582856916783        154.31840154182458        247.54591507655405        356.61008011322451        479.62073272186450        615.22660579396825        762.35372604457530        919.99808102177838     
   12.430488295695186        31.496012257823836        89.283642745819407        171.50032465094952        274.02446138192994        393.94342545314026        529.36973303523132        678.98331879753687        841.75238802649210        1016.6852585330054     
   13.610004466105526        35.729663187375841        99.687239899600243        190.14416112194303        302.69097113881492        434.31489070295669        583.14189442811426        747.90663379728153        927.62936063536176        1121.3493710451025     
   14.901443705277449        40.385452503930885        111.00717872917299        210.34137395453473        333.67677774637923        477.90518631852956        641.17825947102540        822.30027823311048        1020.3681356001175        1234.4656720245944     
   16.315426277379739        45.490845322228274        123.30420118430587        232.19068052804113        367.12316448278119        524.90324971038922        703.72488622166270        902.48230897952396        1120.3665755755660        1356.5266949978181     
   17.863580192457370        51.075129162021270        136.64251974324790        255.79568215310769        403.17771410014598        575.50840220079340        771.04311482063201        988.78370798880064        1228.0396006145595        1488.0420542931663     
   19.558636830395095        57.169304621650987        151.08766207890406        281.26197317309749        441.99255402900377        629.92807746780795        843.40112676088756        1081.5477772708912        1343.8151256223696        1629.5404464190281     
   21.414535638539547        63.805852479586562        166.70435676392881        308.69998535977948        483.73173666431040        688.38357353460026        921.08468541335822        1181.1325000285531        1468.1409039497426        1781.5803686151321     
   23.446538763970572        71.018612588610964        183.55891857278010        338.22758770085892        528.56617943738775        751.10686739122798        1004.3978092608102        1287.9235445241236        1601.4987078949296        1944.7525595684365     
   25.671356563109935        78.842524421397982        201.72492378596255        369.96216555183298        576.67549618517921        818.34015982961785        1093.6606608437080        1402.3307429286790        1744.3932210899809        2119.6548363056631     
   28.107285020807289        87.313382637353754        221.28428175765384        404.02198776810951        628.23953222435000        890.33682712994118        1189.1965222562460        1524.7641858742359        1897.3259289806535        2306.9009881796965     
   30.774356208980628        96.469276959410763        242.32297077041312        440.53964923607595        683.43763724352266        967.36573122001630        1291.3489744205610        1655.6471999174209        2060.8323295497780        2507.1995697267653     
   33.694503022121602        106.35216621836692        264.92415811332444        479.65788426891987        742.46266951906728        1049.6912545778728        1400.5012142498465        1795.4733792448815        2235.5527021951680        2721.3397399955579     
   36.891739544382439        117.00777388545721        289.17099195723330        521.53417296118471        805.54679398598523        1137.5655556810227        1517.0313885316857        1944.7706236261104        2422.1386410728760        2950.0072264024611     
   40.392358531509046        128.48312751480307        315.15602159695180        566.32557676063311        872.94366160228219        1231.2898368667597        1641.2567978355282        2103.9560271170867        2621.0654376008029        3193.7562217112604     
   44.225147631630513        140.82712510618074        342.98215574744040        614.17518448179578        944.87243602033925        1331.2823920298915        1773.5598065143197        2273.4015892058887        2832.8108413092873        3453.4923654431050     
   48.421626123015102        154.08997077079661        372.75271173846380        665.23663199798978        1021.5232414786715        1437.9486237024760        1914.5855285700793        2453.8507711193547        3058.4013437386461        3730.5178156300981     
   53.016304115627769        168.32023255026419        404.57133184377716        719.70756074495159        1103.1904141057646        1551.4903438250037        2064.9484603655878        2646.2946524714607        3298.9674204800895        4025.4337781489426     
   58.046966348054411        183.57084533708434        438.55474479012207        777.79895069591328        1190.2679412861487        1672.1131480957706        2224.7993891416509        2851.0467186656529        3554.6524307264704        4338.4444369891635     
   63.554982913623071        199.90178321235248        474.81355263696344        839.71238963022211        1282.9859441136487        1800.5045027381730        2394.3406908086044        3068.0614236727265        3825.7498622064177        4671.5560562367582     
   69.585649471004459        217.37613790677446        513.46159198354167        905.63172536520744        1381.4212096089875        1937.3787083655025        2574.7693130227744        3298.6931652630324        4114.3861218352249        5026.7432747863240     
   76.188559737046049        236.05579134815957        554.66032020395255        975.68543873529677        1486.0656580170476        2082.7242287659847        2767.1565545896638        3544.7993947468467        4422.0007841030056        5402.8734516052409     
   83.418013325063441        255.99977753250988        598.55506975847356        1050.1996192696490        1597.5916482680957        2236.6313173602875        2970.9470066071490        3805.6430554991994        4747.0510441291472        5800.9079206306433     
   91.333462282486295        277.27753526157318        645.24637543012830        1129.5746861160594        1716.1140637395058        2400.1962435925093        3186.4926402648125        4081.0385427982978        5091.4034716024480        6225.9207824764853     
   100.00000000000004        299.96948895184084        694.84373454648767        1213.9149560243734        1841.5679225471306        2574.6636040188323        3416.0225716007785        4374.5851941592782        5459.2297271752541        6677.1279023033403     
