   1.0000000000000002E-003   2.2852683850205858E-008   5.0637382631095769E-008   8.7449589295337026E-008   1.3070166291591321E-007   1.7729660549199247E-007   2.2429851581276298E-007   2.6943877379463507E-007   3.1132790814499436E-007   3.4919612571346877E-007
   1.0948889651276870E-003   3.2638840296538063E-008   7.2315345255262382E-008   1.2488171693325478E-007   1.8664522550412808E-007   2.5318047025322665E-007   3.2029795793142266E-007   3.8475637305529228E-007   4.4457179218715231E-007   4.9864627360466793E-007
   1.1987818459583783E-003   4.6595157643023204E-008   1.0322846700611280E-007   1.7825969856697206E-007   2.6641699157532496E-007   3.6138750180460858E-007   4.5718733675705058E-007   5.4919197897837577E-007   6.3457078831801391E-007   7.1175426059821426E-007
   1.3125330147352270E-003   6.6485786302520605E-008   1.4728267402072149E-007   2.5432561117553640E-007   3.8009720265473247E-007   5.1558707999111380E-007   6.5226146098257934E-007   7.8352136263142810E-007   9.0532659268926718E-007   1.0154412381394895E-006
   1.4370779141993756E-003   9.4811620708139224E-008   2.1001585184567971E-007   3.6264350120358206E-007   5.4197340221812097E-007   7.3516056423204580E-007   9.3003711481087930E-007   1.1171925612673893E-006   1.2908680970855175E-006   1.4478747283393436E-006
   1.5734407502856105E-003   1.3511792537636273E-007   2.9927837800827383E-007   5.1676427368056955E-007   7.7229981085847684E-007   1.0475820173289950E-006   1.3252697888544004E-006   1.5919561844928483E-006   1.8394342147326911E-006   2.0631596252518885E-006
   1.7227429147699432E-003   1.9241260551784451E-007   4.2615899623290765E-007   7.3583636079647396E-007   1.0996872317860070E-006   1.4916580362614616E-006   1.8870520251366455E-006   2.2667817813065653E-006   2.6191630831559556E-006   2.9377176845738073E-006
   1.8862122071335180E-003   2.7376889191523890E-007   6.0631929078409100E-007   1.0468876501178695E-006   1.5645404118102785E-006   2.1221864031044842E-006   2.6847069531413050E-006   3.2249415567017276E-006   3.7262648905722446E-006   4.1794647717694682E-006
   2.0651929314796274E-003   3.8914632245010903E-007   8.6180843822826909E-007   1.4879987336794101E-006   2.2237421684477629E-006   3.0163325392905897E-006   3.8158465708079086E-006   4.5836856860136972E-006   5.2962195137048976E-006   5.9403580750271207E-006
   2.2611569515367451E-003   5.5254447181835735E-007   1.2236148449577214E-006   2.1126662440799350E-006   3.1572479233181074E-006   4.2825356344825356E-006   5.4176527816127203E-006   6.5077980928980295E-006   7.5194235027517886E-006   8.4339384012494119E-006
   2.4757157946593421E-003   7.8356608830695163E-007   1.7351478565548664E-006   2.9958014013522951E-006   4.4769967982639779E-006   6.0726365289510211E-006   7.6822063770100116E-006   9.2279974843883699E-006   1.0662443899545664E-005   1.1959195962699059E-005
   2.7106339043648361E-003   1.1095920114592994E-006   2.4570089079477004E-006   4.2420495277167203E-006   6.3393518222863663E-006   8.5986966686937197E-006   1.0877764261414560E-005   1.3066516989009040E-005   1.5097588322489620E-005   1.6933660051571371E-005
   2.9678431503900389E-003   1.5687553279127421E-006   3.4735938925953235E-006   5.9970959030768562E-006   8.9620396720364553E-006   1.2156028780033470E-005   1.5377886943533618E-005   1.8472052912483855E-005   2.1343313917111275E-005   2.3938952803840055E-005
   3.2494587155918438E-003   2.2139113244220338E-006   4.9019194910871954E-006   8.4628867266396194E-006   1.2646788568876182E-005   1.7153868782032060E-005   2.1700236586996920E-005   2.6066411488679608E-005   3.0118034991138945E-005   3.3780661864015463E-005
   3.5577964903394962E-003   3.1179675885833438E-006   6.9033055282350578E-006   1.1917949080068826E-005   1.7809712136241983E-005   2.4156547335210036E-005   3.0558713751765442E-005   3.6707018299271528E-005   4.2412364306808854E-005   4.7570151655596813E-005
   3.8953921174427275E-003   4.3811105309096568E-006   9.6994828481321622E-006   1.6744888255438879E-005   2.5022580997351346E-005   3.3939580168426160E-005   4.2934181799864970E-005   5.1572248721134963E-005   5.9587950648680324E-005   6.6833888626460870E-005
   4.2650218442334201E-003   6.1402448893014868E-006   1.3593344360433986E-005   2.3466548959630495E-005   3.5066473023433756E-005   4.7562168823086434E-005   6.0166489635170157E-005   7.2270896728145973E-005   8.3503014172043384E-005   9.3656716213524142E-005
   4.6697253532797080E-003   8.5812411010527321E-006   1.8996161392580523E-005   3.2792541806671414E-005   4.9001572394972336E-005   6.6462102301679391E-005   8.4074056462699948E-005   1.0098765555883325E-004   1.1668229965061561E-004   1.3086897607166029E-004
   5.1128307594829414E-003   1.1955008992432975E-005   2.6462730044360015E-005   4.5680412621197175E-005   6.8258350209578008E-005   9.2579181966281950E-005   1.1711101694333525E-004   1.4066894374327994E-004   1.6252841800812459E-004   1.8228888079288054E-004
   5.5979819791232878E-003   1.6597794391472654E-005   3.6736855176707730E-005   6.3413247828185719E-005   9.4753358880170297E-005   1.2851220241398190E-004   1.6256348231730814E-004   1.9526227727503025E-004   2.2560263522719158E-004   2.5302870501232725E-004
   6.1291686959257363E-003   2.2956954060794057E-005   5.0807670680663455E-005   8.7697503411593292E-005   1.3103571632238207E-004   1.7771752055294987E-004   2.2480195071237225E-004   2.7001571852262239E-004   3.1196760265515263E-004   3.4988731494477458E-004
   6.7107591705751436E-003   3.1623318890208726E-005   6.9980658724184321E-005   1.2078496938168307E-004   1.8046818799055106E-004   2.4475459711698376E-004   3.0959335828128196E-004   3.7185365904450707E-004   4.2962039850054200E-004   4.8183322019486698E-004
   7.3475361634921530E-003   4.3369800501706457E-005   9.5964142647286254E-005   1.6562174717080620E-004   2.4744993639767648E-004   3.3558589479301416E-004   4.2447675832338436E-004   5.0982747850250294E-004   5.8901379766093263E-004   6.6058767508733859E-004
   8.0447362662841772E-003   5.9198882392267786E-005   1.3097179694599215E-004   2.2602438898368699E-004   3.3767996398003779E-004   4.5793563807175149E-004   5.7921571791562691E-004   6.9566087998381159E-004   8.0368977454072660E-004   9.0132659715737133E-004
   8.8080929653170624E-003   8.0396451187628688E-005   1.7784330997351036E-004   3.0688704528717098E-004   4.5846319208281297E-004   6.2170523637511746E-004   7.8632652376676136E-004   9.4437807234745046E-004   1.0909957443311475E-003   1.2234889889947086E-003
   9.6438837915444661E-003   1.0859358657119668E-004   2.4017622528083596E-004   4.1441013882881968E-004   6.1905345717671494E-004   8.3943287672588371E-004   1.0616585231267644E-003   1.2749901402998435E-003   1.4728667494519742E-003   1.6516723259006826E-003
   1.0558981944335792E-002   1.4583087340241696E-004   3.2247201754084218E-004   5.5634518999769572E-004   8.3101414858556121E-004   1.1267812125230529E-003   1.4249903155563156E-003   1.7112308797965733E-003   1.9767074748776874E-003   2.2165706116146246E-003
   1.1560912813835747E-002   1.9462268692872691E-004   4.3027010586548604E-004   7.4223036194866838E-004   1.1085704624755105E-003   1.5030102183837700E-003   1.9006526291558837E-003   2.2822775842966905E-003   2.6361626718196052E-003   2.9558494496362622E-003
   1.2657915866672035E-002   2.5800882579508471E-004   5.7026550929622393E-004   9.8358627181400105E-004   1.4688978978163554E-003   1.9913560795026147E-003   2.5179900252902277E-003   3.0233242615873082E-003   3.4918196495489604E-003   3.9149446637219342E-003
   1.3859012403933871E-002   3.3957124001819563E-004   7.5033339645103015E-004   1.2939532486736561E-003   1.9321682106556220E-003   2.6191210149076947E-003   3.3114176534541459E-003   3.9755566433809560E-003   4.5911301698676951E-003   5.1469544436987666E-003
   1.5174079748634946E-002   4.4338906052252268E-004   9.7943203838214417E-004   1.6887189519802425E-003   2.5212823120008224E-003   3.4172551818857375E-003   4.3199537095949632E-003   5.1856860941286971E-003   5.9878593246772043E-003   6.7118995998868671E-003
   1.6613932472747905E-002   5.7447633376778824E-004   1.2685595851173667E-003   2.1867674630370510E-003   3.2643297376322290E-003   4.4236511589026912E-003   5.5913047614900534E-003   6.7107290130347672E-003   7.7475388701641022E-003   8.6829581515217545E-003
   1.8190411331788243E-002   7.3621741537988495E-004   1.6251014560060948E-003   2.8007139727511169E-003   4.1799969134559568E-003   5.6634376515896125E-003   7.1569552455237441E-003   8.5881262487230072E-003   9.9129789216380812E-003   1.1107599285422995E-002
   1.9916480638308576E-002   9.3358795840679700E-004   2.0599098780898187E-003   3.5491059467785261E-003   5.2957462368644652E-003   7.1735372136833304E-003   9.0631610986145993E-003   1.0872774110060031E-002   1.2546839124165255E-002   1.4055431085784114E-002
   2.1806334875063296E-002   1.1696753075722771E-003   2.5796130567825684E-003   4.4431579738747982E-003   6.6280287069602484E-003   8.9758124218443074E-003   1.1336902521650564E-002   1.3596349645112471E-002   1.5684881662007336E-002   1.7565433068875490E-002
   2.3875515424585839E-002   1.4484400517652915E-003   3.1927427010229196E-003   5.4973219264798645E-003   8.1980440818247152E-003   1.1098412570830871E-002   1.4012907316259326E-002   1.6799488710387511E-002   1.9372849754372062E-002   2.1687584806910874E-002
   2.6141038375114913E-002   1.7713647381264993E-003   3.9023362772617502E-003   6.7165681616851557E-003   1.0012782098767764E-002   1.3550105010081259E-002   1.7101418425122056E-002   2.0493289609684041E-002   2.3621999510433690E-002   2.6432873532478404E-002
   2.8621534453892730E-002   2.1389179110149572E-003   4.7092046951865375E-003   8.1019476933020113E-003   1.2073415321699863E-002   1.6331854372588384E-002   2.0602669637974774E-002   2.4676656844739030E-002   2.8429596995049232E-002   3.1797047808476718E-002
   3.1337402238589059E-002   2.5527487257745477E-003   5.6167099300689820E-003   9.6590806704622643E-003   1.4387926970082303E-002   1.9453871274348843E-002   2.4528481837488816E-002   2.9362782783707062E-002   3.3809953014236831E-002   3.7794768028699535E-002
   3.4310975906798831E-002   3.0190244595445855E-003   6.6381557854727187E-003   1.1410530663353950E-002   1.6989646581668027E-002   2.2960724339183201E-002   2.8934645681435098E-002   3.4617534483694701E-002   3.9837741295376899E-002   4.4509040903319301E-002
   3.7566708903115982E-002   3.5491173787671163E-003   7.7984032011048721E-003   1.3398861724367004E-002   1.9941774364359587E-002   2.6937541180295760E-002   3.3927994871486768E-002   4.0568936417496142E-002   4.6660941931166371E-002   5.2105418948373887E-002
   4.1131375034185735E-002   4.1709287010646455E-003   9.1582878755664884E-003   1.5728235608664334E-002   2.3398681646903591E-002   3.1592217920904268E-002   3.9769759235535780E-002   4.7528806080348270E-002   5.4638201939078743E-002   6.0985440562388582E-002
   4.5034288645458394E-002   4.9389725815035014E-003   1.0836619428012928E-002   1.8601012382594956E-002   2.7659133539375443E-002   3.7324907007677793E-002   4.6960231260973373E-002   5.6091862249835409E-002   6.4450594791306506E-002   7.1907486726451281E-002
   4.9307545690287481E-002   5.9217816993532109E-003   1.2981920624647605E-002   2.2269192252037232E-002   3.3092638240421732E-002   4.4627685848648527E-002   5.6111028894228102E-002   6.6981086893623573E-002   7.6921552329669574E-002   8.5783077095072130E-002
   5.3986287673825017E-002   7.1888059709569506E-003   1.5743456201976640E-002   2.6983354768723412E-002   4.0063423840625584E-002   5.3980695067010295E-002   6.7813686170348705E-002   8.0890004393476961E-002   9.2834750904701613E-002  0.10347381147459658     
   5.9108990642279875E-002   8.8113133034437088E-003   1.9272676775772261E-002   3.2994210523139729E-002   4.8930197581045165E-002   6.5850218266989349E-002   8.2634384716753190E-002   9.8472858148658984E-002  0.11291931774867017       0.12577071842780205     
   6.4717781594067936E-002   1.0751343749846067E-002   2.3482964756723526E-002   4.0149223850215965E-002   5.9461852458834355E-002   7.9922019130451633E-002  0.10017712187414943       0.11925692150241471       0.13663276641504704       0.15207000905022050     
   7.0858784914888756E-002   1.2843255992797625E-002   2.8014686999259530E-002   4.7841944366832645E-002   7.0781722376591860E-002   9.5051806770411390E-002  0.11905021037334536       0.14163185813135906       0.16217816648423702       0.18041996263117982     
   7.7582501685667909E-002   1.4765297843216861E-002   3.2181669771395707E-002   5.4941538866877672E-002   8.1292950734921376E-002  0.10920409164652467       0.13683200150270580       0.16285291309540426       0.18655133845723512       0.20761570074689006     
   8.4944224982638025E-002   1.6313011433788882E-002   3.5563824948747914E-002   6.0793893798419901E-002   9.0134708136935651E-002  0.12135996996074133       0.15239714215469255       0.18173868005940017       0.20855654981664684       0.23247641132696620     
   9.3004494584813954E-002   1.7688248726298969E-002   3.8615838186228414E-002   6.6209647838070498E-002   9.8552914260662594E-002  0.13322882553745632       0.16791243791043223       0.20088884325710388       0.23119151327073528       0.25835654183587126     
  0.10182959482819059        1.9607184334375638E-002   4.2869662111463938E-002   7.3739714037190554E-002  0.11018524629450688       0.14948470118091714       0.18898177251208867       0.22671204015568081       0.26154290780395573       0.29290255659953074     
  0.11149209970080924        2.2983621708531073E-002   5.0229731707741435E-002   8.6446103983814596E-002  0.12922722363726827       0.17531651749107793       0.22161777227047205       0.26587659385828843       0.30678657602876386       0.34367361539023311     
  0.12207146966133181        2.7847980764094556E-002   6.0715567789460016E-002  0.10426407027320746       0.15542408716522282       0.21022509066824896       0.26507181937138224       0.31740016443908453       0.36573278613508281       0.40930383075175969     
  0.13365470508911154        3.2338341993588954E-002   7.0489106390867376E-002  0.12109364097774691       0.18048172104024987       0.24407419992940549       0.30780647129302241       0.36875156109863388       0.42518548883614221       0.47618201145495226     
  0.14633706173946351        3.4730696100431641E-002   7.6169745795352864E-002  0.13188342494327004       0.19803107961971617       0.26969051414674067       0.34231681826110527       0.41244679931483963       0.47790710047321905       0.53745182198701791     
  0.16022283408774773        3.6931622774394872E-002   8.1758227096619535E-002  0.14307624760263127       0.21698472284908993       0.29822244281619603       0.38160344585690503       0.46294053424516329       0.53946510169449202       0.60951475072796224     
  0.17542621300415920        4.2643353383864761E-002   9.4544580721814722E-002  0.16556519454966823       0.25122396552282028       0.34563189910980752       0.44284737510628625       0.53799213008348756       0.62778983340627281       0.71022694532008090     
  0.19207222481239303        4.9942627822428011E-002  0.11057050198760222       0.19314862895689586       0.29254678225583003       0.40219356866628253       0.51535710210254726       0.62644510763131589       0.73164679409724320       0.82855266229359281     
  0.21029775945461360        5.3677558285923625E-002  0.12015571268621393       0.21225166323586014       0.32499762329955068       0.45119419063953831       0.58292962391258296       0.71338107513087878       0.83775099828052146       0.95292986273950520     
  0.23025269621793309        5.8314362918281314E-002  0.13197788277266048       0.23571079933026620       0.36470486007696418       0.51092576568935166       0.66504327457625423       0.81879441172817946       0.96623792194931168        1.1034483680072866     
  0.25210113627991265        6.7134370392177234E-002  0.15179810983827741       0.27104996665149861       0.41991388446172506       0.58959595191583847       0.76956528655220013       0.95024530763065673        1.1245475992632379        1.2876158589346673     
  0.27602275220902728        7.2781287806147024E-002  0.16669250848293266       0.30163470170346157       0.47299256724515565       0.67086762092047680       0.88279187680147886        1.0971534810253685        1.3051895086946257        1.5007998471741553     
  0.30221426551783803        8.0353884207479326E-002  0.18575147210947321       0.33954642719663297       0.53753135690155307       0.76873006933828403        1.0186174527325076        1.2732895810445539        1.5220079593615194        1.7571314201370727     
  0.33089106441964966        8.9163411308539359E-002  0.20781146339078882       0.38349548468642386       0.61272960158300616       0.88352504995608305        1.1790255453939911        1.4825668918060944        1.7809587651035534        2.0646094564117101     
  0.36228897509242902        9.7382782927875347E-002  0.23033941157482185       0.43136182762551800       0.69794605600982040        1.0167466063537656        1.3679356220030952        1.7314111072494944        2.0909546997312138        2.4345748711989721     
  0.39666620101612027       0.10741865792325046       0.25714984127348040       0.48777006021420655       0.79843800500052609        1.1746446441920164        1.5931620717901591        2.0297076816958177        2.4642887759906378        2.8818890549535094     
  0.43430544633167090       0.11772018421121734       0.28638142544562445       0.55180377489069177       0.91536778624524595        1.3611840471572860        1.8618752040517377        2.3880326158966785        2.9150306902370420        3.4241227516591706     
  0.47551624068340170       0.12900963077858732       0.31942160075633458       0.62586473321905534        1.0528256970466070        1.5829629479056644        2.1838890835255258        2.8199084460076542        3.4606888732729142        4.0828946819366543     
  0.52063748466325777       0.14152360517069715       0.35699807888623941       0.71193821265357360        1.2151189413857195        1.8476261656658068        2.5709540669845889        3.3416801808912484        4.1224843309967492        4.8844170606891719     
  0.57004023678963622       0.15506761344237832       0.39954381913261822       0.81220490179122229        1.4074082661945371        2.1644164689973677        3.0372208068263897        3.9729452406801076        4.9257650414098890        5.8599590541351496     
  0.62413076493974640       0.16996341295268497       0.44816098012956151       0.92969655864404099        1.6361541946989175        2.5445852582455162        3.5997047471756920        4.7370768027054542        5.9006179340898735        7.0465156775953890     
  0.68335388732923041       0.18641401396929627       0.50398815676910602        1.0679708006919353        1.9091041723539968        3.0015702084033906        4.2785398551272831        5.6615047601154327        7.0821244479333423        8.4870781576389209     
  0.74819663051388374       0.20463441105583544       0.56839959969070486        1.2313593461607479        2.2355910953191840        3.5513224788235473        5.0972961333998894        6.7779713528659338        8.5105568201768715        10.230759553508239     
  0.81919223449536838       0.22489355524208587       0.64307928129726610        1.4251058247905579        2.6267372397144273        4.2125096591296991        6.0830823712227504        8.1224782393442396        10.231140003408106        12.332395766955143     
  0.89692453786727211       0.24752497777937588       0.73007903231023608        1.6555264800374749        3.0956694990115210        5.0066595493008341        7.2665042975690577        9.7349811778444284        12.293461571105802        14.851692629046974     
  0.98203277906312625       0.27293255400149802       0.83188612826622077        1.9301664947583603        3.6576783317337074        5.9581492114647130        8.6813305357352863        11.658666352946232        14.750361727403085        17.851754459324770     
   1.0752168531898927       0.30160025291319786       0.95150701854147335        2.2579641168574143        4.3303065228996704        7.0939995319071558        10.363851432524809        13.938830801391191        17.656345912857127        21.397092341390682     
   1.1772430676769294       0.33411124218562099        1.0925631249409928        2.6493936848083885        5.1333218647119194        8.4434280355689619        12.351897392279890        16.621371489110668        21.065626704046799        25.551273581190859     
   1.2889504440725368       0.37117018339079999        1.2593925096393563        3.1165677399944767        6.0885281435902154        10.037134178677041        14.683543532445245        19.751028540358750        25.030018765193791        30.374563149041919     
   1.4112576178114535       0.41362796065211777        1.4571536863392545        3.6732758894706059        7.2193955082730517        11.906325687974677        17.395650634942751        23.369630672842963        29.597093616068431        35.922086936768167     
   1.5451703926941469       0.46251105971852363        1.6919312440620795        4.3349388933418629        8.5504971657084283        14.081593288264258        20.522426817871409        27.514703709479633        34.809077409071044        42.243118933524322     
   1.6917900122028373       0.51905544548267935        1.9708257044087569        5.1184459327541978        10.106765026440224        16.591742276136113        24.094310539136771        32.218845964112909        40.702948243774422        49.381981587988435     
   1.8523222156741213       0.58474538274338261        2.3020243570902310        6.0418655079567545        11.912641927148583        19.462796865194495        28.137468938265780        37.510153942343919        47.312022483502695        57.380755514255483     
   2.0280871538024625       0.66135831009679580        2.6948335073710399        7.1240314044599966        13.991227117031295        22.717397335771139        32.674136880182793        43.413878140069791        54.668920138498869        66.283455917973995     
   2.2205302450155360       0.75101280221592293        3.1596633457473828        8.3840283042178729        16.363563584782533        26.374753295984465        37.723856313053020        49.955023143641320        62.809318958027667        76.140664005061353     
   2.4312340619997870       0.85619798057724639        3.7078661740923953        9.8404194298564072        19.047857033431765        30.450732691781202        43.304718363561143        57.160445480598710        71.774422812352697        87.011977913524504     
   2.6619313461261318       0.97987003082311419        4.3517843799434495        11.511272949308179        22.060410695500757        34.960579427048565        49.437720745143928        65.064213436152158        81.616568287104229        98.971535512577816     
   2.9145192568009906        1.1254846486494319        5.1043692425696641        13.413077657536506        25.414828671504100        39.918326867914423        56.145904777173818        73.705309132483890        92.394779997797784        112.10138983170012     
   3.1910749729235515        1.2970149545483742        5.9788916948558191        15.560742551269890        29.123084210039664        45.339183460277418        63.456626344534548        83.129035113282271        104.17507415942428        126.49070918086508     
   3.4938727747491285        1.4990066143836531        6.9887213396856840        17.967526257850384        33.196289989019093        51.240169862534273        71.401526681340428        93.385050271458582        117.02672108670821        142.23200611089854     
   3.8254027466328799        1.7365928112226963        8.1469409050199868        20.645167797695155        37.645289216112346        57.640497691300581        80.015210250843168        104.52466361634944        131.01937834513794        159.41828524280902     
   4.1883912544574775        2.0154709851252215        9.4661444369561760        23.604136226072399        42.481136702208893        64.561474194359377        89.333645773804179        116.59824298574058        146.22147468611229        178.14363534207783     
   4.5858233661428098        2.3419016207349572        10.958254656055686        26.853920433555672        47.715271070848793        72.025778740202853        99.392268621963296        129.65427996137811        162.70116502039696        198.50448765187511     
   5.0209673996144657        2.7226150220593199        12.634354829940035        30.403163998834390        53.359388140130619        80.056442055163586        110.22425927552909        143.73919061295317        180.52734569045350        220.60033768146354     
   5.4974018001037450        3.1647544394581919        14.504702188335065        34.259683051613855        59.425404289337948        88.675658209122645        121.86000855686866        158.89894426006168        199.77077288191956        244.53222525241051     
   6.0190445678066622        3.6757766549747188        16.578823274537601        38.430602755581432        65.925292114466814        97.903749061108769        134.32793828215921        175.18047802757738        220.50281567341389        270.39778266469096     
   6.5901854779032725        4.2633392481266847        18.865473083731377        42.922062094259005        72.870685937267140        107.75831508537942        147.65573674554673        192.63109023369941        242.79076031450185        298.28325119689947     
   7.2155213579010242        4.9351872859607875        21.372626198793267        47.739076902338475        80.272503983851564        118.25417237612068        161.87125702943783        211.29588491084306        266.69164377481138        328.25974951477048     
   7.9001947124089602        5.6990544192745656        24.107431770820288        52.885574351385365        88.139960719769761        129.40435142651100        177.00259976927558        231.21320003961335        292.24919516037124        360.39326946646304     
   8.6498360129766851        6.5625930383504754        27.076085782843471        58.364402525394993        96.480457678060702        141.22179643958583        193.07569136725013        252.41040141870008        319.50339250659539        394.76097726658327     
   9.4706100007722398        7.5333065290970849        30.283688928392955        64.177395905730179        105.29879021805026        153.71970160940955        210.11070329943800        274.90809371705183        348.50457383511980        431.44604585007090     
   10.369266382873457        8.6184710079127100        33.733932669447775        70.325411835919326        114.59738288262476        166.91112585240950        228.11885509489713        298.73156261307236        379.30715796596388        470.50916767144025     
   11.353195339077612        9.8251778111967987        37.429208495870618        76.808739517805961        124.37787058434093        180.80752094314269        247.10715649510448        323.91451161303212        411.94589236030862        511.98295911320855     
   12.430488295695186        11.160133501831528        41.370029637465251        83.626326825755655        134.64154463034907        195.41452107193734        267.08685126070003        350.48097752815761        446.43036862676553        555.90960249255443     
   13.610004466105526        12.629782296144636        45.555384007213959        90.776316008647157        145.39096230291517        210.73176001301866        288.07603210408979        378.43366247492861        482.78389860135127        602.34371005660898     
   14.901443705277449        14.240087098548264        49.982398487462554        98.255129333308929        156.62908509464680        226.75702265486981        310.08451378212868        407.77319500122695        521.03898396668660        651.29983026671414     
   16.315426277379739        15.996466189251100        54.646426511450670        106.05745057768102        168.35770164360076        243.49419606225877        333.10510634155816        438.51726140190146        561.18992637345787        702.78796464417928     
   17.863580192457370        17.903825778665492        59.541561977409501        114.17714396391239        180.57529884604895        260.95158151169460        357.13179445516732        470.66472128663514        603.23690666143227        756.83461773068552     
   19.558636830395095        19.966344517335692        64.660626384439993        122.60781863209353        193.27583003442240        279.12830966913549        382.17223113624038        504.19942845757333        647.18839922168968        813.42123016468088     
   21.414535638539547        22.187354573244921        69.995462724564703        131.34399995069666        206.45227326796595        298.01068145902980        408.21597712514091        539.12212099184489        693.01951171891585        872.55764811939139     
   23.446538763970572        24.569278415367819        75.537544010234598        140.38209910652068        220.10419127914102        317.59307308952026        435.24750531548653        575.41437394466391        740.72411902580927        934.20811944673687     
   25.671356563109935        27.113520312259304        81.278102489884375        149.72002764377217        234.23552854481250        337.87676187614221        463.25895266063139        613.05600916208516        790.27706507855385        998.37639120898712     
   28.107285020807289        29.820221571462532        87.208289517207618        159.35587300253221        248.84362134384904        358.84899346388482        492.23734238891871        652.03447282544653        841.64493016895153        1064.9899459899821     
   30.774356208980628        32.688369899012322        93.319215898747572        169.28606592081198        263.91528539849202        380.49062879630031        522.15055636068837        692.30776042404295        894.82250659966189        1134.0855869362283     
   33.694503022121602        35.715520040562154        99.601833897285729        179.50418861601031        279.44559319258246        402.80685116524324        553.00982965376340        733.88243294088522        949.72363498386278        1205.4997800857648     
   36.891739544382439        38.897776068841722        106.04658124738410        190.00273897356749        295.43292926392201        425.75830433391775        584.73740419343505        776.66540142165024        1006.3958185725538        1279.3941291043591     
   40.392358531509046        42.229841722813553        112.64338897746910        200.78140996993633        311.87097691014230        449.36503582466332        617.40595022870548        820.73917663338364        1064.6711286892564        1355.3905462955045     
   44.225147631630513        45.705249024338720        119.38261356179251        211.83901747512323        328.73380898425228        473.55434082393458        650.83417577000387        865.89079963835741        1124.7061820663391        1433.9297648649906     
   48.421626123015102        49.316737690565013        126.25595734153801        223.17812555123965        346.03611201346928        498.38974167642516        685.23560043396242        912.34358730127155        1186.1516511962216        1514.2688851324815     
   53.016304115627769        53.056218921885794        133.25885114993778        234.77709124261261        363.72673484735634        523.72296997219496        720.22628344300608        959.72009548425660        1249.4271683470372        1597.2554622899179     
   58.046966348054411        56.914536562272637        140.38981812353055        246.65194086479059        381.84558590671020        549.71891863246992        756.27176734073214        1008.3961828881220        1313.8032642781980        1681.7276075127204     
   63.554982913623071        60.880836152950394        147.65054224424640        258.77802602696158        400.30777101449701        576.08840948353236        792.68112621606292        1057.8768440726406        1380.2117492722373        1768.8868722790112     
   69.585649471004459        64.942713450034887        155.03731082951037        271.19909976288454        419.21728744917789        603.20466340614257        830.28199998985099        1108.5588268881768        1447.2312177367703        1857.3140351883314     
   76.188559737046049        69.087970155570417        162.54650812632599        283.82693105922596        438.39326484972628        630.51224880712562        868.01749553830246        1160.1082807615646        1516.6727084867800        1948.2821095678473     
   83.418013325063441        73.305523877325953        170.16797222607670        296.76702030305324        458.05894041429042        658.71261044939615        907.05759204771232        1212.5570821229683        1586.1011593787639        2040.6444159289906     
   91.333462282486295        77.584898450142674        177.90992797160129        309.84185356304869        477.83857995823740        686.83269516110136        946.06514773869480        1266.2003182009523        1658.4415396374400        2134.9211944448466     
   100.00000000000004        81.913452882904025        185.77014057690630        323.28192313717022        498.21623211652940        716.01618240682581        986.32282049225626        1320.1129019814614        1730.1973974777848        2231.3956931155158     
