   1.0000000000000002E-003   2.2903136683739219E-009   5.0732371342950857E-009   8.6532199121897872E-009   1.2839857877069639E-008   1.7367242815005040E-008   2.1958971123820490E-008   2.6390071500912908E-008   3.0513525504841988E-008   3.4255752484004082E-008
   1.0948889651276870E-003   3.3709891977279511E-009   7.4670242094885071E-009   1.2751669043276405E-008   1.8932876937670911E-008   2.5612980004639841E-008   3.2383497277233423E-008   3.8913788282141935E-008   4.4988491912047146E-008   5.0500214777746947E-008
   1.1987818459583783E-003   4.9592862090650568E-009   1.0985235513526543E-008   1.8780484677269852E-008   2.7900112141904159E-008   3.7750597133713493E-008   4.7728513715723627E-008   5.7347883836611243E-008   6.6293163816086353E-008   7.4407555465289122E-008
   1.3125330147352270E-003   7.2921651438185303E-009   1.6152758331449751E-008   2.7642463051670097E-008   4.1087323443038124E-008   5.5603245444063058E-008   7.0299318187996238E-008   8.4461304838594073E-008   9.7626828193534617E-008   1.0956689615034952E-007
   1.4370779141993756E-003   1.0716056342909941E-008   2.3736964968121708E-008   4.0657998136612781E-008   6.0463270465787286E-008   8.1838402199769541E-008   1.0346896683332306E-007   1.2430551927198043E-007   1.4367055162178709E-007   1.6122958740239545E-007
   1.5734407502856105E-003   1.5737428950777756E-008   3.4859727110156600E-008   5.9758154392952773E-008   8.8907911936820358E-008   1.2035856254402689E-007   1.5217240579959850E-007   1.8280804584737638E-007   2.1127290907842596E-007   2.3707841769736940E-007
   1.7227429147699432E-003   2.3094702096066755E-008   5.1156705111380969E-008   8.7759266503152457E-008   1.3062234516493478E-007   1.7685700009663334E-007   2.2360939614496956E-007   2.6861678638711695E-007   3.1042547736486734E-007   3.4832185963653214E-007
   1.8862122071335180E-003   3.3863987264772339E-008   7.5011576184445018E-008   1.2876679608637577E-007   1.9173177235558896E-007   2.5963525602616994E-007   3.2827848810679523E-007   3.9434200386123000E-007   4.5569773488107787E-007   5.1130363330935584E-007
   2.0651929314796274E-003   4.9610146295522251E-008   1.0989064044484826E-007   1.8875233366779213E-007   2.8114705206233337E-007   3.8077126723579622E-007   4.8145452013948870E-007   5.7833105913974386E-007   6.6828747268992898E-007   7.4980269304698431E-007
   2.2611569515367451E-003   7.2605369060352139E-008   1.6082698861013866E-007   2.7638861344129607E-007   4.1181160417975217E-007   5.5781003924848153E-007   7.0532708432211926E-007   8.4723708625978053E-007   9.7898845224729053E-007   1.0983620818159146E-006
   2.4757157946593421E-003   1.0614187412917823E-007   2.3511315976906504E-007   4.0424422290449242E-007   6.0248556080042907E-007   8.1618285143648228E-007   1.0320605222576695E-006   1.2396945919665784E-006   1.4324369008529063E-006   1.6070522368862131E-006
   2.7106339043648361E-003   1.5497850985753840E-007   3.4329039934098430E-007   5.9049005246276726E-007   8.8029429074762315E-007   1.1926630076855997E-006   1.5081650623896300E-006   1.8115699609329331E-006   2.0931774868033680E-006   2.3482751501668230E-006
   2.9678431503900389E-003   2.2598166946617110E-007   5.0056833786044968E-007   8.6134842916473842E-007   1.2843863037267279E-006   1.7403260105168320E-006   2.2007709232939685E-006   2.6434977268521768E-006   3.0543699895064692E-006   3.4265304684507889E-006
   3.2494587155918438E-003   3.2902953894816740E-007   7.2882797215109485E-007   1.2545487563096531E-006   1.8710946440272156E-006   2.5355486222818723E-006   3.2064814236662492E-006   3.8515146076131786E-006   4.4500746916752697E-006   4.9921956001653971E-006
   3.5577964903394962E-003   4.7828654825241492E-007   1.0594446740680238E-006   1.8241981954349338E-006   2.7212120774732102E-006   3.6878744488011461E-006   4.6638519346905435E-006   5.6020486160796068E-006   6.4725688898367125E-006   7.2609487331114940E-006
   3.8953921174427275E-003   6.9401654025432589E-007   1.5373044970533931E-006   2.6477116317653637E-006   3.9503425380361091E-006   5.3540512681071208E-006   6.7711455707053203E-006   8.1332460232823839E-006   9.3969848788567115E-006   1.0541403379634070E-005
   4.2650218442334201E-003   1.0050997651475498E-006   2.2263795011142830E-006   3.8354320338113629E-006   5.7232715746622861E-006   7.7575184533057016E-006   9.8109823577128104E-006   1.1784577698370680E-005   1.3615511817009629E-005   1.5273468936378262E-005
   4.6697253532797080E-003   1.4525362468984583E-006   3.2174879481897329E-006   5.5440213430607914E-006   8.2739693626089832E-006   1.1215532462892154E-005   1.4184648946784007E-005   1.7038047631032360E-005   1.9684999055573387E-005   2.2081740294387204E-005
   5.1128307594829414E-003   2.0943065365723203E-006   4.6390611733885186E-006   7.9950401946727030E-006   1.1933344932184195E-005   1.6176803074758940E-005   2.0459701516871488E-005   2.4575365345270361E-005   2.8392997698293053E-005   3.1849563372454766E-005
   5.5979819791232878E-003   3.0120120663379425E-006   6.6718523279235149E-006   1.1500330269795214E-005   1.7167161962025226E-005   2.3272907968480875E-005   2.9434993008055184E-005   3.5356041176225371E-005   4.0847965233829486E-005   4.5820192983630458E-005
   6.1291686959257363E-003   4.3199368562573072E-006   9.5690084491535754E-006   1.6496652288417659E-005   2.4627779866690963E-005   3.3388452085340815E-005   4.2229402924742574E-005   5.0723939713689352E-005   5.8602331002334834E-005   6.5734789978386950E-005
   6.7107591705751436E-003   6.1772155391236800E-006   1.3683022969763472E-005   2.3592197164944477E-005   3.5223628518687438E-005   4.7755267807067815E-005   6.0400961455572307E-005   7.2550318542134268E-005   8.3817682288261236E-005   9.4017627848743703E-005
   7.3475361634921530E-003   8.8040408562359146E-006   1.9501635420153182E-005   3.3628535929083864E-005   5.0211739734332590E-005   6.8077867258777060E-005   8.6105476468476534E-005   1.0342427390841942E-004   1.1948466397589165E-004   1.3402260504222067E-004
   8.0447362662841772E-003   1.2502944318358772E-005   2.7694967586172259E-005   4.7761956653605229E-005   7.1319227069207146E-005   9.6698122613772679E-005   1.2230472868251892E-004   1.4690264936425347E-004   1.6971147654942141E-004   1.9035658654515625E-004
   8.8080929653170624E-003   1.7686225567693904E-005   3.9176277724046328E-005   6.7568293603798799E-005   1.0089983440692903E-004   1.3680744993228302E-004   1.7303466158170619E-004   2.0783187215522660E-004   2.4009529758861218E-004   2.6929555545396176E-004
   9.6438837915444661E-003   2.4910248985106923E-005   5.5177923095300804E-005   9.5173983494612795E-005   1.4212961671798875E-004   1.9271196377097452E-004   2.4374041047628037E-004   2.9274983743321248E-004   3.3818587993412585E-004   3.7930380562990274E-004
   1.0558981944335792E-002   3.4918152664960941E-005   7.7345952435732440E-005   1.3341924321052360E-004   1.9925052877609931E-004   2.7016244033370917E-004   3.4169303555472611E-004   4.1038553718958582E-004   4.7406156934392944E-004   5.3167864584177497E-004
   1.1560912813835747E-002   4.8689869607826951E-005   1.0785089672217405E-004   1.8604916458101354E-004   2.7785561314347705E-004   3.7674046492874798E-004   4.7647691989997161E-004   5.7224297420738961E-004   6.6100192674227963E-004   7.4130256053930876E-004
   1.2657915866672035E-002   6.7498426783820032E-005   1.4951241438469274E-004   2.5792853235677985E-004   3.8520923565283407E-004   5.2229141209028716E-004   6.6053533959861417E-004   7.9325351039850509E-004   9.1623765965530995E-004   1.0274801148879081E-003
   1.3859012403933871E-002   9.2968326862994348E-005   2.0592857499860184E-004   3.5526458885324724E-004   5.3057898810345504E-004   7.1937275488248218E-004   9.0973451328016971E-004   1.0924490355076531E-003   1.2617228073513028E-003   1.4147976993500201E-003
   1.5174079748634946E-002   1.2713096055457586E-004   2.8159846256077200E-004   4.8581785185070249E-004   7.2554884885178575E-004   9.8367534570917617E-004   1.2438909742799400E-003   1.4935877179066178E-003   1.7248480605621054E-003   1.9339126721821677E-003
   1.6613932472747905E-002   1.7246305023951711E-004   3.8200710120640975E-004   6.5904741249631007E-004   9.8423335622757884E-004   1.3343083951666156E-003   1.6871232772106611E-003   2.0255643022605357E-003   2.3388997387160438E-003   2.6220511262021410E-003
   1.8190411331788243E-002   2.3189559969668391E-004   5.1364487128584550E-004   8.8614235024091085E-004   1.3233198566748679E-003   1.7938480421198807E-003   2.2678996577533035E-003   2.7224485031501341E-003   3.1430811067048436E-003   3.5230059440543300E-003
   1.9916480638308576E-002   3.0877760677070057E-004   6.8392651146199435E-004   1.1798787904565219E-003   1.7618479444292897E-003   2.3880252783093931E-003   3.0186230292955120E-003   3.6229591383605910E-003   4.1818718110390920E-003   4.6863816924881075E-003
   2.1806334875063296E-002   4.0679255526848148E-004   9.0100541171170582E-004   1.5542952597022367E-003   2.3207150880626831E-003   3.1450380772773791E-003   3.9747337691767954E-003   4.7693501752198546E-003   5.5036978443117196E-003   6.1660558126679912E-003
   2.3875515424585839E-002   5.2982382043971401E-004   1.1734750528121756E-003   2.0241730664825519E-003   3.0218899063287406E-003   4.0944644817480129E-003   5.1733036005731708E-003   6.2056804486161051E-003   7.1588845613556416E-003   8.0178317847182431E-003
   2.6141038375114913E-002   6.8185181676671798E-004   1.5101416829642715E-003   2.6046408032302541E-003   3.8878120511260223E-003   5.2664295785205999E-003   6.6519515197362563E-003   7.9764724325266968E-003   9.1980640677160903E-003   1.0297610336206971E-002
   2.8621534453892730E-002   8.6700155136502401E-004   1.9201316899594516E-003   3.3113590085340821E-003   4.9416621455523804E-003   6.6919567239331823E-003   8.4492645159662209E-003   1.0127190134672814E-002   1.1672702478685832E-002   1.3061963808417199E-002
   3.1337402238589059E-002   1.0900096708306984E-003   2.4139293795935718E-003   4.1623122115580198E-003   6.2100339173843892E-003   8.4065770943993947E-003   1.0609343290231750E-002   1.2709682485163871E-002   1.4641384607507676E-002   1.6375199774092530E-002
   3.4310975906798831E-002   1.3574509628232424E-003   3.0060957968753355E-003   5.1824974529160175E-003   7.7299207401164320E-003   1.0459769332909543E-002   1.3193699029909845E-002   1.5796437937479573E-002   1.8186269508642022E-002   2.0327835068215627E-002
   3.7566708903115982E-002   1.6792178415320070E-003   3.7185464651276075E-003   6.4095693408613161E-003   9.5571125322367664E-003   1.2926285027896653E-002   1.6295510411944943E-002   1.9497660213907805E-002   2.2432805616447997E-002   2.5058736881017434E-002
   4.1131375034185735E-002   2.0724928526357745E-003   4.5893252405482107E-003   7.9089019593830984E-003   1.1788518643472507E-002   1.5936133749247187E-002   2.0077185835161649E-002   2.4005989479708625E-002   2.7601002875341903E-002   3.0812256227436361E-002
   4.5034288645458394E-002   2.5698998162976853E-003   5.6905473143158891E-003   9.8042507770537395E-003   1.4607345417467617E-002   1.9734847421448692E-002   2.4845268762715648E-002   2.9684931335462860E-002   3.4105922221988709E-002   3.8049215001336199E-002
   4.9307545690287481E-002   3.2168731239580802E-003   7.1224635790333932E-003   1.2267186067527970E-002   1.8266700427713712E-002   2.4660381240162808E-002   3.1020219017984910E-002   3.7031517450117346E-002   4.2513488043129405E-002   4.7396291323552310E-002
   5.3986287673825017E-002   4.0671209420612420E-003   9.0032589761974997E-003   1.5499064889104883E-002   2.3061955273089518E-002   3.1104790815488361E-002   3.9087122949016416E-002   4.6616351626087384E-002   5.3470497723080115E-002   5.9566787985926135E-002
   5.9108990642279875E-002   5.1871204514150450E-003   1.1478601667535331E-002   1.9746501429697343E-002   2.9352156559884858E-002   3.9541045418193047E-002   4.9627012091875061E-002   5.9118293198311425E-002   6.7741521249434972E-002   7.5398833639733209E-002
   6.4717781594067936E-002   6.5961207182268014E-003   1.4589589305444928E-002   2.5075735435587426E-002   3.7228193471691977E-002   5.0082221960741552E-002   6.2772096786407827E-002   7.4685352738833075E-002   8.5487117578409919E-002   9.5062850823202830E-002
   7.0858784914888756E-002   8.2359741139404578E-003   1.8207509426365613E-002   3.1264499322805249E-002   4.6360689094994870E-002   6.2289926562990476E-002   7.7981608357499552E-002   9.2685169394920844E-002  0.10599571815412019       0.11778064538959235     
   7.7582501685667909E-002   9.9461611300035099E-003   2.1981790232918994E-002   3.7721082505595194E-002   5.5896040854879009E-002   7.5056678147479294E-002   9.3919237566582700E-002  0.11158476258195843       0.12757130787595741       0.14172455699377925     
   8.4944224982638025E-002   1.1578716604711473E-002   2.5594824250880926E-002   4.3924861526471758E-002   6.5112489288595088E-002   8.7485031386303827E-002  0.10954499239898401       0.13023585338567306       0.14898918499595548       0.16561985897199938     
   9.3004494584813954E-002   1.3180574796881603E-002   2.9159704578062023E-002   5.0096105534770854E-002   7.4383299287922991E-002  0.10013103808051159       0.12560861550943533       0.14958275035621893       0.17138238729861749       0.19077680390523846     
  0.10182959482819059        1.5186242102315251E-002   3.3629952128687156E-002   5.7858989307217119E-002   8.6082217872109346E-002  0.11611324187503642       0.14591958151621734       0.17405319190344581       0.19971812295114477       0.22262491015770605     
  0.11149209970080924        1.8331781287808088E-002   4.0593975333378898E-002   6.9850987467986889E-002  0.10394403565858697       0.14019261875734751       0.17614576190878650       0.21008928503610011       0.24108244804839649       0.26877729519658589     
  0.12207146966133181        2.2909730053685073E-002   5.0662172730998573E-002   8.7034432500511780E-002  0.12923665712177479       0.17387658998940878       0.21798457081956482       0.25953535898147773       0.29742779546202180       0.33126311402662639     
  0.13365470508911154        2.7855765758220637E-002   6.1561717431367395E-002  0.10568076977468266       0.15672098785236652       0.21055512236898183       0.26368771542024366       0.31374171973730713       0.35941063774570625       0.40021454818377861     
  0.14633706173946351        3.1507153870684923E-002   6.9847869628374623E-002  0.12035413475427965       0.17910074131124243       0.24143747444896702       0.30338337607185217       0.36211984081856119       0.41601196838553456       0.46438963317425352     
  0.16022283408774773        3.4791268915837878E-002   7.7593039455216728E-002  0.13457774188828281       0.20150850161591297       0.27328257873437850       0.34534310876424817       0.41427550049265965       0.47797824304156528       0.53549316156023297     
  0.17542621300415920        4.1054798412299941E-002   9.1763646428144288E-002  0.15931566756193358       0.23868206375819825       0.32399608603625568       0.40989985150949582       0.49228599995040251       0.56858625579783650       0.63760224043180536     
  0.19207222481239303        4.9934753486274644E-002  0.11149858882568676       0.19297728620417656       0.28823101848557836       0.39040166354025990       0.49317584005445930       0.59170635441870389       0.68297174914514935       0.76556870879724581     
  0.21029775945461360        5.6391393252776804E-002  0.12668951565474268       0.22031419754911882       0.33072854322561024       0.45025628178079241       0.57143810753218427       0.68835577121716685       0.79720583600335104       0.89612583609572360     
  0.23025269621793309        6.2882292612897239E-002  0.14251287447187402       0.24964558041321325       0.37758671028181917       0.51767852432473682       0.66099603827137032       0.80022733259670320       0.93053893230562423        1.0494549602713046     
  0.25210113627991265        7.4677953238872344E-002  0.16918316470434513       0.29582311118669130       0.44706327557497377       0.61289412503860119       0.78289318653303375       0.94846410949089088        1.1038573495949771        1.2460615475892258     
  0.27602275220902728        8.4610007448521818E-002  0.19297787826804802       0.33936287043561658       0.51597223780843338       0.71134256261284123       0.91306353121207973        1.1106644857608572        1.2969902699164377        1.4681697840366543     
  0.30221426551783803        9.5796164914348239E-002  0.22011983359827841       0.38962219057815417       0.59628133356356483       0.82691647388527778        1.0667314204700162        1.3029815106925116        1.5267894024178579        1.7332156172504323     
  0.33089106441964966       0.11056222411101269       0.25488199217072061       0.45241989038674085       0.69479471423303196       0.96707524566932423        1.2519664422802286        1.5342134182088774        1.8029341955945983        2.0518780280542548     
  0.36228897509242902       0.12438423178421217       0.28966089199068207       0.51866162623880518       0.80301737486851366        1.1255491147661476        1.4655644077998715        1.8044452892518477        2.1286833217917436        2.4303360523131068     
  0.39666620101612027       0.14214670733913731       0.33310395350801486       0.59957370569221968       0.93345380826166491        1.3154534253854608        1.7212302472816587        2.1282711990718717        2.5198631180843778        2.8859101258986284     
  0.43430544633167090       0.16052502381932510       0.38025105798785791       0.69028920032666674        1.0832299829540315        1.5371666040957965        2.0231348602205861        2.5137366552281581        2.9882599707592004        3.4339157276409029     
  0.47551624068340170       0.18179671287150043       0.43525061633068585       0.79651281252963346        1.2596116475628958        1.7999336175849694        2.3830794903266446        2.9756888498539316        3.5520719335818369        4.0960356530050896     
  0.52063748466325777       0.20567158431392399       0.49834025065126053       0.91990497016451322        1.4668172046710821        2.1115002271387744        2.8129888404025274        3.5305919758244326        4.2324465420813953        4.8981034337339961     
  0.57004023678963622       0.23227080233902769       0.57066182886736572        1.0635306296313389        1.7109702241833151        2.4820829147905856        3.3279454626929326        4.1988827382908456        5.0554192531469768        5.8718267524512271     
  0.62413076493974640       0.26234386697187717       0.65435357512990111        1.2317197034044738        1.9999069814589934        2.9243455911483380        3.9464446743295141        5.0055199116576423        6.0527416692395981        7.0558800886471236     
  0.68335388732923041       0.29630898115192317       0.75141263611111675        1.4292449222355124        2.3428390592913089        3.4534569983880976        4.6907154970088154        5.9804902024781095        7.2625466503288374        8.4967371188006044     
  0.74819663051388374       0.33480054065687376       0.86444246539790570        1.6620529894569389        2.7510306856356728        4.0877635104638097        5.5874387317353369        7.1596077007269363        8.7302621018049269        10.249737815656164     
  0.81919223449536838       0.37852840577123903       0.99658858127830940        1.9373634008627354        3.2380765631424091        4.8491957272960207        6.6682279962165776        8.5850460173410053        10.509205349951662        12.379784521393960     
  0.89692453786727211       0.42837278397516526        1.1517335085531586        2.2639585978622572        3.8202882397711191        5.7636949279233480        7.9700351389978845        10.305698956277551        12.660917635731479        14.961703237922736     
  0.98203277906312625       0.48541247041205909        1.3346397991703052        2.6524576944978238        4.5170460235415977        6.8615182241726904        9.5353098889164816        12.377162101009084        15.254993272012710        18.079987542339040     
   1.0752168531898927       0.55095276133372562        1.5511313990583655        3.1156274805290702        5.3511118113906893        8.1773696479621805        11.411826353842951        14.861223728395480        18.368272862351688        21.827774804992369     
   1.1772430676769294       0.62657545195412867        1.8083202062924908        3.6687021431518225        6.3488333365863046        9.7502487537639482        13.652042627333326        17.824720475525655        22.083251467818293        26.304897747503798     
   1.2889504440725368       0.71420529138866906        2.1148630164150575        4.3296742746701300        7.5401629931077858        11.622912869275792        16.311893280767183        21.337683218547092        26.485658438760534        31.614990931753784     
   1.4112576178114535       0.81619066330333179        2.4812445452078338        5.1195248466085737        8.9584248136902058        13.840894326496844        19.449012472916692        25.470851793093402        31.661368874815981        37.861878228376746     
   1.5451703926941469       0.93539801903267306        2.9200900352317407        6.0623637948800404        10.639792992006353        16.451102250600346        23.120542824987414        30.292857131733832        37.693078950665083        45.145785512669896     
   1.6917900122028373        1.0753155496189011        3.4464725937804874        7.1853885102464394        12.622392923281083        19.500026610187522        27.380711091815584        35.867416315032088        44.657234897354286        53.559992652541808     
   1.8523222156741213        1.2401847427725694        4.0782202630532716        8.5186573331513848        14.945126727952918        23.031868887422331        32.278742019843783        42.251324180716836        52.622175574014740        63.189045548577305     
   2.0280871538024625        1.4351466977023750        4.8361811756744988        10.094624653891586        17.646315521332991        27.086934469691702        37.857653012423263        49.493922554829020        61.648275077755287        74.109430329585848     
   2.2205302450155360        1.6664064518912125        5.7444189546537867        11.947455913811130        20.762411878952040        31.700801754350710        44.154584448609128        57.638748110249082        71.790817453756418        86.393512628018513     
   2.4312340619997870        1.9416035642589615        6.8307654760007939        14.112983426484929        24.328276753342223        36.906293933557883        51.205001551364965        66.729895917919094        83.108330064713456        100.11968375718712     
   2.6619313461261318        2.2691518935572059        8.1247589590624223        16.624388174561638        28.372083502002290        42.729019216083245        59.039127811117964        76.809235447712993        95.660568384841554        115.37122312461159     
   2.9145192568009906        2.6597750027816542        9.6607033328946041        19.517150405096292        32.924558142161665        49.201949011143469        67.701372208418107        87.940100283505828        109.53607998720257        132.26749377604006     
   3.1910749729235515        3.1256867701938713        11.475021468067590        22.824862802851879        38.015607762976508        56.363070001202217        77.248271604046337        100.20529755770593        124.85030418629326        150.96226659443090     
   3.4938727747491285        3.6810144042128821        13.606611684448609        26.581076558741437        43.679881344471951        64.263755045001503        87.758600420941420        113.71853311853366        141.75797061037477        171.65692069420399     
   3.8254027466328799        4.3418337177073107        16.096478823737282        30.820746503308783        49.961137531586267        72.974104560530449        99.338736567583410        128.62928704677208        160.45708744276942        194.60353313526286     
   4.1883912544574775        5.1262044417982455        18.987786807884255        35.582972646264764        56.917020293738425        82.587248075028370        112.12568272700760        145.12380530554873        181.18770055171129        220.10171604500309     
   4.5858233661428098        6.0540534413435036        22.326216747214765        40.914289052114540        64.622495847247066        93.220533375201711        126.28516637945604        163.41952565511974        204.22304613097393        248.48718723412816     
   5.0209673996144657        7.1470084267850416        26.161117429295103        46.872490793703733        73.171715239874572        105.01367357922857        142.00522157919562        183.75435769527766        229.85557945855396        280.11574401930341     
   5.4974018001037450        8.4281937399553346        30.547655591892941        53.530382349741068        82.677836963929124        118.12380662990454        159.48628176342373        206.37325457282208        258.38195289703361        315.34848405230588     
   6.0190445678066622        9.9220065724005195        35.550079456823966        60.978773657126254        93.270947741394565        132.71860694272721        178.93068117086213        231.51695847291117        290.09379370927428        354.54482437556356     
   6.5901854779032725        11.653936621994202        41.246165397115838        69.328390225243254        105.09520047902916        148.97021651210460        200.53631032257800        259.41968625005836        325.27903651098762        398.06303600342835     
   7.2155213579010242        13.650506427034529        47.732778093463054        78.710934920936040        118.30705719119304        167.05350919503394        224.50013933390449        290.31882188503010        364.22979490254176        446.26166406093512     
   7.9001947124089602        15.939586061594953        55.132716727838243        89.280955324735260        133.07759450697358        187.15310395514794        251.03584112198141        324.47257394501696        407.25273655357489        499.50535540312825     
   8.6498360129766851        18.550987360705236        63.602107104770809        101.21952649418932        149.59936424362633        209.48020482024631        280.39762350206973        362.17672428308919        454.68613080076841        558.19180403867563     
   9.4706100007722398        21.517664161140893        73.338690967454554        114.74196232968862        168.09889684631500        234.29790237056824        312.89947105108388        403.78565137994815        506.94184343673385        622.80704660878291     
   10.369266382873457        24.877406409286564        84.590805554121204        130.10881188934854        188.85284178711512        261.94149398483802        348.92465593560507        449.74567505294658        564.54848379855139        693.95778575683528     
   11.353195339077612        28.675586867042977        97.669245332451069        147.64030299225209        212.20858408582006        292.82454687154757        388.94275843221982        500.61964521740555        628.14916967967326        772.37092649118904     
   12.430488295695186        32.968217921266600        112.96208447630856        167.73025109821688        238.60122937276807        327.43398175900535        433.52797101915587        557.06404363088882        698.48562316449318        858.90631735304567     
   13.610004466105526        37.826439404842603        130.95725310219470        190.86459242874653        268.56513841717026        366.34934252348683        483.35379919124415        619.82675551491832        776.42758952664894        954.55828155274241     
   14.901443705277449        43.341241065664249        152.27177462748384        217.64634902553655        302.73922383061574        410.27987991896771        539.19206766529476        689.79385294054327        862.96729393494627        1060.4394298705574     
   16.315426277379739        49.629355331735667        177.69061518629522        248.83718777447260        341.89666959543325        460.08750203867038        601.98997657809298        768.01676863931903        959.26581507308060        1177.8515458983652     
   17.863580192457370        56.840523230075796        208.21644564084102        285.41300803902408        387.01890373650593        516.82626092978683        672.92944336086941        855.78193993729496        1066.7508290373712        1308.3587466688259     
   19.558636830395095        65.165947668064575        245.13244660297099        328.61748620206703        439.36778932892975        581.83956043143326        753.46429212536532        954.69994321484569        1187.1713120776071        1453.8722736702844     
   21.414535638539547        74.849063377548617        290.08620109417114        380.01829018073835        500.52111118105330        656.82194545584343        845.43322901058332        1066.7563316772992        1322.6921580244366        1616.7395739927051     
   23.446538763970572        86.200126494130870        345.20636565096913        441.61230531132702        572.47313460745124        743.89337032092067        951.13041339894005        1194.4395894783086        1475.9903042546994        1799.8488872234116     
   25.671356563109935        99.615264715675451        413.26462042580170        516.01225948650506        657.82455772115395        845.78449860713943        1073.4697129308863        1340.8662867989401        1650.4087231594958        2006.7674780939244     
   28.107285020807289        115.60186322165669        497.89936959958732        606.64318235033534        759.91479369433193        965.98388678621404        1216.1619206644714        1509.9949380551436        1850.1550683181508        2241.9618393993792     
   30.774356208980628        134.81414446290927        603.90838271580105        717.91480216212017        883.06082346612845        1109.0129784779310        1383.9986843992729        1706.8869161810701        2080.5549863213491        2511.0523268015845     
   33.694503022121602        158.09900707509064        737.58683930723100        855.56437057159678        1032.8942564540557        1280.6974867349807        1583.1197655825843        1938.0394991036642        2348.4562945073135        2821.1744618490829     
   36.891739544382439        186.55841366718516        907.14926238868384        1027.1940463163107        1216.7398181954754        1488.6320573386204        1821.5031463282514        2211.7934178415867        2662.5607856890151        3181.4461742568574     
   40.392358531509046        221.63036776413293        1123.3827136371774        1242.7349531631141        1444.2281266621592        1742.7029998126393        2109.4783625105592        2539.0152204294041        3034.2037169162518        3603.6315684371698     
   44.225147631630513        265.19484575292410        1400.6387960853617        1515.2570626430690        1727.9726974190930        2055.9460078811894        2460.6296726643868        2933.7991521942372        3477.8634700648031        4102.3936353866538     
   48.421626123015102        319.71090120425305        1757.9690431054084        1862.0470674784463        2084.5422266264609        2445.1903594785331        2892.6313603214003        3414.1872567801879        4013.1115830072918        4698.1821236690030     
   53.016304115627769        388.40210856070820        2220.4359187131690        2305.8939632424258        2535.8819069678343        2933.1432141363898        3428.7211668610153        4005.4176574086705        4662.4573827504564        5415.7624045360908     
   58.046966348054411        475.51013229862593        2821.2382925205079        2876.9512588276193        3110.6979567165340        3549.0683854545473        4098.5289019789170        4737.5087744719649        5463.4009677704762        6286.0042719540188     
   63.554982913623071        586.64267795516048        3604.6694591313299        3615.2580188086104        3847.7089958751812        4331.2021509045708        4946.2590397768399        5650.7947495872095        6453.1975119032522        7358.3153269421628     
   69.585649471004459        729.25173942852132        4629.3007358046943        4573.6534552856037        4796.2180368113504        5332.5082679719080        6016.9939254904839        6807.0240449161229        7686.1332592952804        8686.9415886902061     
   76.188559737046049        913.24126370582428        5973.0326074556206        5822.4871204114215        6024.3137349866465        6622.0885236518834        7387.7494075286559        8270.2159128480835        9246.9560677931750        10332.988010484436     
   83.418013325063441        1151.6974352019076        7739.4667287421453        7454.8259473933886        7622.7118901029216        8280.3550289836003        9154.4618861597974        10130.125867982626        11226.037418882797        12425.954303550914     
   91.333462282486295        1461.8823918735388        10066.554298055453        9596.2521723682257        9701.4970462889432        10444.168876249720        11428.265423120534        12540.419762173771        13733.754976553168        15068.371665369054     
   100.00000000000004        1866.7160774454019        13136.888685420234        12406.829068922942        12425.474065903263        13260.929205376247        14371.378816560920        15633.369160940108        16984.117050458830        18434.141591385138     
