   1.0000000000000002E-003   1.1322502833665915E-008   2.5357854055612786E-008   4.4551078872615597E-008   6.8015494740563919E-008   9.4282996856226388E-008   1.2151147197288502E-007   1.4793257647921829E-007   1.7225438789318042E-007   1.9380099047598690E-007
   1.0948889651276870E-003   1.6206839213209395E-008   3.6296799841607704E-008   6.3769636161868722E-008   9.7356143311532409E-008   1.3495488275123363E-007   1.7392907566979927E-007   2.1174755472206739E-007   2.4656110455883649E-007   2.7740225402374488E-007
   1.1987818459583783E-003   2.3186742301108617E-008   5.1928965700503156E-008   9.1233662030563595E-008   1.3928497145359564E-007   1.9307638478714059E-007   2.4883551073443613E-007   3.0294108579368502E-007   3.5274751752957101E-007   3.9687070809333901E-007
   1.3125330147352270E-003   3.3152330252275248E-008   7.4247850622960561E-008   1.3044549957404025E-007   1.9914890080251947E-007   2.7605930513756945E-007   3.5578293753209634E-007   4.3314215921160172E-007   5.0435437416681591E-007   5.6744067355261627E-007
   1.4370779141993756E-003   4.7365004206301342E-008   1.0607847080325187E-007   1.8636835853812238E-007   2.8452509106321809E-007   3.9440692245975937E-007   5.0830768802927018E-007   6.1883011080097624E-007   7.2057007617240372E-007   8.1070042181372588E-007
   1.5734407502856105E-003   6.7612148126131958E-008   1.5142381870294404E-007   2.6603498995211755E-007   4.0615015872934985E-007   5.6300201455836459E-007   7.2559018061628555E-007   8.8335536458436184E-007   1.0285835455885241E-006   1.1572392414293172E-006
   1.7227429147699432E-003   9.6420505367434652E-008   2.1594272933984239E-007   3.7938721607576008E-007   5.7920181236602158E-007   8.0288335683801104E-007   1.0347443198352666E-006   1.2597264602088873E-006   1.4668292834001726E-006   1.6502982185168237E-006
   1.8862122071335180E-003   1.3735976531439534E-007   3.0762977180049815E-007   5.4047037386881625E-007   8.2512228231363162E-007   1.1437731798736166E-006   1.4740746243844135E-006   1.7945751033212205E-006   2.0896039955085747E-006   2.3509640116238461E-006
   2.0651929314796274E-003   1.9545797565382846E-007   4.3774556962141167E-007   7.6906769539601320E-007   1.1741133159427231E-006   1.6275354220581177E-006   2.0975327829839422E-006   2.5535812320239949E-006   2.9733830483655529E-006   3.3452748502160447E-006
   2.2611569515367451E-003   2.7778890277533964E-007   6.2213218839072404E-007   1.0930111407690768E-006   1.6686637654051775E-006   2.3130651401803004E-006   2.9810183774835741E-006   3.6291428784982998E-006   4.2257503972281778E-006   4.7542665204105578E-006
   2.4757157946593421E-003   3.9428121581709671E-007   8.8302527204784385E-007   1.5513648468577734E-006   2.3684091514818405E-006   3.2830239306335560E-006   4.2310582254848124E-006   5.1509412391871963E-006   5.9976990670514618E-006   6.7478098485753185E-006
   2.7106339043648361E-003   5.5883156850964914E-007   1.2515467074829122E-006   2.1988039893256922E-006   3.3568158517475877E-006   4.6531040127873325E-006   5.9967437911486651E-006   7.3004712097562555E-006   8.5005479539721253E-006   9.5636408272977679E-006
   2.9678431503900389E-003   7.9086373173396226E-007   1.7711961249062291E-006   3.1117481460967419E-006   4.7505431865194805E-006   6.5850033416527352E-006   8.4864498968450775E-006   1.0331391113467486E-005   1.2029632682673771E-005   1.3534010252810917E-005
   3.2494587155918438E-003   1.1174327850821505E-006   2.5025628792966531E-006   4.3966383355061354E-006   6.7120770974224389E-006   9.3039340183267967E-006   1.1990393507709968E-005   1.4596979462524957E-005   1.6996268855384246E-005   1.9121637389594435E-005
   3.5577964903394962E-003   1.5760774033780394E-006   3.5297130754439913E-006   6.2011559542657118E-006   9.4668533033472069E-006   1.3122351041542454E-005   1.6911205235725971E-005   2.0587341899669381E-005   2.3971063340977023E-005   2.6968425967296114E-005
   3.8953921174427275E-003   2.2188133923893189E-006   4.9691318771976813E-006   8.7299294295538367E-006   1.3327228613362427E-005   1.8473168967461497E-005   2.3806722043254290E-005   2.8981488614682168E-005   3.3744532217233244E-005   3.7963642944902710E-005
   4.2650218442334201E-003   3.1173017384217728E-006   6.9812952009920568E-006   1.2264857739829809E-005   1.8723495596024546E-005   2.5952733952563603E-005   3.3445341663929878E-005   4.0714691796339618E-005   4.7405496879363234E-005   5.3332085150890439E-005
   4.6697253532797080E-003   4.3699802129378775E-006   9.7866372412493474E-006   1.7193152463884091E-005   2.6246672405487612E-005   3.6380104967932072E-005   4.6882377912640691E-005   5.7071388586413545E-005   6.6449202186251587E-005   7.4755662331759423E-005
   5.1128307594829414E-003   6.1115205110919524E-006   1.3686723479734989E-005   2.4044518019807695E-005   3.6705229714423022E-005   5.0875632552307236E-005   6.5561256782863098E-005   7.9808290717980890E-005   9.2920569490556124E-005   1.0453447184975568E-004
   5.5979819791232878E-003   8.5250862233395497E-006   1.9091692102062019E-005   3.3539333111194429E-005   5.1198590377471072E-005   7.0962752283554856E-005   9.1444583493994645E-005   1.1131380304229253E-004   1.2959966668855310E-004   1.4579530972534172E-004
   6.1291686959257363E-003   1.1858526091471314E-005   2.6556502173201854E-005   4.6652285878655953E-005   7.1214185363285173E-005   9.8702374172574033E-005   1.2718714109928513E-004   1.5481839855994981E-004   1.8024641306038221E-004   2.0276672644858328E-004
   6.7107591705751436E-003   1.6445236427991184E-005   3.6827628894866276E-005   6.4694333841689659E-005   9.8752427495465655E-005   1.3686587951248680E-004   1.7635852179345921E-004   2.1466527040099243E-004   2.4991531237618061E-004   2.8113271187405928E-004
   7.3475361634921530E-003   2.2730617845009831E-005   5.0902273568719234E-005   8.9416605063499547E-005   1.3648509066922922E-004   1.8915427860318306E-004   2.4372505319025900E-004   2.9665293775674303E-004   3.4535371840306979E-004   3.8848010994149094E-004
   8.0447362662841772E-003   3.1304820442956429E-005   7.0101637744929496E-005   1.2313893963668415E-004   1.8795116502599746E-004   2.6046909045547215E-004   3.3559807598259071E-004   4.0845826471559699E-004   4.7549334070356102E-004   5.3485054378969255E-004
   8.8080929653170624E-003   4.2943012240951849E-005   9.6161021535666306E-005   1.6890788806199161E-004   2.5779746678214499E-004   3.5724491066719069E-004   4.6026124814449763E-004   5.6015512120635117E-004   6.5205250615292607E-004   7.3341634013309094E-004
   9.6438837915444661E-003   5.8652717608315822E-005   1.3133572758211918E-004   2.3068233643667698E-004   3.5206110486089685E-004   4.8783947303594738E-004   6.2847122385544614E-004   7.6482151008983815E-004   8.9024050160228438E-004   1.0012703742964865E-003
   1.0558981944335792E-002   7.9727171907718493E-005   1.7852041231673017E-004   3.1354256914849839E-004   4.7848727000351790E-004   6.6297189838442690E-004   8.5401936153755046E-004   1.0392197052839995E-003   1.2095455407124919E-003   1.3603086082074574E-003
   1.1560912813835747E-002   1.0780392187616788E-004   2.4138016988646595E-004   4.2391971343338684E-004   6.4687750603716954E-004   8.9620208170344752E-004   1.1543448829475235E-003   1.4045371355914150E-003   1.6345914134667380E-003   1.8381878474406084E-003
   1.2657915866672035E-002   1.4491858311133774E-004   3.2447078572776349E-004   5.6980592029364841E-004   8.6940777122492224E-004   1.2043667012216703E-003   1.5510899630406067E-003   1.8870539302924126E-003   2.1959058607666101E-003   2.4691812871789078E-003
   1.3859012403933871E-002   1.9355253444892231E-004   4.3334547574331851E-004   7.6094061534191814E-004   1.1609090183344367E-003   1.6079613113905470E-003   2.0705823979462320E-003   2.5187186478121911E-003   2.9305780269607965E-003   3.2949052113986133E-003
   1.5174079748634946E-002   2.5665286763648659E-004   5.7459963853160223E-004   1.0088878646220768E-003   1.5389806653433623E-003   2.1312885578391090E-003   2.7440132615471052E-003   3.3373480661188283E-003   3.8824730215911477E-003   4.3645421602846249E-003
   1.6613932472747905E-002   3.3761283241561560E-004   7.5582738532900052E-004   1.3269591532862547E-003   2.0238675883858474E-003   2.8022764072388765E-003   3.6071852522092328E-003   4.3862988523836240E-003   5.1018252600067175E-003   5.7343586831778148E-003
   1.8190411331788243E-002   4.4019314706044191E-004   9.8544599814082362E-004   1.7299051891361435E-003   2.6379850703227310E-003   3.6518070836280506E-003   4.6996268063054479E-003   5.7133615015797379E-003   6.6439194123992214E-003   7.4661893331895461E-003
   1.9916480638308576E-002   5.6836332981692183E-004   1.2723417339139430E-003   2.2332957897649355E-003   3.4049701289265394E-003   4.7123905522718475E-003   6.0628598927239931E-003   7.3686198332545650E-003   8.5665609875046136E-003   9.6245521818171826E-003
   2.1806334875063296E-002   7.2607464708044950E-004   1.6253629723579266E-003   2.8526344138861503E-003   4.3483331300635348E-003   6.0162891124808850E-003   7.7379630535567836E-003   9.4014520540592009E-003   1.0926544394622985E-002   1.2272631893266186E-002
   2.3875515424585839E-002   9.1700242929645178E-004   2.0527451951117470E-003   3.6023563085567051E-003   5.4899403480940358E-003   7.5934187768546164E-003   9.7628563970588722E-003   1.1857199513234579E-002   1.3775736791237059E-002   1.5467830615409683E-002
   2.6141038375114913E-002   1.1443533754755201E-003   2.5616817891521673E-003   4.4950858716572206E-003   6.8489030976407878E-003   9.4698315944171628E-003   1.2170353449652829E-002   1.4774783874410839E-002   1.7158276495368607E-002   1.9258578963056442E-002
   2.8621534453892730E-002   1.4109811728768335E-003   3.1585853123731146E-003   5.5421079781538844E-003   8.4423288999120241E-003   1.1668797503325827E-002   1.4989584771041658E-002   1.8188447260682018E-002   2.1112584106897408E-002   2.3686567643602656E-002
   3.1337402238589059E-002   1.7201253758951666E-003   3.8507443208202195E-003   6.7562885256573042E-003   1.0289812102076081E-002   1.4217078535872478E-002   1.8254125228684401E-002   2.2137660354396117E-002   2.5682882268360130E-002   2.8799666684584026E-002
   3.4310975906798831E-002   2.0772328148314068E-003   4.6504042678733653E-003   8.1592467742842463E-003   1.2424399294823982E-002   1.7160158201024515E-002   2.2021636099721079E-002   2.6691009169376011E-002   3.0946936954979496E-002   3.4683028072839628E-002
   3.7566708903115982E-002   2.4917156088955571E-003   5.5787089197873877E-003   9.7882843118406275E-003   1.4903178682947773E-002   2.0576944182900406E-002   2.6392821976097179E-002   3.1969230970492118E-002   3.7042774162212515E-002   4.1488985190414440E-002
   4.1131375034185735E-002   2.9819828739003143E-003   6.6769731697729198E-003   1.1716178448536762E-002   1.7837442732114184E-002   2.4621462118097317E-002   3.1564951641191906E-002   3.8210032091963553E-002   4.4243691516580030E-002   4.9520898846290705E-002
   4.5034288645458394E-002   3.5855586280479157E-003   8.0293475327773145E-003   1.4090966703607899E-002   2.1453254469256548E-002   2.9606402701111954E-002   3.7938809084121415E-002   4.5897237081355492E-002   5.3107308335226595E-002   5.9399352494719740E-002
   4.9307545690287481E-002   4.3523110125871763E-003   9.7476936681318883E-003   1.7109495331405187E-002   2.6051296687933073E-002   3.5947794861959821E-002   4.6047728375116295E-002   5.5674616187331230E-002   6.4375243783306876E-002   7.1949086238001753E-002
   5.3986287673825017E-002   5.3364160001968860E-003   1.1953638660656539E-002   2.0986069256897225E-002   3.1959423488304085E-002   4.4099964246063543E-002   5.6474779662489191E-002   6.8246184017259154E-002   7.8858049724967433E-002   8.8070346709032521E-002
   5.9108990642279875E-002   6.6009973721699129E-003   1.4789018920755990E-002   2.5970936800447892E-002   3.9561126814234938E-002   5.4595369478768932E-002   6.9904580529736263E-002   8.4439723794216159E-002   9.7509451180636156E-002  0.10882242580177937     
   6.4717781594067936E-002   8.1423319750976147E-003   1.8246287363726930E-002   3.2053104053283314E-002   4.8844162023488367E-002   6.7424007200883262E-002   8.6332125541967397E-002  0.10425556576095768       0.12033293965701441       0.13420855596814568     
   7.0858784914888756E-002   9.8618959435900783E-003   2.2105995221910677E-002   3.8850919925987611E-002   5.9234822103251122E-002   8.1806837583335137E-002  0.10477681377853382       0.12652778595970945       0.14599941552580881       0.16275953625026698     
   7.7582501685667909E-002   1.1551452415127859E-002   2.5903445237628733E-002   4.5553787366023848E-002   6.9509860280634217E-002   9.6075843329319219E-002  0.12313222211192570       0.14874867636220049       0.17165321900163033       0.19132823146480379     
   8.4944224982638025E-002   1.3039259347484223E-002   2.9256065097979234E-002   5.1496573699202276E-002   7.8670359539134760E-002  0.10887746719504450       0.13970245178288460       0.16891811780474739       0.19504035908032913       0.21745734483939444     
   9.3004494584813954E-002   1.4387895693044984E-002   3.2306598289323196E-002   5.6937724482000518E-002   8.7126023947414380E-002  0.12080313410406837       0.15528025830839096       0.18803646404576679       0.21736261075911059       0.24253499879304513     
  0.10182959482819059        1.6069374832360265E-002   3.6116106965524093E-002   6.3750834739060389E-002   9.7750017895169114E-002  0.13584362843232414       0.17500063123281945       0.21232375480826787       0.24580851848211044       0.27457816009529878     
  0.11149209970080924        1.8821056127742795E-002   4.2342837074383431E-002   7.4864822605234416E-002  0.11503281851616265       0.16022957743986910       0.20686379266275137       0.25144078518381674       0.29150058457995759       0.32593929164263580     
  0.12207146966133181        2.2848237063316072E-002   5.1456714280466026E-002   9.1131977164542285E-002  0.14032005769220540       0.19587848478156070       0.25338192838959045       0.30846155481558846       0.35800470183271405       0.40059274571283898     
  0.13365470508911154        2.6981124130915263E-002   6.0848754355546743E-002  0.10800526146856028       0.16675140377071168       0.23342186619505409       0.30268812664982353       0.36920886806275710       0.42913303081137888       0.48067674876890898     
  0.14633706173946351        2.9575889673775741E-002   6.6847217124442540E-002  0.11907212617939830       0.18462978496273252       0.25958866694670524       0.33794567713843277       0.41355394314727073       0.48190701505155686       0.54086173028790752     
  0.16022283408774773        3.1601372951076262E-002   7.1640856934419156E-002  0.12822385251397520       0.19995592050154146       0.28273154037888726       0.36988774371658117       0.45445559854715389       0.53124903230388676       0.59773801053313846     
  0.17542621300415920        3.6188662140840780E-002   8.2287289129401225E-002  0.14794981872737525       0.23187149234855889       0.32933086049912619       0.43235979965552312       0.53258901835407713       0.62379284008882385       0.70292068325670920     
  0.19207222481239303        4.2821998236142744E-002   9.7675505120628725E-002  0.17639941782010080       0.27768635725116791       0.39579099701438464       0.52086280475451541       0.64264980516533354       0.75359209034042018       0.84999638968376956     
  0.21029775945461360        4.6816032083945504E-002  0.10731853556120735       0.19518886717054820       0.30946039927288860       0.44369969442623364       0.58655969216381032       0.72628269930716038       0.85418036106884754       0.96591286419457523     
  0.23025269621793309        5.0428168411634611E-002  0.11633980379928839       0.21344148685413916       0.34121755441050006       0.49250819970525961       0.65445694437853896       0.81381221033671935       0.96067804126363265        1.0899151292267795     
  0.25210113627991265        5.8244841923946855E-002  0.13516066170440005       0.24971127430174941       0.40144858964974311       0.58168270331693128       0.77516679662371546       0.96635526022832230        1.1434826741381228        1.3002137839823651     
  0.27602275220902728        6.3825025042665504E-002  0.14933963474207543       0.27859358162780645       0.45146514621756362       0.65817844481180077       0.88167081781067957        1.1043648725240274        1.3124852821010384        1.4984344703252963     
  0.30221426551783803        6.9853758876777292E-002  0.16502866062474944       0.31109312278749202       0.50829539947570457       0.74596338092694869        1.0052795499396714        1.2662406113981592        1.5126121263673169        1.7341380534580972     
  0.33089106441964966        7.8272103860281841E-002  0.18674960928804743       0.35539552939164815       0.58480855301993429       0.86350657705913925        1.1704787829707775        1.4824332153572408        1.7790711870020885        2.0481577562888384     
  0.36228897509242902        8.5027644820659345E-002  0.20541429818537585       0.39553146596610522       0.65708147140903350       0.97881697958937874        1.3378643373187442        1.7065744941739747        2.0610186502783221        2.3853995904557701     
  0.39666620101612027        9.4310000024622628E-002  0.23068444530696169       0.44896038239729469       0.75263775422882262        1.1311926882236831        1.5581849483720251        2.0014559489453987        2.4312481355272033        2.8276799399191170     
  0.43430544633167090       0.10303834408349555       0.25566481861663781       0.50380961915068512       0.85432322649536918        1.2978884234091099        1.8049514872073966        2.3368652664669933        2.8574112379993086        3.3416082121150108     
  0.47551624068340170       0.11309705536421724       0.28482310964291746       0.56866938372615816       0.97667375778415477        1.5007059234700468        2.1072208403568271        2.7497735728891151        3.3841198993457189        3.9788877127858622     
  0.52063748466325777       0.12403581994945395       0.31733951913915698       0.64294129861824711        1.1199048388223232        1.7421081097154627        2.4704732853721989        3.2494610553339522        4.0249790415371027        4.7577231880112238     
  0.57004023678963622       0.13569150271020483       0.35313461062387491       0.72769386122985846        1.2873371352098106        2.0284781778617731        2.9056105255097457        3.8521803340412775        4.8021020107979320        5.7063175681212863     
  0.62413076493974640       0.14847401149252212       0.39359145562114961       0.82638366040561639        1.4866005778382776        2.3729852487575718        3.4325875076709713        4.5854592493590687        5.7509771699263821        6.8682095507681780     
  0.68335388732923041       0.16239464720824223       0.43934569378546512       0.94188202886163408        1.7239208754458750        2.7872779924911115        4.0698557740288805        5.4755004850720557        6.9061469168881837        8.2865915824232914     
  0.74819663051388374       0.17760916507270150       0.49163514459993579        1.0779141244134898        2.0077224820141892        3.2864254562763255        4.8405580247872209        6.5544633288437408        8.3093899086087593        10.013226523555467     
  0.81919223449536838       0.19424486073373709       0.55152363055425990        1.2387162435422028        2.3476149509354887        3.8874523630605369        5.7705436897900562        7.8579533752102879        10.006738833559496        12.105084738724658     
  0.89692453786727211       0.21249555496241274       0.62078429059786411        1.4294910481272263        2.7550655444762517        4.6101384478852871        6.8891816003075883        9.4257659467698875        12.049117259602671        14.624874955480424     
  0.98203277906312625       0.23264068517638831       0.70137669905336231        1.6565501725441607        3.2435463758349221        5.4770260549460739        8.2291009461949773        11.301297008057219        14.491415295703858        17.639815721294614     
   1.0752168531898927       0.25503872654306264       0.79567618318202749        1.9273559557945377        3.8284698459437978        6.5130688439426017        9.8254275433639044        13.530327207416661        17.390839397061239        21.219593778311044     
   1.1772430676769294       0.28014181904043944       0.90652419624392144        2.2505874678838595        4.5270983935937048        7.7451892953524908        11.714886741589760        16.159665782982024        20.805136576999804        25.434211093725843     
   1.2889504440725368       0.30842578761827832        1.0372953605952018        2.6361972101135245        5.3583771499466488        9.2017011813359240        13.934768526457180        19.235712401593592        24.790823612809749        30.351923767588946     
   1.4112576178114535       0.34054772645687986        1.1919940528410040        3.0954738525190870        6.3427236681843606        10.911685669421932        16.521929725664279        22.803213304756497        29.401798996955492        36.037744890964873     
   1.5451703926941469       0.37726381493670214        1.3753702412888591        3.6410868057486856        7.5017599374321557        12.904354769809371        19.511942289613444        26.904401407017374        34.688599220913275        42.552835445950699     
   1.6917900122028373       0.41946846446635233        1.5929001139199546        4.2868271999677621        8.8575872647292400        15.207925057163592        22.937856918796530        31.577939035277293        40.697661442469091        49.954090741158801     
   1.8523222156741213       0.46824321331673979        1.8508837936319955        5.0475196410010987        10.432377467376297        17.849102459259385        26.829972622605805        36.859258891156429        47.472300332949182        58.295677730036559     
   2.0280871538024625       0.52488178218410975        2.1564527673315861        5.9387407703497841        12.247770739055388        20.852517863790133        31.215768577261365        42.781221490655632        55.054041522202681        67.630895522032674     
   2.2205302450155360       0.59091665828831097        2.5175431476022090        6.9764760956079783        14.324322754919502        24.240439404568736        36.120322196195929        49.375295321168458        63.484327624491726        78.014179601503514     
   2.4312340619997870       0.66816729851943246        2.9428841965958914        8.1768395996311813        16.681208585679492        28.032994618934300        41.567363234440386        56.673211866889261        72.806335142378146        89.502837700830227     
   2.6619313461261318       0.75876083426718099        3.4418779776991837        9.5556620821845275        19.335886567226751        32.248435037599997        47.580225314607780        64.708041093577407        83.065659074648792        102.15726355339976     
   2.9145192568009906       0.86517345404145762        4.0245002712256479        11.128214388021242        22.304092795619681        36.903846139665873        54.183011331301387        73.514952146493187        94.310331344072154        116.04049031203748     
   3.1910749729235515       0.99024348047795829        4.7011088532034337        12.908871461343272        25.599832106098201        42.015768013129637        61.401174090302739        83.130856128016759        106.58976336987131        131.21717169196776     
   3.4938727747491285        1.1372067820874143        5.4823073002664353        14.910982945963747        29.235713646745946        47.601088700982785        69.261878909145011        93.593754260190849        119.95412265106903        147.75387845654777     
   3.8254027466328799        1.3097041411228381        6.3787524721132476        17.146728189736933        33.223266933898572        53.677629976632744        77.793536149140564        104.94173778383762        134.45436832612012        165.72048450051366     
   4.1883912544574775        1.5117780816727295        7.4009691371965447        19.627043681457657        37.573348973280616        60.264462932967668        87.024894978705547        117.21265836352798        150.14350181398854        185.19206790875529     
   4.5858233661428098        1.7478647874547073        8.5592005679162941        22.361645200106018        42.296656661938002        67.381886410749942        96.984230348143797        130.44499834757818        167.07826322238907        206.24966985179435     
   5.0209673996144657        2.0227467227230114        9.8632143424608305        25.358983418852592        47.404081967056406        75.050751900717572        107.69890930401409        144.67915044518224        185.31941055538698        228.97844567947277     
   5.4974018001037450        2.3415381103113031        11.322250158398070        28.626451058402587        52.907301359419620        83.291871914175374        119.19640470489931        159.95871030804440        204.93067297321431        253.46420890180664     
   6.0190445678066622        2.7096239484100972        12.944898740982451        32.170477070081311        58.818972691493045        92.125214994632614        131.50558492010080        176.32989541571035        225.97548361597046        279.78756946409953     
   6.5901854779032725        3.1325885287421253        14.738996333799234        35.996671463965633        65.152653874215204        101.56968623163989        144.65758448415974        193.83941926719831        248.51227952219980        308.01946300748131     
   7.2155213579010242        3.6161585615264213        16.711586334609589        40.110119674468571        71.922496818884539        111.64394004721589        158.68557689527032        212.53122552202339        272.59171227417238        338.22656815127556     
   7.9001947124089602        4.1661368254627460        18.868876291080170        44.515706496133213        79.142595510064837        122.36767906240185        173.62316626233132        232.44306974237224        298.26176057972157        370.48334424571891     
   8.6498360129766851        4.7883289725558296        21.216191113451419        49.218458245985779        86.826247542499061        133.76254082989379        189.50163297434327        253.60795380363203        325.57701672425600        404.87110730452446     
   9.4706100007722398        5.4884748845641749        23.757947804738002        54.223903780511463        94.985624035781186        145.85186881016762        206.34703040498039        276.06217544003175        354.59687191349633        441.46199316316910     
   10.369266382873457        6.2721809499329764        26.497642158846514        59.538361832280259        103.63221501959623        158.65927988902789        224.18123067766743        299.84841461488264        385.37233494657187        480.31085543238100     
   11.353195339077612        7.1448903325479947        29.437934697765346        65.169188422476893        112.77817629446538        172.20654074605440        243.02921422528823        325.00716289334474        417.94173614278753        521.47648288002961     
   12.430488295695186        8.1117673193186572        32.580546850343687        71.124409423444106        122.43720195122388        186.51089725622481        262.92176358462876        351.56748563842041        452.34801302796529        565.02858649597044     
   13.610004466105526        9.1777106475275598        35.926475791426469        77.412523058616102        132.62513499549436        201.58659587503723        283.88820534773640        379.55633536104938        488.64244430109591        611.02074631271512     
   14.901443705277449        10.347259933057348        39.475987741963579        84.041707785384332        143.35887113531945        217.45038132754146        305.94824903880976        409.00945506956634        526.86089348184976        659.50035892385438     
   16.315426277379739        11.624515217847676        43.228697024411311        91.019201128377020        154.65442377541740        234.12389029991556        329.11980731239140        439.95698924153635        567.03626634398415        710.52298276879742     
   17.863580192457370        13.013211963708002        47.184052861165156        98.351690040676644        166.52486424966168        251.62861825105313        353.43033490123304        472.42398812480991        609.21362222481264        764.13426883080490     
   19.558636830395095        14.516600576194101        51.341414653971249        106.04570404770733        178.97882773883643        269.97958102680019        378.90066046858402        506.44280083186459        653.42770502294661        820.38969298672498     
   21.414535638539547        16.137440212108505        55.700358581403620        114.10887539031172        192.02543334039115        289.18888502950875        405.54564988895027        542.03086441484970        699.70813369541008        879.31988184827435     
   23.446538763970572        17.878008654797565        60.261068463076491        122.55066116243553        205.67978101819739        309.27257674126832        433.39622503115356        579.21535750041687        748.07969901062609        940.96602530265363     
   25.671356563109935        19.740061678975042        65.024868428802620        131.38153532884056        219.95763940487734        330.24639267002283        462.46846003804433        618.03535495953304        798.59021852408046        1005.3835391995975     
   28.107285020807289        21.724651076159613        69.994476949678216        140.61167866727243        234.86744789937910        352.12654470947285        492.76708264874401        658.51357133466047        851.28433817566417        1072.6279719835734     
   30.774356208980628        23.832232604283220        75.174096550060199        150.25154760373860        250.41574095786919        374.93044985330363        524.31183393157107        700.64658775946691        906.17364793879005        1142.7223654085160     
   33.694503022121602        26.062641282275813        80.568321161735696        160.30982193184735        266.61643097913969        398.65493737815342        557.14657112056693        744.45162563002509        963.23960211183191        1215.6381502140789     
   36.891739544382439        28.415175075047021        86.181076538417543        170.79084689705175        283.47979229994490        423.30332997965127        591.28323433373578        790.01350491886001        1022.5717702852800        1291.5037862099825     
   40.392358531509046        30.888670621074393        92.014872740550913        181.70051415309686        301.00631149533888        448.92270617398799        626.67768668866779        837.35798667854647        1084.2991633052397        1370.4776313041600     
   44.225147631630513        33.481222013862293        98.071545296092310        193.05315562152799        319.22141029475557        475.54355963678626        663.36172059068872        886.34228518022178        1148.2358068255635        1452.2704222663181     
   48.421626123015102        36.190312223914567        104.35590001216885        204.85944990262630        338.15504519156531        503.11892067487975        701.49133723099044        937.08814339148421        1214.3411149638978        1536.9455771885555     
   53.016304115627769        39.013407528751053        110.87445871242595        217.11445972522483        357.77648812622454        531.64809523623524        741.01260746294611        989.89013259893784        1283.1700529079155        1625.1850967744256     
   58.046966348054411        41.947553993384794        117.63027716849409        229.81786774859020        378.05887149557765        561.27258491006148        781.70648683157219        1044.4167597030437        1354.4015582336683        1716.3123772878537     
   63.554982913623071        44.988760382158226        124.62817932892251        242.99868187065201        399.08516171541191        591.95635855387889        823.93184995144588        1100.4930915082195        1427.5172203506295        1810.0455848986871     
   69.585649471004459        48.132954893637006        131.88088746276213        256.67020411077169        420.91250555846540        623.46706938795865        867.77317100928531        1158.9971125725858        1503.7840251713744        1908.1110517189943     
   76.188559737046049        51.375808935183485        139.39881097772476        270.79287265090272        443.37894520765792        656.13134505303981        912.65587533603014        1219.2975669925513        1582.6414958465728        2008.9232784065227     
   83.418013325063441        54.713533765214976        147.18327470610174        285.37724158013208        466.52331386541869        690.08394317794182        959.02637919443282        1280.8469164712262        1662.9512585314542        2112.0428301725037     
   91.333462282486295        58.142755713342467        155.22389072639365        300.50991408166624        490.61958499181378        724.77704639887713        1007.4716606850254        1345.3089861616961        1746.9676584546301        2220.3813312500838     
   100.00000000000004        61.659402006417544        163.52964063106904        316.14690016018295        515.41596679463305        760.49837459445348        1056.6915264700169        1411.6323400298934        1833.8052178558851        2331.0298168002087     
