   1.0000000000000002E-003   1.1322475110484348E-008   2.5357731821798312E-008   4.4493195887901049E-008   6.7838559837994938E-008   9.3957987763800491E-008   1.2104104039029517E-007   1.4733608977917584E-007   1.7155520669637936E-007   1.9302019916017695E-007
   1.0948889651276870E-003   1.6206801245165594E-008   3.6296633594969974E-008   6.3693598470214312E-008   9.7123556350793766E-008   1.3452727400093961E-007   1.7330958790649492E-007   2.1096143351941729E-007   2.4563900008858736E-007   2.7637192903434675E-007
   1.1987818459583783E-003   2.3186691745836355E-008   5.1928746930727114E-008   9.1133809399600812E-008   1.3897934563280897E-007   1.9251407279110045E-007   2.4802027259590245E-007   3.0190587748610586E-007   3.5153257053364985E-007   3.9551257062298112E-007
   1.3125330147352270E-003   3.3152265644739145E-008   7.4247576729034033E-008   1.3031443216145421E-007   1.9874748683376353E-007   2.7532029116508916E-007   3.5471089450773012E-007   4.3178018313433534E-007   5.0275530242045301E-007   5.6565261154796561E-007
   1.4370779141993756E-003   4.7364926848313539E-008   1.0607815540803254E-007   1.8619642167222372E-007   2.8399817209824745E-007   3.9343636169626420E-007   5.0689917908293485E-007   6.1704012657636702E-007   7.1846805919594090E-007   8.0834968100014851E-007
   1.5734407502856105E-003   6.7612065915648897E-008   1.5142351231877349E-007   2.6580962119408629E-007   4.0545900035014315E-007   5.6172845450328722E-007   7.2374155314114133E-007   8.8100585552121863E-007   1.0258245024071674E-006   1.1541539737338669E-006
   1.7227429147699432E-003   9.6420440182280161E-008   2.1594255905021519E-007   3.7909212922803687E-007   5.7829607168715894E-007   8.0121399662984057E-007   1.0323211928035802E-006   1.2566473116150956E-006   1.4632144078695650E-006   1.6462572376075397E-006
   1.8862122071335180E-003   1.3735976679759881E-007   3.0763001540107281E-007   5.4008455963047439E-007   8.2393678035596779E-007   1.1415879864054914E-006   1.4709036132167391E-006   1.7905475228362422E-006   2.0848784749329596E-006   2.3456847866945123E-006
   2.0651929314796274E-003   1.9545814626223394E-007   4.3774679091377222E-007   7.6856423311344111E-007   1.1725640987987580E-006   1.6246799883353182E-006   2.0933916102931831E-006   2.5483259610028688E-006   2.9672232037437353E-006   3.3384001995578026E-006
   2.2611569515367451E-003   2.7778944242063427E-007   6.2213548010500964E-007   1.0923558510182757E-006   1.6666434435177773E-006   2.3093423015422761E-006   2.9756245422897228E-006   3.6223071563115499E-006   4.2177500890918982E-006   4.7453512736357551E-006
   2.4757157946593421E-003   3.9428250000461508E-007   8.8303268550292839E-007   1.5505148836690649E-006   2.3657816467185084E-006   3.2781844380236164E-006   4.2240569189279438E-006   5.1420858034596557E-006   5.9873573795014242E-006   6.7363102713606335E-006
   2.7106339043648361E-003   5.5883428290160993E-007   1.2515620025729380E-006   2.1977066004956184E-006   3.3534109583092023E-006   4.6468371093772811E-006   5.9876967079606399E-006   7.2890601056266390E-006   8.4872622494418012E-006   9.5489122802197752E-006
   2.9678431503900389E-003   7.9086910078143189E-007   1.7712260659945421E-006   3.1103400700323998E-006   4.7461518821063570E-006   6.5769291291578613E-006   8.4748283808279143E-006   1.0316789806737019E-005   1.2012704865780821E-005   1.3515323328477834E-005
   3.2494587155918438E-003   1.1174429544258742E-006   2.5026194477789551E-006   4.3948467059509945E-006   6.7064494540625567E-006   9.2936012871071467E-006   1.1975582513857899E-005   1.4578471334582654E-005   1.6974938935026511E-005   1.9098230679088281E-005
   3.5577964903394962E-003   1.5760960695286899E-006   3.5298172050771606E-006   6.1989022746406776E-006   9.4597024387452306E-006   1.3109247339950294E-005   1.6892529817930712E-005   2.0564180992639511E-005   2.3944594920986274E-005   2.6939626857719911E-005
   3.8953921174427275E-003   2.2188468261224760E-006   4.9693197078715542E-006   8.7271393810648525E-006   1.3318246942399174E-005   1.8456755170385847E-005   2.3783517253301598E-005   2.8953020073910530E-005   3.3712392803215896E-005   3.7929110683139746E-005
   4.2650218442334201E-003   3.1173604152226147E-006   6.9816284047828824E-006   1.2261481390764788E-005   1.8712393942438301E-005   2.5932523982423069E-005   3.3417100752274615E-005   4.0680592079677465E-005   4.7367703470369707E-005   5.3292264726542632E-005
   4.6697253532797080E-003   4.3700813684081293E-006   9.7872199045810894E-006   1.7189202586476160E-005   2.6233260118109562E-005   3.6355826113254166E-005   4.6849038286852026E-005   5.7032113503020390E-005   6.6406950550545205E-005   7.4712597157214965E-005
   5.1128307594829414E-003   6.1116920647701633E-006   1.3687729356482451E-005   2.4040138960736117E-005   3.6689565611341977E-005   5.0847524722896586E-005   6.5523721157718641E-005   7.9765874802798620E-005   9.2877339022959281E-005   1.0449321391619936E-004
   5.5979819791232878E-003   8.5253726571419229E-006   1.9093407946143454E-005   3.3534919826662301E-005   5.1181252377139651E-005   7.0932100097757399E-005   9.1405632611966334E-005   1.1127323954692565E-004   1.2956310597794139E-004   1.4576630503223244E-004
   6.1291686959257363E-003   1.1858997033489292E-005   2.6559395607399410E-005   4.6648683820897596E-005   7.1196735182919019E-005   9.8672422390897046E-005   1.2715298830176861E-004   1.5478996567182862E-004   1.8023149065941925E-004   2.0276977305544000E-004
   6.7107591705751436E-003   1.6445998808962827E-005   3.6832452819477677E-005   6.4693166109613679E-005   9.8738188683262620E-005   1.3684336646531078E-004   1.7634139958327367E-004   2.1466837193219300E-004   2.4994948273500303E-004   2.8120341121882456E-004
   7.3475361634921530E-003   2.2731832505335359E-005   5.0910223465925552E-005   8.9420795067638131E-005   1.3648041890830447E-004   1.8915194601442135E-004   2.4374742849454824E-004   2.9672232543504271E-004   3.4548524296889498E-004   3.8868020460731939E-004
   8.0447362662841772E-003   3.1306723847761856E-005   7.0114582836216369E-005   1.2315352575162735E-004   1.8796747303188386E-004   2.6050970206072522E-004   3.3569938331581205E-004   4.0865393220243642E-004   4.7580445374402290E-004   5.3528419646578236E-004
   8.8080929653170624E-003   4.2945943434474162E-005   9.6181834870951282E-005   1.6894126166132917E-004   2.5785437812628209E-004   3.5736755291212584E-004   4.6050843900789188E-004   5.6057775215345132E-004   6.5267988110795589E-004   7.3425532479875740E-004
   9.6438837915444661E-003   5.8657149435726655E-005   1.3136874081627752E-004   2.3074806924408675E-004   3.5219124229107497E-004   4.8810920948733267E-004   6.2897494720308672E-004   7.6563611199994641E-004   8.9140643755316923E-004   1.0027922906006390E-003
   1.0558981944335792E-002   7.9733744871155604E-005   1.7857202019946447E-004   3.1366203646226038E-004   4.7874335809426968E-004   6.6349426385988461E-004   8.5495832213237596E-004   1.0406911328056422E-003   1.2116046718186348E-003   1.3629538670083075E-003
   1.1560912813835747E-002   1.0781348543745393E-004   2.4145963621252962E-004   4.2412585086598777E-004   6.4734288997305605E-004   8.9714484288220717E-004   1.1560025704111343E-003   1.4070836463281511E-003   1.6381009650420389E-003   1.8426450979493977E-003
   1.2657915866672035E-002   1.4493220367822645E-004   3.2459105127087269E-004   5.7014771123183451E-004   8.7020987828526053E-004   1.2059884829432009E-003   1.5539034027364587E-003   1.8913182327646484E-003   2.2017183442125392E-003   2.4764992331535256E-003
   1.3859012403933871E-002   1.9357149971673768E-004   4.3352407985916092E-004   7.6148885895530082E-004   1.1622376733064152E-003   1.6106515439902498E-003   2.0752108867704631E-003   2.5256683356031737E-003   2.9399720830023176E-003   3.3066498797357058E-003
   1.5174079748634946E-002   2.5667862063102160E-004   5.7485931089782565E-004   1.0097409428439349E-003   1.5411090046720079E-003   2.1356155226978403E-003   2.7514226853950666E-003   3.3483992965014100E-003   3.8973138103835163E-003   4.3829879207499690E-003
   1.6613932472747905E-002   3.3764679027199014E-004   7.5619588339975491E-004   1.3282472821209324E-003   2.0271726779723764E-003   2.8090392060164571E-003   3.6187425069524079E-003   4.4034560635983324E-003   5.1247448038438444E-003   5.7627004177222170E-003
   1.8190411331788243E-002   4.4023631482717170E-004   9.8595444815163672E-004   1.7317901249548431E-003   2.6429612758220623E-003   3.6620795693668418E-003   4.7171864704686588E-003   5.7393485310003583E-003   6.6784847514437572E-003   7.5087357958244878E-003
   1.9916480638308576E-002   5.6841563161076181E-004   1.2730207266635660E-003   2.2359621646109345E-003   3.4122251941038229E-003   4.7275386560525681E-003   6.0888147247687317E-003   7.4069635117506348E-003   8.6173808000819200E-003   9.6868415053546885E-003
   2.1806334875063296E-002   7.2613401310015727E-004   1.6262362658004592E-003   2.8562699008781605E-003   4.3585572412746390E-003   6.0379418251164958E-003   7.7752277627475578E-003   9.4564780361128305E-003   1.0999266595066316E-002   1.2361417552601615E-002
   2.3875515424585839E-002   9.1706397708228441E-004   2.0538225129312342E-003   3.6071223538894793E-003   5.5038463744719610E-003   7.6233850177467874E-003   9.8147728298967566E-003   1.1933929977037247E-002   1.3876935672197617E-002   1.5590952618291899E-002
   2.6141038375114913E-002   1.1444094620546945E-003   2.5629546671128039E-003   4.5010886646352109E-003   6.8671524656632012E-003   9.5099822594257259E-003   1.2240547938572563E-002   1.4878792176051911E-002   1.7295324192081414E-002   1.9424868377674501E-002
   2.8621534453892730E-002   1.4110233618656023E-003   3.1600317015024965E-003   5.5493865796534189E-003   8.4654748174303879E-003   1.1720962166186394E-002   1.5081856080978125E-002   1.8325797594981486E-002   2.1293708368425313E-002   2.3906081254747889E-002
   3.1337402238589059E-002   1.7201491074520343E-003   3.8523467338306516E-003   6.7648372789101017E-003   1.0318297084596450E-002   1.4283018087341700E-002   1.8372461516418019E-002   2.2315093420909666E-002   2.5917665094154378E-002   2.9084626107361310E-002
   3.4310975906798831E-002   2.0772440879169721E-003   4.6521789428402641E-003   8.1690697067247735E-003   1.2458608092615226E-002   1.7241615768089462E-002   2.2170368740480926E-002   2.6916406676669207E-002   3.1247339929275673E-002   3.5049626228515658E-002
   3.7566708903115982E-002   2.4917394168360381E-003   5.5807437884698536E-003   9.7994760306308257E-003   1.4943540600319126E-002   2.0675770034083440E-002   2.6576925185802128E-002   3.2252409201069490E-002   3.7424815181461582E-002   4.1960281290906891E-002
   4.1131375034185735E-002   2.9820606313055616E-003   6.6794107282900170E-003   1.1728839575322352E-002   1.7884158455844595E-002   2.4739032022436890E-002   3.1789234138316455E-002   3.8562048951447998E-002   4.4727341148362847E-002   5.0127727184760523E-002
   4.5034288645458394E-002   3.5856933351561260E-003   8.0321022322630362E-003   1.4104297468555278E-002   2.1504127063553598E-002   2.9739451710868597E-002   3.8201291142252174E-002   4.6321314406652242E-002   5.3705306060448113E-002   6.0167488177596450E-002
   4.9307545690287481E-002   4.3523734894386282E-003   9.7499501603695669E-003   1.7120133947190797E-002   2.6097690599923517E-002   3.6080607128216473E-002   4.6327114643238680E-002   5.6148683446213571E-002   6.5071077850955741E-002   7.2873277551419563E-002
   5.3986287673825017E-002   5.3359977502994479E-003   1.1953056747544301E-002   2.0985444439650960E-002   3.1979834831129109E-002   4.4191994750767759E-002   5.6710559218452160E-002   6.8694836551038502E-002   7.9569983057328569E-002   8.9071146133724799E-002
   5.9108990642279875E-002   6.5990999601769473E-003   1.4780097976974620E-002   2.5939995594356384E-002   3.9508725174885365E-002   5.4557592347084780E-002   6.9958781039598072E-002   8.4679214467934028E-002   9.8018166623225503E-002  0.10965740994527712     
   6.4717781594067936E-002   8.1374578145032087E-003   1.8220771870994298E-002   3.1963524160614078E-002   4.8650016593506401E-002   6.7126068926562615E-002   8.6001966401666380E-002  0.10401249104708889       0.12030645743876284       0.13450399234593899     
   7.0858784914888756E-002   9.8527594664467519E-003   2.2056588720555603E-002   3.8677382909619300E-002   5.8838673520819312E-002   8.1138242606787495E-002  0.10389485414611044       0.12558126486954227       0.14517684410138368       0.16223358921793113     
   7.7582501685667909E-002   1.1538827562598393E-002   2.5833605624222357E-002   4.5306386999316287E-002   6.8939602316244464E-002   9.5099221501759965E-002  0.12181153635257762       0.14727429738193407       0.17028579908767771       0.19032163375535355     
   8.4944224982638025E-002   1.3027521310973360E-002   2.9188490055663124E-002   5.1249507347683847E-002   7.8110693561743355E-002  0.10795284832834998       0.13852261502307603       0.16773599395625852       0.19419776280858306       0.21729016814312674     
   9.3004494584813954E-002   1.4383805372596451E-002   3.2277546199475385E-002   5.6812081227132681E-002   8.6872133892485381E-002  0.12048056890526887       0.15508997796575649       0.18831135664379120       0.21853030039776614       0.24500700071837583     
  0.10182959482819059        1.6074453892931634E-002   3.6136708636672392E-002   6.3791710118151754E-002   9.7907409417258007E-002  0.13627369550203949       0.17595967579327976       0.21421022306576429       0.24914797377813339       0.27988044622985320     
  0.11149209970080924        1.8819078812910988E-002   4.2335963556647739E-002   7.4842860605649347E-002  0.11504681713650530       0.16028279914511981       0.20707179969606160       0.25220149653648100       0.29348397281916994       0.32986099775924416     
  0.12207146966133181        2.2806929127996232E-002   5.1268461986772255E-002   9.0581794107348290E-002  0.13907132741331776       0.19337237141720118       0.24932575498381726       0.30318895566100945       0.35242503175346479       0.39580670508539595     
  0.13365470508911154        2.6893674965665828E-002   6.0464563671903684E-002  0.10689276684603702       0.16408979898171083       0.22799945243580555       0.29381843283832243       0.35723617439053579       0.41529329542117233       0.46652993088776529     
  0.14633706173946351        2.9509111861963831E-002   6.6635145593631484E-002  0.11850803092566110       0.18294067926498667       0.25550903997451302       0.33090466440094402       0.40415886480271307       0.47170317606678580       0.53166326166901889     
  0.16022283408774773        3.1616080019894022E-002   7.1936050596699608E-002  0.12913808213893466       0.20111040214431899       0.28322487123715906       0.36961941958333472       0.45446698170046473       0.53337481093685135       0.60389212051033225     
  0.17542621300415920        3.6183295843341422E-002   8.2607351495640635E-002  0.14874335089250890       0.23212453553483120       0.32762261108046048       0.42856806153017862       0.52813260248938509       0.62107160326653521       0.70439315957739734     
  0.19207222481239303        4.2668333335604235E-002   9.7410023896523812E-002  0.17510591150963473       0.27268448051254002       0.38436880596974293       0.50255328448361380       0.61934384390510933       0.72862010211424955       0.82683790630517107     
  0.21029775945461360        4.6735110548854049E-002  0.10754896656627741       0.19480144099891664       0.30564349744603098       0.43403707565307076       0.57133116281966756       0.70815711219976141       0.83704101697424327       0.95350319018799123     
  0.23025269621793309        5.0544829570698113E-002  0.11760646983311765       0.21527994954082541       0.34130767622290886       0.48938813217138621       0.64955273099420008       0.81056758595060951       0.96324696954975819        1.1019283147082830     
  0.25210113627991265        5.8172377346789580E-002  0.13552303987282185       0.24811024847358076       0.39376255476411820       0.56568482829178757       0.75264830056331544       0.94166318034513274        1.1218613863834652        1.2863479077124234     
  0.27602275220902728        6.3890219090281239E-002  0.15022343073848374       0.27749911700137259       0.44440475911497584       0.64381198364738590       0.86284392274555644        1.0860646888536909        1.3002558977035206        1.4968176031569700     
  0.30221426551783803        7.0109866286259967E-002  0.16653195854022124       0.31072492138308505       0.50249275917022596       0.73439678962668320       0.99166547453899401        1.2559593038883805        1.5112192486525813        1.7467489653146211     
  0.33089106441964966        7.8389184049620392E-002  0.18727281688787292       0.35157093623422414       0.57236227831364495       0.84220636229007151        1.1445067198224623        1.4576877523079956        1.7623083891492339        2.0450667424155289     
  0.36228897509242902        8.5453436430546176E-002  0.20690300146653576       0.39349633264684314       0.64823097631147142       0.96365096573087328        1.3207160828753290        1.6937131159652705        2.0589724635516493        2.3999642956649674     
  0.39666620101612027        9.4582008635988243E-002  0.23115630190486022       0.44379969096122890       0.73802773861365467        1.1070222540573311        1.5293143693811884        1.9743663104169689        2.4133305262996343        2.8256273805334611     
  0.43430544633167090       0.10345470940514899       0.25652573304160459       0.49910749964454076       0.84003988788078932        1.2733959601913702        1.7747513143414499        2.3076718315115570        2.8369728069229305        3.3370990005867505     
  0.47551624068340170       0.11345021290351304       0.28543603796127037       0.56270848555732056       0.95858888714627810        1.4688051133144717        2.0656238378069105        2.7054690455563550        3.3453720423586164        3.9536357935691098     
  0.52063748466325777       0.12425734521203378       0.31775221561251887       0.63534190438606131        1.0962811342806869        1.6987881893094869        2.4112705590216263        3.1814569361321698        3.9568680579291784        4.6983033229447937     
  0.57004023678963622       0.13583170372643150       0.35388386031536317       0.71855968389837599        1.2568286708748577        1.9704129572154028        2.8231458469808466        3.7521652644571293        4.6934338464471832        5.5986695775213011     
  0.62413076493974640       0.14846772163582866       0.39473421512794854       0.81453129213009701        1.4448838106305133        2.2922936873695310        3.3150415901225960        4.4373371226237026        5.5811804465234127        6.6874223632816259     
  0.68335388732923041       0.16223991699600790       0.44105891245972573       0.92561935199644341        1.6659118947771991        2.6746640055914144        3.9032384654232901        5.2600856046568083        6.6504978539229773        8.0025122500005601     
  0.74819663051388374       0.17731133690177259       0.49386175970265078        1.0547426419356307        1.9265247059775796        3.1296987735657091        4.6067934238519310        6.2471147130805260        7.9362014768228333        9.5872507708566541     
  0.81919223449536838       0.19384883200363162       0.55434128812321148        1.2054132034522027        2.2346190122632588        3.6716719380309284        5.4476040582501941        7.4286128238530429        9.4772352279129297        11.489855311658809     
  0.89692453786727211       0.21206582896345019       0.62397032481915560        1.3818731697515905        2.5995699605073868        4.3170938754716603        6.4503475109793893        8.8379022995378893        11.316013944373198        13.762524660801910     
  0.98203277906312625       0.23222292279506387       0.70453829344476793        1.5892118772398995        3.0323689823842233        5.0846860839925778        7.6421092562229509        10.510625439057673        13.497160196918848        16.459779251292783     
   1.0752168531898927       0.25462980776270949       0.79821562849312289        1.8335105011530890        3.5457327667180398        5.9952089501232475        9.0517244707891198        12.483516659819102        16.065724405442872        19.636192892556739     
   1.1772430676769294       0.27965607011052651       0.90763361157686151        2.1219856886251560        4.1541219844755535        7.0710547155210799        10.708746100087545        14.792709260538182        19.064888944643108        23.343569460326343     
   1.2889504440725368       0.30774574164403279        1.0359739962579575        2.4631177790880860        4.8736334609297884        8.3355712064246497        12.642055089382808        17.471682449779276        22.533368429513818        27.627878612029534     
   1.4112576178114535       0.33943406765646783        1.1870688268947613        2.8667491091274031        5.7217368250189784        9.8121213099284503        14.878216289203488        20.549091038330236        26.502895469484400        32.526475503400086     
   1.5451703926941469       0.37536629849088354        1.3655111968579643        3.3441342613226581        6.7168398505971929        11.522937760583254        17.439785858239564        24.046855778720204        30.996331816198115        38.066286089988608     
   1.6917900122028373       0.41631871224046330        1.5767706189860378        3.9079130136687850        7.8776757029880820        13.487881301979176        20.343850979227447        27.978960396385208        36.026977656972136        44.263627075461137     
   1.8523222156741213       0.46322556230297307        1.8273106688090759        4.5719928436946864        9.2225629315903515        15.723315158768193        23.601193984738593        32.351465046167597        41.599630967533166        51.126213907621207     
   2.0280871538024625       0.51720960477908240        2.1247009625269277        5.3513305577573655        10.768625541711666        18.241356269667506        27.216461131993011        37.164110671493262        47.713658358028269        58.657464176691541     
   2.2205302450155360       0.57961729910591375        2.4777137311422881        6.2616187827621923        12.531109167008758        21.049785674680500        31.189622158625941        42.413624530265459        54.367896376503055        66.862602982347980     
   2.4312340619997870       0.65213339912125678        2.8966074296917799        7.3193145051862620        14.523599213789186        24.153723348811983        35.519894295718856        48.099759186961350        61.568178654274760        75.757140922894081     
   2.6619313461261318       0.73649530520078099        3.3922267125008738        8.5394522551476957        16.755269277798519        27.553626220546580        40.204907001977141        54.225037613421705        69.326836437405390        85.365722462795844     
   2.9145192568009906       0.83507178629692158        3.9774984712014785        9.9382150875759425        19.235997776283291        31.254199132111637        45.253110049950834        60.809316364217850        77.678231892883630        95.738221855069938     
   3.1910749729235515       0.95052534501739616        4.6662911760039671        11.530673080911811        21.974349824461587        35.263236641720653        50.682525078691818        67.886963945998318        86.673762052948675        106.94301069227134     
   3.4938727747491285        1.0859736948752203        5.4736491445179789        13.331490999298794        24.980323950321733        39.596326261264586        56.525718370415738        75.510552352359738        96.384363084579732        119.06929143117654     
   3.8254027466328799        1.2450310508113644        6.4156877165126449        15.355321767954868        28.267411016622017        44.279553023223485        62.831014972035710        83.749754435533191        106.89847021359262        132.22561369224300     
   4.1883912544574775        1.4318439411164423        7.5095186980642321        17.617543274884131        31.854599113250863        49.350863398272807        69.661094953389309        92.687781965167986        118.31871958739055        146.53788766184644     
   4.5858233661428098        1.6511260967827579        8.7732826514238429        20.135334697265666        35.767961490297061        54.859638997944955        77.089168654526873        102.41658833696145        130.75841438707133        162.14672501300024     
   5.0209673996144657        1.9081518304312159        10.226238179980829        22.928784870244264        40.041168730357569        60.864036295933509        85.193317412366142        113.03177565370692        144.33720856317257        179.20208962314990     
   5.4974018001037450        2.2087858329476640        11.889214802250532        26.022303712733184        44.715405829393504        67.427571909367501        94.051887079328424        124.62946077620137        159.17676228783799        197.85585537148455     
   6.0190445678066622        2.5594604501478777        13.785225580322216        29.445711347683300        49.838264084697940        74.615406113270481        103.74079785300724        137.30403890251532        175.39496200671849        218.25176686303587     
   6.5901854779032725        2.9671401852174504        15.940401339329078        33.235133455543028        55.462656852711390        82.492532191971478        114.33465363917928        151.14784809456327        193.10162108832827        240.51807753009402     
   7.2155213579010242        3.4393074746704837        18.385363584796711        37.433942411098634        61.647007686334476        91.125840613810638        125.91230897973308        166.25454752910622        212.40035849637349        264.77216672016897     
   7.9001947124089602        3.9839515765267723        21.156962374264605        42.093954140325948        68.457480081854584        100.59074317686439        138.56599949350112        182.72767024260776        233.40220367397794        291.14448575534033     
   8.6498360129766851        4.6095765166826235        24.300382869689276        47.277461647464484        75.972730552259378        110.98173932633117        152.41276280169288        200.69564167779831        256.25408362932421        319.81186120494010     
   9.4706100007722398        5.3252594937349675        27.871672426258968        53.060715059695987        84.290880026476046        122.42427580334585        167.60593885428247        220.33362357759142        281.16934774974936        351.01440674543977     
   10.369266382873457        6.1407770562737287        31.940748891395973        59.539023934415646        93.537441599965604        135.08401077120482        184.34438981192682        241.88566027680895        308.43530416213707        385.05342556739345     
   11.353195339077612        7.0668707208557393        36.595219780815476        66.833404221435572        103.87312299046805        149.17177449620311        202.88144511690606        265.67039268998838        338.39976021376793        422.30816146884678     
   12.430488295695186        8.1155166950816557        41.944862204700847        75.097562875516516        115.50027842448432        164.94528582082398        223.53561467291667        292.06441319178958        371.47655066873415        463.27333505654815     
   13.610004466105526        9.3004972558640677        48.128036065952912        84.526474732777388        128.67151187367676        182.71668997705078        246.70116862877782        321.50154793735669        408.18717987518471        508.54083661375176     
   14.901443705277449        10.637990401908896        55.319677133484191        95.366247181956652        143.70171275686570        202.87213406107151        272.85281885730609        354.52341984453489        449.16517228285818        558.77137720787334     
   16.315426277379739        12.147349278206249        63.741980005936355        107.92790538527797        160.98688031409850        225.90680758475639        302.56868544150143        391.83650183119528        495.15523461067369        614.80659355895489     
   17.863580192457370        13.852303149156151        73.679258625963328        122.60792049107535        181.03120751033217        252.46317887790369        336.59929593727850        434.31323975014908        547.13815486850012        677.73343566706819     
   19.558636830395095        15.782128929034739        85.496586998549404        139.91462921277525        204.47966218065363        283.35750820599458        375.94247796419461        483.05736208456835        606.38801558576745        748.88349477586098     
   21.414535638539547        17.973277462210064        99.664957185503297        160.50372018950111        232.16222175748217        319.61974536483751        421.85223356808353        539.53585909812352        674.47894529974747        830.01904712160365     
   23.446538763970572        20.471475043506853        116.79467045164968        185.22506926493887        265.15795852214143        362.58799345281261        475.91744179884324        605.59588336853494        753.49019178326068        923.33431781611273     
   25.671356563109935        23.334429504575812        137.67949886960423        215.18440465785747        304.88067887795194        414.03519555833554        540.26015003670011        683.63142689158587        846.06358385254384        1031.7084901046771     
   28.107285020807289        26.635152228335460        163.35430340238500        251.82308597083383        353.17340692429502        476.25570909066766        617.61573082913560        776.79233204229797        955.64552944658828        1158.7902845270930     
   30.774356208980628        30.466738269935693        195.17274538781945        297.02390428774385        412.42369817791172        552.20027723627527        711.51659637558964        889.11908882201726        1086.7330212288075        1309.4280344866238     
   33.694503022121602        34.948269665177612        234.90899281515232        353.25034621023940        485.74278583364384        645.80501061235464        826.70135079211786        1025.9885852834495        1245.1401108822170        1489.7867298756480     
   36.891739544382439        40.232558190696253        284.89261830250666        423.73274664452452        577.25258573354711        762.20830677121660        969.18846810819912        1194.3630224336794        1438.5379191505319        1708.1035820978727     
   40.392358531509046        46.516531991448979        348.18763677159166        512.72391364078669        692.41424318393797        908.15865075849740        1147.2366640599439        1403.4109079797281        1677.2102797454863        1974.6541185903177     
   44.225147631630513        54.054792004538939        428.82722247323568        625.84137782782227        838.35245761511783        1092.5520166085489        1371.2553484426139        1665.0785075521633        1973.7532809734007        2305.0183862934600     
   48.421626123015102        63.177688853904058        532.12477305686934        770.52891730037391        1024.4698954088244        1327.3133943578239        1655.2403537764585        1996.4547073762217        2345.7346430263815        2714.1481923586102     
   53.016304115627769        74.315635219854229        665.09203293144537        956.59360119022153        1263.3169772363083        1627.4849921670273        2018.0758312213256        2415.5302488120924        2818.7108174183368        3229.9018464966293     
   58.046966348054411        88.031181677544637        837.00964951651179        1196.9761349064329        1571.1897599997651        2014.2855496667828        2484.7700457157939        2953.8100817541135        3416.6716093272557        3885.2460771704309     
   63.554982913623071        105.06066723322111        1060.1860146158738        1508.7155880341791        1970.1325916568862        2515.0907124039322        3083.4829719822637        3648.1361756901319        4185.0639941879190        4715.6924506830355     
   69.585649471004459        126.36859290005229        1350.9377435343185        1914.7357928476299        2489.3168123849614        3163.8840111034192        3866.0822708483602        4540.8080009739315        5180.6167413133799        5780.1839198683165     
   76.188559737046049        153.22212662856114        1730.8244272165341        2445.0775020588208        3165.6271095418247        4010.4450083395668        4880.5630463629232        5702.3016660083458        6461.3123073359020        7168.1884020632642     
   83.418013325063441        187.29190044652336        2228.3668762094308        3139.4883050585790        4051.8771150810139        5121.6865208032104        6203.5322690139446        7225.0891652457522        8124.3115858623096        8943.1565061868223     
   91.333462282486295        230.77959945301978        2881.4556267879757        4051.2826900503574        5215.7369941877505        6568.4674339855401        7939.3828376986858        9200.2276542664913        10314.910813226843        11266.211624816524     
   100.00000000000004        286.58293121723585        3740.5331230194452        5250.8325945388378        6741.5184275364782        8479.2299324861560        10224.141963947121        11797.135514024012        13150.651588794502        14302.152731100436     
