   1.0000000000000002E-003   1.1322512667848365E-008   2.5357876965826696E-008   4.4551097493678245E-008   6.8015479349691485E-008   9.4282895159020696E-008   1.2151125627801451E-007   1.4793222584115944E-007   1.7225389569718487E-007   1.9380036037909792E-007
   1.0948889651276870E-003   1.6206854048584904E-008   3.6296834611337319E-008   6.3769664454377001E-008   9.7356119478316405E-008   1.3495472602151129E-007   1.7392874278901213E-007   2.1174701279716321E-007   2.4656034292782441E-007   2.7740127807206483E-007
   1.1987818459583783E-003   2.3186764626136957E-008   5.1929018368604473E-008   9.1233704890268268E-008   1.3928493444197268E-007   1.9307614322399632E-007   2.4883499713669821E-007   3.0294024858209442E-007   3.5274633958803244E-007   3.9686919735026743E-007
   1.3125330147352270E-003   3.3152363736393998E-008   7.4247930199200062E-008   1.3044556424027472E-007   1.9914884311090726E-007   2.7605893277145939E-007   3.5578214536477418E-007   4.3314086650705398E-007   5.0435255356993674E-007   5.6743833674395836E-007
   1.4370779141993756E-003   4.7365054199907086E-008   1.0607859062055783E-007   1.8636845557034323E-007   2.8452500070143665E-007   3.9440634834115764E-007   5.0830646668774440E-007   6.1882811614132854E-007   7.2056726469610033E-007   8.1069681076751635E-007
   1.5734407502856105E-003   6.7612222307670565E-008   1.5142399827101024E-007   2.6603513445105732E-007   4.0615001631657086E-007   5.6300112908449293E-007   7.2558829849336365E-007   8.8335228941988633E-007   1.0285792086252280E-006   1.1572336682469068E-006
   1.7227429147699432E-003   9.6420614499807980E-008   2.1594299674861365E-007   3.7938742899687419E-007   5.7920158615484930E-007   8.0288199048779555E-007   1.0347414211207694E-006   1.2597217243270538E-006   1.4668226024546724E-006   1.6502896307367355E-006
   1.8862122071335180E-003   1.3735992394488168E-007   3.0763016654164949E-007   5.4047068291470983E-007   8.2512191948675674E-007   1.1437710699939935E-006   1.4740701631250412E-006   1.7945678197707849E-006   2.0895937218914567E-006   2.3509508057537744E-006
   2.0651929314796274E-003   1.9545820228058866E-007   4.3774614519235865E-007   7.6906813412659087E-007   1.1741127271026901E-006   1.6275321607741564E-006   2.0975259227973842E-006   2.5535700496999403E-006   2.9733672860829193E-006   3.3452545969075242E-006
   2.2611569515367451E-003   2.7778921833018707E-007   6.2213301288377008E-007   1.0930117427151128E-006   1.6686627964054399E-006   2.3130600921604149E-006   2.9810078395576434E-006   3.6291257486238926E-006   4.2257262854260504E-006   4.7542355666501425E-006
   2.4757157946593421E-003   3.9428163786783016E-007   8.8302642230324931E-007   1.5513656274432403E-006   2.3684075314077887E-006   3.2830161023087976E-006   4.2310420594132013E-006   5.1509150738777989E-006   5.9976623254463396E-006   6.7477627573707356E-006
   2.7106339043648361E-003   5.5883209560750739E-007   1.2515482467826257E-006   2.1988049000967727E-006   3.3568130954526942E-006   4.6530918424776260E-006   5.9967190317962760E-006   7.3004313929371225E-006   8.5004922527713984E-006   9.5635696212410224E-006
   2.9678431503900389E-003   7.9086430630417539E-007   1.7711980424855561E-006   3.1117489686222011E-006   4.7505384096964182E-006   6.5849843588973017E-006   8.4864120549213691E-006   1.0331330820984684E-005   1.2029548812778027E-005   1.3533903463679473E-005
   3.2494587155918438E-003   1.1174332112751559E-006   2.5025649459722382E-006   4.3966384475476549E-006   6.7120686624642915E-006   9.3039042841765723E-006   1.1990335823033802E-005   1.4596888761897735E-005   1.6996143732547028E-005   1.9121479025819169E-005
   3.5577964903394962E-003   1.5760771729699006E-006   3.5297145215291172E-006   6.2011538311007469E-006   9.4668381365659561E-006   1.3122304216267192E-005   1.6911117601342518E-005   2.0587206654876138E-005   2.3970879033374379E-005   2.6968194782830575E-005
   3.8953921174427275E-003   2.2188113267358167E-006   4.9691307029010306E-006   8.7299216039134460E-006   1.3327200881429192E-005   1.8473094733017601E-005   2.3806589491617502E-005   2.8981289372907166E-005   3.3744265557905338E-005   3.7963313015919712E-005
   4.2650218442334201E-003   3.1172952698526762E-006   6.9812867425892155E-006   1.2264836671366781E-005   1.8723444135841487E-005   2.5952615304971039E-005   3.3445142316654205E-005   4.0714403201786429E-005   4.7405121055230101E-005   5.3331630118415069E-005
   4.6697253532797080E-003   4.3699639708096958E-006   9.7866112533233062E-006   1.7193102234192062E-005   2.6246575727856715E-005   3.6379913497295242E-005   4.6882080363285751E-005   5.7070980676335488E-005   6.6448693458452429E-005   7.4755068502981335E-005
   5.1128307594829414E-003   6.1114835895979878E-006   1.3686658301868250E-005   2.4044405737557632E-005   3.6705046300787587E-005   5.0875320100648736E-005   6.5560817106893421E-005   7.9807735185237494E-005   9.2919925851429739E-005   1.0453377115394076E-004
   5.5979819791232878E-003   8.5250069953956912E-006   1.9091543181635441E-005   3.3539091947427867E-005   5.1198239891028205E-005   7.0962236027980366E-005   9.1443942635125323E-005   1.1131309108926478E-004   1.2959895260260251E-004   1.4579465511211899E-004
   6.1291686959257363E-003   1.1858362534554617E-005   2.6556179811313531E-005   4.6651781936411953E-005   7.1213512411696256E-005   9.8701509687825666E-005   1.2718622461690006E-004   1.5481758406126259E-004   1.8024585897576087E-004   2.0276655516958460E-004
   6.7107591705751436E-003   1.6444908400881281E-005   3.6826955719731046E-005   6.4693302158050586E-005   9.8751132129064949E-005   1.3686441178585140E-004   1.7635724656457529E-004   2.1466456599100143E-004   2.4991552593151115E-004   2.8113408632217271E-004
   7.3475361634921530E-003   2.2729975230059887E-005   5.0900904486991608E-005   8.9414527404567482E-005   1.3648259602077454E-004   1.8915175259850623E-004   2.4372335091174532E-004   2.9665291814418877E-004   3.4535611816549226E-004   3.8848540998760299E-004
   8.0447362662841772E-003   3.1303587036138960E-005   7.0098911699285543E-005   1.2313481409037349E-004   1.8794636745777328E-004   2.6046468768915922E-004   3.3559595352923832E-004   4.0846028172376164E-004   4.7550102429351292E-004   5.3486484224071740E-004
   8.8080929653170624E-003   4.2940689020898251E-005   9.6155691754920710E-005   1.6889980061173020E-004   2.5778826911377104E-004   3.5723715120714207E-004   4.6025892411214722E-004   5.6016212775739094E-004   6.5207195082099718E-004   7.3345008341511376E-004
   9.6438837915444661E-003   5.8648419775866951E-005   1.3132548030476401E-004   2.3066667686078653E-004   3.5204355521809038E-004   4.8782567504329020E-004   6.2846941588040638E-004   7.6483965737956486E-004   8.9028483044777487E-004   1.0013445132083210E-003
   1.0558981944335792E-002   7.9719361028483300E-005   1.7850102696125492E-004   3.1351262184058472E-004   4.7845399661443653E-004   6.6294720649149404E-004   8.5401986144451384E-004   1.0392613706456961E-003   1.2096406763646434E-003   1.3604642423056760E-003
   1.1560912813835747E-002   1.0778997675184296E-004   2.4134408923061842E-004   4.2386317649032433E-004   6.4681492115866953E-004   8.9615774090512465E-004   1.1543516639505283E-003   1.4046265398185893E-003   1.6347874489451393E-003   1.8385040216920981E-003
   1.2657915866672035E-002   1.4489413158236719E-004   3.2440475092208415E-004   5.6970064449262292E-004   8.6929118122896630E-004   1.2042870400887559E-003   1.5511112377736371E-003   1.8872373196749299E-003   2.1962976241562049E-003   2.4698071586704271E-003
   1.3859012403933871E-002   1.9351044282863111E-004   4.3322673725713283E-004   7.6074748778315131E-004   1.1606942775727591E-003   1.6078185726070158E-003   2.0706343196033130E-003   2.5190823041853719E-003   2.9313414282750639E-003   3.2961169074002287E-003
   1.5174079748634946E-002   2.5658176196483582E-004   5.7439010886770015E-004   1.0085393180926201E-003   1.5385903482949630E-003   2.1310342605545618E-003   2.7441263529480466E-003   3.3380492805939227E-003   3.8839275988884377E-003   4.3668406961367909E-003
   1.6613932472747905E-002   3.3749501086686957E-004   7.5546499281597403E-004   1.3263413316359528E-003   2.0231688713612250E-003   2.8018273480112117E-003   3.6074151635082825E-003   4.3876175236421660E-003   5.1045385770584614E-003   5.7386336472151659E-003
   1.8190411331788243E-002   4.4000174979393964E-004   9.8483251981061246E-004   1.7288315371242241E-003   2.6367558124205420E-003   3.6510234735815782E-003   4.7000715740954744E-003   5.7157829703203839E-003   6.6488752370101158E-003   7.4739832005743844E-003
   1.9916480638308576E-002   5.6805867995085915E-004   1.2713266481171545E-003   2.2314701031422449E-003   3.4028494508961870E-003   4.7110433831100626E-003   6.0636863063725640E-003   7.3729621731913825E-003   8.5754190992866804E-003   9.6384700582318409E-003
   2.1806334875063296E-002   7.2559976882626486E-004   1.6237234481979396E-003   2.8496025413468494E-003   4.3447536917633764E-003   6.0140140078578019E-003   7.7394447002738726E-003   9.4090519547190884E-003   1.0942022894588671E-002   1.2296947453648453E-002
   2.3875515424585839E-002   9.1627788450889501E-004   2.0501632213497487E-003   3.5974480047507723E-003   5.4840421654176567E-003   7.5896547995228034E-003   9.7654249856021207E-003   1.1870168067522955E-002   1.3802143957095872E-002   1.5509335027415683E-002
   2.6141038375114913E-002   1.1432716840726312E-003   2.5577203650107984E-003   4.4873513922199931E-003   6.8394331442437929E-003   9.4637459619868868E-003   1.2174662787468170E-002   1.4796335517265507E-002   1.7202205500362316E-002   1.9327701011896081E-002
   2.8621534453892730E-002   1.4094009872951186E-003   3.1526656091492504E-003   5.5302557472298843E-003   8.4275346267450781E-003   1.1659199783005033E-002   1.4996584082605345E-002   1.8223295066776089E-002   2.1183766555096715E-002   2.3798769735621200E-002
   3.1337402238589059E-002   1.7178650279900192E-003   3.8421235714941309E-003   6.7386272128463010E-003   1.0267335743376026E-002   1.4202327852841800E-002   1.8265137658254167E-002   2.2192468977233464E-002   2.5795195341638551E-002   2.8977123673813998E-002
   3.4310975906798831E-002   2.0740613943589529E-003   4.6381479348164062E-003   8.1336220152930100E-003   1.2391164944678819E-002   1.7138058495523661E-002   2.2038444453308128E-002   2.6774927024313736E-002   3.1119622951481213E-002   3.4956701015625744E-002
   3.7566708903115982E-002   2.4873399559400622E-003   5.5616506325776331E-003   9.7519974296975485E-003   1.4855259431554479E-002   2.0544619687977706E-002   2.6417764940527243E-002   3.2094531311691939E-002   3.7301951158026973E-002   4.1901239853256750E-002
   4.1131375034185735E-002   2.9760218917486022E-003   6.6536284830390627E-003   1.1665813046440807E-002   1.7769810966700553E-002   2.4575149170037239E-002   3.1601082435036718E-002   3.8393126100278223E-002   4.4624717641882798E-002   5.0129594316401842E-002
   4.5034288645458394E-002   3.5774863105934511E-003   7.9977085273411769E-003   1.4021958122764282E-002   2.1359184260072918E-002   2.9540997327684389E-002   3.7990257140783031E-002   4.6160765098130357E-002   5.3659504040711306E-002   6.0285860193721258E-002
   4.9307545690287481E-002   4.3413962154271119E-003   9.7050168074403580E-003   1.7015678854652438E-002   2.5921718257828921E-002   3.5856341442097497E-002   4.6120089513844130E-002   5.6049861896162692E-002   6.5167503466379645E-002   7.3228019107369674E-002
   5.3986287673825017E-002   5.3216759237758905E-003   1.1896296131024081E-002   2.0859370382679765E-002   3.1782465049952954E-002   4.3973247356518641E-002   5.6575362981407903E-002   6.8775021127831848E-002   7.9983725530529667E-002   8.9898460882080630E-002
   5.9108990642279875E-002   6.5811441935646709E-003   1.4712331547336232E-002   2.5801028321698397E-002   3.9321617448960407E-002   5.4421463007476828E-002   7.0042612412958158E-002   8.5176581148163413E-002   9.9091482282681595E-002  0.11140822632574084     
   6.4717781594067936E-002   8.1159760395780149E-003   1.8145341436806021E-002   3.1829230270925553E-002   4.8526183699205395E-002   6.7189956805114942E-002   8.6516835275709303E-002  0.10525906929959354       0.12250708655669715       0.13778634784971777     
   7.0858784914888756E-002   9.8279411553915379E-003   2.1977137788895897E-002   3.8565192049396818E-002   5.8826412212811409E-002   8.1501962877773435E-002  0.10501383434690034       0.12784351500304728       0.14887754369995768       0.16752961695517365     
   7.7582501685667909E-002   1.1509640429044399E-002   2.5746244682928868E-002   4.5205426148342970E-002   6.9009097715603263E-002   9.5696167892897172E-002  0.12341889372991496       0.15038526668416410       0.17527048850146598       0.19736819607366166     
   8.4944224982638025E-002   1.2990205788391974E-002   2.9073278632947838E-002   5.1091684752363808E-002   7.8085085957768141E-002  0.10842568358369215       0.14002756284274601       0.17084466012824992       0.19934689268671127       0.22470454267723514     
   9.3004494584813954E-002   1.4332241276223193E-002   3.2100892923919294E-002   5.6481953334963114E-002   8.6463300189684608E-002  0.12028098541604278       0.15563109527321883       0.19021812175145958       0.22229943684889839       0.25091004314835524     
  0.10182959482819059        1.6006050452715401E-002   3.5883697571815774E-002   6.3235366277600707E-002   9.6995887833929914E-002  0.13523664438309962       0.17537621946511547       0.21479443859350902       0.25146934753197620       0.28425740951484679     
  0.11149209970080924        1.8746025331096094E-002   4.2069070535154886E-002   7.4256703124470511E-002  0.11413802892170281       0.15949538485171821       0.20728269075463204       0.25435458012900308       0.29825220236997446       0.33756463844905332     
  0.12207146966133181        2.2756628042501760E-002   5.1123970951096803E-002   9.0391286778879337E-002  0.13922425383507786       0.19496384720594703       0.25386466180019795       0.31200578959930769       0.36629836284527523       0.41495859242610239     
  0.13365470508911154        2.6873104884143770E-002   6.0457598167508786E-002  0.10713112385271309       0.16544919253187373       0.23231296490377956       0.30321641343257916       0.37337062922338810       0.43897614770251836       0.49782750120974600     
  0.14633706173946351        2.9458798656749451E-002   6.6423796151200185E-002  0.11811887177783496       0.18319465428123158       0.25833179776771320       0.33845398510738262       0.41804471047544350       0.49267932551458771       0.55976358469896659     
  0.16022283408774773        3.1478703353285398E-002   7.1197157232372160E-002  0.12721417547823310       0.19841525585526049       0.28133817642665215       0.37034212159176777       0.45915748081494007       0.54271031442998929       0.61799872132667844     
  0.17542621300415920        3.6051155115090272E-002   8.1789192746609313E-002  0.14680371861314742       0.23010131728019947       0.32768947363906770       0.43280304198372249       0.53789421609336430       0.63688368140381268       0.72618700990377216     
  0.19207222481239303        4.2663129223155648E-002   9.7098410995270390E-002  0.17505548557277639       0.27558656844160323       0.39380361436241734       0.52131414009797128       0.64885451354127022       0.76905083567045696       0.87758230535579484     
  0.21029775945461360        4.6648999908667117E-002  0.10670842488862264       0.19374050784299365       0.30715791625478306       0.44145587259675922       0.58693821335446361       0.73295496124846793       0.87104250847790787       0.99618089190282588     
  0.23025269621793309        5.0257303643050748E-002  0.11571015922259976       0.21190865440641327       0.33873099878209528       0.49001102369313354       0.65474180378689673       0.82089769817910563       0.97885106363487151        1.1227368552483110     
  0.25210113627991265        5.8057321521124881E-002  0.13446174501390462       0.24796752989312246       0.39857314534458760       0.57873654181804302       0.77540632761513961       0.97447440349713033        1.1645050367958700        1.3383312854920066     
  0.27602275220902728        6.3634366320575009E-002  0.14861578366749509       0.27672238032826030       0.44831147938102278       0.65486475235622998       0.88181663187918258        1.1132089799252234        1.3356671881909110        1.5406958162447986     
  0.30221426551783803        6.9664031068245341E-002  0.16428811433653928       0.30909290612896217       0.50484458013504729       0.74224965201588822        1.0053315059240469        1.2759181863079321        1.5382670165740273        1.7811482300414181     
  0.33089106441964966        7.8081980449461533E-002  0.18597782790023640       0.35320621365074650       0.58094713070868176       0.85926727073642684        1.1704511314153070        1.4933265734735031        1.8082025756930573        2.1017706263813043     
  0.36228897509242902        8.4851767492569674E-002  0.20465284738729686       0.39322257080838136       0.65289858299404513       0.97412205774335814        1.3377648169821428        1.7185898678413269        2.0934162009142603        2.4452994821258263     
  0.39666620101612027        9.4150532917497115E-002  0.22992389412151551       0.44647408326707316       0.74801679951812694        1.1259083281763795        1.5580447033152229        2.0150655292912560        2.4681387893728615        2.8961320054574244     
  0.43430544633167090       0.10290950171792435       0.25493722970100685       0.50118656625425928       0.84930399290309455        1.2920420271159432        1.8048309872353381        2.3522530031618940        2.8992283914862447        3.4194370372814338     
  0.47551624068340170       0.11300924477671966       0.28414094072131274       0.56589688146344297       0.97120470855997632        1.4942317578661897        2.1071997459137557        2.7674145397321053        3.4320336734657695        4.0682499430826367     
  0.52063748466325777       0.12400301320277950       0.31672458756941496       0.64002521538784496        1.1139598948178580        1.7349705924321899        2.4706673555869902        3.2698776440059705        4.0802315092287067        4.8608955042464981     
  0.57004023678963622       0.13573009958736929       0.35261491915433935       0.72465011769559606        1.2809010837566939        2.0206590159127438        2.9061785022254147        3.8759935006860675        4.8661293577627802        5.8259135438023835     
  0.62413076493974640       0.14860155804206113       0.39319639605573803       0.82322008967559901        1.4796383038554717        2.3644465422519025        3.4337158721336589        4.6134344775194940        5.8255599132963498        7.0074716311336607     
  0.68335388732923041       0.16263093280658572       0.43911145743273389       0.93861138259486776        1.7163950531040659        2.7779805413591516        4.0717590075521555        5.5085035153242057        6.9932948140876059        8.4491868901476455     
  0.74819663051388374       0.17797630349850724       0.49160522849146299        1.0745480133429706        1.9995818216753787        3.2763097597602160        4.8434554024174030        6.5934377108717825        8.4113274130324402        10.203248821866632     
  0.81919223449536838       0.19476800437964575       0.55174671406867970        1.2352644926783942        2.3387891402626422        3.8764246757208136        5.7746279308516577        7.9038608457254149        10.125807953609083        12.326914806774706     
  0.89692453786727211       0.21320377532014756       0.62131825229407678        1.4259575157505675        2.7454520508599001        4.5980422618433696        6.8945660378910620        9.4794991233144277        12.187647860616364        14.883004034303593     
  0.98203277906312625       0.23356807132036222       0.70228600468752711        1.6529267132353751        3.2329916954010014        5.4636012662470073        8.2357438250548451        11.363555112307148        14.651541345411195        17.938594608438269     
   1.0752168531898927       0.25622549489790847       0.79703138868377221        1.9236144427275239        3.8167450188575898        6.4978984287197452        9.8330333254430773        13.601455188816931        17.574262587160412        21.562910400978513     
   1.1772430676769294       0.28163560747959898       0.90840082855533333        2.2466688234173882        4.5138669816390147        7.7276317827476877        11.722785042055801        16.239463264240143        21.012853239096877        25.825125003379785     
   1.2889504440725368       0.31028085402790873        1.0397718367125828        2.6319964952695107        5.3431543963405099        9.1808086768043715        13.941774296908305        19.323223863824097        25.022838034683080        30.792295645120745     
   1.4112576178114535       0.34282744091460932        1.1951482663073096        3.0908203660519828        6.3248256629473705        10.886107936367408        16.526190421993935        22.896514868552391        29.656851829071542        36.527906196054893     
   1.5451703926941469       0.38004016961960191        1.3792744847448934        3.6357183756045255        7.4802424204722868        12.872231507605202        19.510780030605815        27.000401266107758        34.963938372444098        43.091336807323870     
   1.6917900122028373       0.42282269775869002        1.5976139265851697        4.2803593454357207        8.8311782134326648        15.166776694372302        22.927622669151653        31.672212807669098        40.988874548543848        50.537540170776346     
   1.8523222156741213       0.47226633512310534        1.8564442071501985        5.0394082561131048        10.399402181837266        17.795719640795706        26.805916510418044        36.945927153735866        47.773213596475941        58.918665877260317     
   2.0280871538024625       0.52967485084470067        2.1628615545808394        5.9282392231474379        12.206073678141971        20.782858356104224        31.171936690153952        42.852871142455840        55.356662214171365        68.285949090368547     
   2.2205302450155360       0.59659065639464526        2.5247506702868030        6.9625874599695505        14.271189313964303        24.149537873493038        36.049482648850748        49.422931211626718        63.778785470750108        78.691659940941122     
   2.4312340619997870       0.67484255883650146        2.9507697266875406        8.1582647625804157        16.613288700923647        27.914886413845920        41.460954527227109        56.686208732825868        73.080764593014464        90.190705785445203     
   2.6619313461261318       0.76656569190233403        3.4502263186929190        9.5307457222984677        19.249124963994497        32.096099097607258        47.428320755258937        64.674064767639379        83.305980665614953        102.84068524082008     
   2.9145192568009906       0.87424204608933775        4.0329749706256237        11.094890080676103        22.193667061500292        36.709163451412195        53.974279761522133        73.419817091477086        94.499934623719653        116.70136397500976     
   3.1910749729235515        1.0007123045659869        4.7092222060122255        12.864608148178432        25.460102408541836        41.769495437742151        61.122821562274169        82.958315372486240        106.70916756051206        131.83375923200470     
   3.4938727747491285        1.1492100261021967        5.4893880238874386        14.852734108955980        29.060183755820720        47.292837730019365        68.899549490778227        93.325249612103960        119.98074114571808        148.30072157571908     
   3.8254027466328799        1.3233674743190764        6.3839117313593032        17.070885902808026        33.004558705046492        53.295843317999328        77.331170411094234        104.55618896512978        134.36248254791482        166.16860862664842     
   4.1883912544574775        1.5272107655851526        7.4030659021027949        19.529399323324327        37.303190002544362        59.796377409793820        86.444564874906035        116.68637727017045        149.90440905786122        185.50920409697275     
   4.5858233661428098        1.7651501217109538        8.5568075393574698        22.237358509020009        41.965878709876151        66.813471579043934        96.265995449238375        129.75175176565929        166.66039124195402        206.40014177261523     
   5.0209673996144657        2.0419305083284676        9.8545852557613109        25.202562081909779        47.002628199696005        74.366627077980695        106.82075634845985        143.79028083662297        184.68818832917810        228.92263377012944     
   5.4974018001037450        2.3626157401712202        11.305290345881780        28.431741761650425        52.424233701724390        82.475210027831253        118.13428591582844        158.84314088845835        204.04813661992495        253.15772434588246     
   6.0190445678066622        2.7325258431013295        12.917139560790526        31.930669539998298        58.242474919251713        91.157670538822785        130.23350952959117        174.95394884589166        224.79971930312908        279.18023253986405     
   6.5901854779032725        3.1571640001091521        14.697574270004386        35.704315573595579        64.470023369763126        100.43138285358731        143.14765655638075        192.16651717560677        246.99680996996580        307.05484824342301     
   7.2155213579010242        3.6421585800289420        16.653227539249155        39.757154658236445        71.120118866102814        110.31352218402343        156.90791354347391        210.52153057326586        270.68547558436074        336.84356532005700     
   7.9001947124089602        4.1931958868428678        18.789886150774851        44.093500802673610        78.205905202643649        120.82238282990053        171.54573838682708        230.05326081243234        295.91038974708960        368.61810521033044     
   8.6498360129766851        4.8159463716857402        21.112447529438334        48.717855961711891        85.739699604675920        131.97821269532946        187.09007643719687        250.79171070265190        322.72375758273006        402.45566132356856     
   9.4706100007722398        5.5159960596268478        23.624896661186849        53.635268490703758        93.732697296469709        143.80291023028389        203.56449949286846        272.77113373022041        351.18128319465819        438.42129644304504     
   10.369266382873457        6.2987796215688556        26.330294310467540        58.851603353791688        102.19546021129268        156.31857031430829        220.98862634496450        296.03195940354334        381.32864115310446        476.56294000884242     
   11.353195339077612        7.1695526248487464        29.230867031719566        64.373757467239145        111.13927020660404        169.54537550037222        239.38581644356202        320.61120930657984        413.19972489333571        516.93753448686618     
   12.430488295695186        8.1332758320073584        32.327910693792894        70.209258005004898        120.57694511882794        183.49899674157706        258.78533964490481        346.53421946429233        446.83609273818377        559.61139751074290     
   13.610004466105526        9.1946295125290494        35.622021755238883        76.366039770984045        130.52335075017615        198.19229581177726        279.21435912626453        373.82625404110621        482.28560043831885        604.62973637289531     
   14.901443705277449        10.357917783301049        39.113107581357077        82.851650927355706        140.99425811084146        213.64084638139965        300.69004255965802        402.52186563485719        519.57896627539503        652.03828470893757     
   16.315426277379739        11.626987921009185        42.800475227581295        89.672661380212602        152.00442042102753        229.86482830081800        323.22864727261248        432.64727861915077        558.74827626971410        701.88958790091544     
   17.863580192457370        13.005311504114193        46.683316307247530        96.835107140819474        163.56556707392966        246.88373084955990        346.85653716492828        464.22509387519278        599.83446622720396        754.22163163954281     
   19.558636830395095        14.495861897841190        50.760776365399238        104.34493029259352        175.68508046858148        264.71059060065835        371.59174348768045        497.28711610187810        642.86938447775935        809.09184070218441     
   21.414535638539547        16.101095810103448        55.032282609888782        112.20924683622999        188.37106624716878        283.35632016957408        397.44636128068657        531.84631240751810        687.88172592809360        866.52370054742789     
   23.446538763970572        17.822960348529474        59.497942322273659        120.43707059691177        201.63771616559231        302.83564551037961        424.45039645128685        567.92764053985377        734.88987731623104        926.55528285583648     
   25.671356563109935        19.662901297914626        64.158917122557554        129.03853758052776        215.49985502111960        323.16206691876556        452.61774713809143        605.56682490076150        783.93819856802406        989.23497996501180     
   28.107285020807289        21.621756804366715        69.017337397603114        138.02353188463672        229.96526916812635        344.35115139828446        481.95177090454956        644.78749374093059        835.07124283816768        1054.6177156864105     
   30.774356208980628        23.699910114485359        74.076398229666410        147.40166565702322        245.04065141016395        366.42102176334595        512.46947091931133        685.58309429390636        888.30045823416197        1122.7306522629576     
   33.694503022121602        25.897235413758164        79.340022595905268        157.17930385285081        260.73973789231673        389.36829887458089        544.21578346416584        727.96649095723524        943.60179327614946        1193.5349418749527     
   36.891739544382439        28.212987896572596        84.812541956853650        167.35751744065826        277.06987688215315        413.19607073939017        577.20526567947559        772.02212709913942        1001.0517003311498        1267.1341720313294     
   40.392358531509046        30.645747119076315        90.497995276329988        177.94053713245268        294.02630585260027        437.94699667317207        611.39548298660986        817.78764450978838        1060.7979637272344        1343.7230282328030     
   44.225147631630513        33.193340998940599        96.399699319721265        188.94431706102100        311.62976422010871        463.64583953078062        646.80508395477284        865.12141012393363        1122.6805700233340        1423.0455239509688     
   48.421626123015102        35.853005584664565        102.52145343808982        200.38381854930768        329.91074339921943        490.24083061303713        683.57996338590681        914.10521289349299        1186.5911312743031        1505.0489709570663     
   53.016304115627769        38.621794678693419        108.86759164524541        212.25681507577573        348.84789357654159        517.72741961727002        721.67523050757097        965.04281225204147        1253.0850702580149        1590.4744999416685     
   58.046966348054411        41.496725926394035        115.44118021769600        224.55832379731214        368.42173679178455        546.25648010419638        760.86321893918978        1017.6357220192199        1321.9243557938817        1678.7577458788223     
   63.554982913623071        44.474295980767337        122.24637137164240        237.31189708815742        388.70732357701803        575.81550881423800        801.49595401294187        1071.6401607341245        1392.4762491133254        1769.3560477241972     
   69.585649471004459        47.550113976127385        129.29243152232502        250.53313210280126        409.75092543651425        606.16271363296812        843.71434198370332        1127.9664529717159        1465.9552127415714        1864.0326996267984     
   76.188559737046049        50.719733649073724        136.59245046374102        264.18106645314953        431.39932064380326        637.58313699368500        886.93385180993982        1186.1111733015150        1542.1228017007825        1961.6337081061008     
   83.418013325063441        53.979756421942952        144.14962031035421        278.25735831188530        453.68558913225974        670.24054197037151        931.49317016840394        1245.3676438568111        1619.5835681789863        2061.1878482470142     
   91.333462282486295        57.327160079989916        151.94874366606516        292.85936028380820        476.86560645199171        703.60670025724062        978.08136884805333        1307.3155589049488        1700.4247920238383        2165.6913972155057     
   100.00000000000004        60.758010378420806        160.00019858377047        307.94481292138624        500.71275601196356        737.89281253633362        1025.4148499398630        1371.2318022108989        1784.2805521354701        2272.8577917507901     
