   1.0000000000000002E-003   4.7934015288308534E-008   1.0617799352662409E-007   1.8335106552423201E-007   2.7402592705637583E-007   3.7171622578606168E-007   4.7026352079870499E-007   5.6491030659248683E-007   6.5266293249022595E-007   7.3208862740156464E-007
   1.0948889651276870E-003   6.6816954580156662E-008   1.4800536701095136E-007   2.5557974648605995E-007   3.8197477268938675E-007   5.1814887273898881E-007   6.5551756067922913E-007   7.8744916936634665E-007   9.0977073791332842E-007   1.0204850760710566E-006
   1.1987818459583783E-003   9.3094824638551905E-008   2.0621318091238348E-007   3.5609464906152835E-007   5.3219860023881275E-007   7.2192755786010429E-007   9.1332089471986153E-007   1.0971388172362442E-006   1.2675672109319497E-006   1.4218234296304164E-006
   1.3125330147352270E-003   1.2964058037409816E-007   2.8716530103129432E-007   4.9588509368879292E-007   7.4112143548757771E-007   1.0053314883124902E-006   1.2718592653653814E-006   1.5278377295710450E-006   1.7651703401782035E-006   1.9799820855507029E-006
   1.4370779141993756E-003   1.8042516344162107E-007   3.9965774401340841E-007   6.9014032167192467E-007   1.0314442789147057E-006   1.3991545973042286E-006   1.7700905139505916E-006   2.1263444960935793E-006   2.4566482992323630E-006   2.7556089457482105E-006
   1.5734407502856105E-003   2.5094191129131141E-007   5.5585879000988769E-007   9.5987291831830326E-007   1.4345713904005168E-006   1.9459968048262590E-006   2.4619083978745115E-006   2.9573996429943172E-006   3.4167982266769515E-006   3.8326034107876168E-006
   1.7227429147699432E-003   3.4876257883936194E-007   7.7254063490266060E-007   1.3340456815981542E-006   1.9937890009926284E-006   2.7045759484167333E-006   3.4215976677899612E-006   4.1102385898593845E-006   4.7487170677668140E-006   5.3266084934004926E-006
   1.8862122071335180E-003   4.8432165799953346E-007   1.0728167520567801E-006   1.8525717752109521E-006   2.7687491953524344E-006   3.7558101815308250E-006   4.7515289799729058E-006   5.7078352151577304E-006   6.5944809439698368E-006   7.3969897028067258E-006
   2.0651929314796274E-003   6.7196057954734986E-007   1.4884549320154817E-006   2.5703089964553130E-006   3.8414395570202208E-006   5.2109158135851863E-006   6.5924035558208004E-006   7.9192082969909785E-006   9.1493631149355943E-006   1.0262783062628359E-005
   2.2611569515367451E-003   9.3136926842427033E-007   2.0630705202300944E-006   3.5625740236899065E-006   5.3244245127543999E-006   7.2225867140687655E-006   9.1373963387887241E-006   1.0976410997639633E-005   1.2681462322469437E-005   1.4224711769316868E-005
   2.4757157946593421E-003   1.2894824356337835E-006   2.8563269767104414E-006   4.9323961820599499E-006   7.3716864997342043E-006   9.9997003785106910E-006   1.2650760718502546E-005   1.5196879723873199E-005   1.7557522814066804E-005   1.9694147746911529E-005
   2.7106339043648361E-003   1.7831109874979530E-006   3.9497648497155571E-006   6.8205832743639130E-006   1.0193669942761166E-005   1.3827725099764264E-005   1.7493645683211670E-005   2.1014446754064070E-005   2.4278763563423390E-005   2.7233299966255263E-005
   2.9678431503900389E-003   2.4624051932506837E-006   5.4544732696375951E-006   9.4189692451234348E-006   1.4077080705676973E-005   1.9095577913453694E-005   2.4158073712370461E-005   2.9020155598049795E-005   3.3528032275838023E-005   3.7608104832779220E-005
   3.2494587155918438E-003   3.3954621671230587E-006   7.5212963618668232E-006   1.2988039399091206E-005   1.9411228115529102E-005   2.6331357470497646E-005   3.3312146045279218E-005   4.0016562556038019E-005   4.6232539290154092E-005   5.1858590899683591E-005
   3.5577964903394962E-003   4.6744512058554506E-006   1.0354402097757777E-005   1.7880362262123001E-005   2.6723045449942056E-005   3.6249849074536738E-005   4.5860140308076834E-005   5.5089926425593304E-005   6.3647256167716538E-005   7.1392420296687316E-005
   3.8953921174427275E-003   6.4237679665656972E-006   1.4229345605721539E-005   2.4571783052687036E-005   3.6723710745042140E-005   4.9815765185421329E-005   6.3022513883787744E-005   7.5706307580119790E-005   8.7465933844672777E-005   9.8109406031675992E-005
   4.2650218442334201E-003   8.8106310836992877E-006   1.9516543324116723E-005   3.3701961441695024E-005   5.0369233391391464E-005   6.8325929763732416E-005   8.6439870843346494E-005   1.0383644888441834E-004   1.1996536679265134E-004   1.3456331271218683E-004
   4.6697253532797080E-003   1.2058774395564760E-005   2.6711605171261494E-005   4.6126752990986978E-005   6.8938742050922292E-005   9.3515472984146168E-005   1.1830730014957459E-004   1.4211713223872955E-004   1.6419178709941960E-004   1.8417089950456810E-004
   5.1128307594829414E-003   1.6466244230813123E-005   3.6474761285616412E-005   6.2986296961539055E-005   9.4136246898223025E-005   1.2769586604533233E-004   1.6154898705649128E-004   1.9406089937599216E-004   2.2420311517325488E-004   2.5148359178865865E-004
   5.5979819791232878E-003   2.2427919947122759E-005   4.9680753490598663E-005   8.5791177318072462E-005   1.2821941344333664E-004   1.7392959193538886E-004   2.2003915884764161E-004   2.6432140740061604E-004   3.0537545223411797E-004   3.4253116900567017E-004
   6.1291686959257363E-003   3.0464053847549512E-005   6.7482063739328067E-005   1.1653161799511571E-004   1.7416276210887392E-004   2.3625150511529466E-004   2.9888207240367099E-004   3.5902966610741800E-004   4.1479140509383442E-004   4.6525716922926743E-004
   6.7107591705751436E-003   4.1255444881374101E-005   9.1386842330965539E-005   1.5781206741289131E-004   2.3585881228697822E-004   3.1994164570174562E-004   4.0475705464596072E-004   4.8620834787305476E-004   5.6171850947542507E-004   6.3005523185619529E-004
   7.3475361634921530E-003   5.5686559497030522E-005   1.2335444785964707E-004   2.1301620308604888E-004   3.1836468768794182E-004   4.3185969165154874E-004   5.4634144897095925E-004   6.5627956003058263E-004   7.5819546353150639E-004   8.5042616146170538E-004
   8.0447362662841772E-003   7.4896001604055087E-005   1.6590727818368802E-004   2.8650007901922679E-004   4.2819077563550613E-004   5.8083640526997485E-004   7.3480554382048793E-004   8.8265888273689793E-004   1.0197177456549255E-003   1.1437461265289568E-003
   8.8080929653170624E-003   1.0033647030502375E-004   2.2226363570498694E-004   3.8382161138724303E-004   5.7364368165687795E-004   7.7813864332811728E-004   9.8440036494746252E-004   1.1824606249010335E-003   1.3660512653844747E-003   1.5321779100410399E-003
   9.6438837915444661E-003   1.3383839817290949E-004   2.9647877190329419E-004   5.1198421047762832E-004   7.6519030086097666E-004   1.0379628684580406E-003   1.3130811991321075E-003   1.5772454662614215E-003   1.8220942492204355E-003   2.0436353710203063E-003
   1.0558981944335792E-002   1.7767796563038452E-004   3.9359567618712458E-004   6.7969729778219489E-004   1.0158471280996687E-003   1.3779627354301202E-003   1.7431737974409741E-003   2.0938186228503255E-003   2.4187964491035902E-003   2.7128109113917181E-003
   1.1560912813835747E-002   2.3463837167218214E-004   5.1978106567763605E-004   8.9761150028549715E-004   1.3415319810536998E-003   1.8197258164044593E-003   2.3019760550060412E-003   2.7649499162108230E-003   3.1939871177714247E-003   3.5820992440335629E-003
   1.2657915866672035E-002   3.0805743250385622E-004   6.8243086569499912E-004   1.1785005254595843E-003   1.7613347009036650E-003   2.3891380962155410E-003   3.0222142429398246E-003   3.6299145679062348E-003   4.1929904368674881E-003   4.7022767504152291E-003
   1.3859012403933871E-002   4.0183989264414445E-004   8.9019806755020450E-004   1.5373100672138762E-003   2.2975906946263737E-003   3.1164827806316573E-003   3.9421646448339854E-003   4.7346330309548561E-003   5.4687779750994788E-003   6.1326611341214633E-003
   1.5174079748634946E-002   5.2041364162384700E-004   1.1528960160461102E-003   1.9909906540604089E-003   2.9756294878493053E-003   4.0360944921307750E-003   5.1052069497937586E-003   6.1311205350519146E-003   7.0813144347574080E-003   7.9403560194843160E-003
   1.6613932472747905E-002   6.6860957325141424E-004   1.4812326707239129E-003   2.5580385953946710E-003   3.8230864444926994E-003   5.1854191452923425E-003   6.5586223304515585E-003   7.8760240944718268E-003   9.0958424133431009E-003   1.0198297752672121E-002
   1.8190411331788243E-002   8.5142688640260709E-004   1.8862910448329260E-003   3.2575981604584755E-003   4.8685573260343782E-003   6.6031793097035742E-003   8.3512546662865474E-003   1.0027786636033200E-002   1.1579572322764286E-002   1.2981503806955194E-002
   1.9916480638308576E-002   1.0736977730348982E-003   2.3787870150511095E-003   4.1081795529023237E-003   6.1396784939277077E-003   8.3267592961127623E-003   1.0530182099861415E-002   1.2642618593485295E-002   1.4596990302682602E-002   1.6361766916941047E-002
   2.1806334875063296E-002   1.3396419141848996E-003   2.9680845502222152E-003   5.1259612429455335E-003   7.6605913402312429E-003   1.0388762451891784E-002   1.3136350799962410E-002   1.5769234368567444E-002   1.8203752951181530E-002   2.0400780200878200E-002
   2.3875515424585839E-002   1.6524461590172071E-003   3.6612705388262916E-003   6.3232039569125174E-003   9.4495891746249616E-003   1.2813839320310027E-002   1.6200582820103181E-002   1.9444077502083622E-002   2.2441193199226796E-002   2.5144000207544641E-002
   2.6141038375114913E-002   2.0140363740890413E-003   4.4626621920488890E-003   7.7074277404851534E-003   1.1517933868021088E-002   1.5617147638243225E-002   1.9741710246179704E-002   2.3689178143972225E-002   2.7333959519380863E-002   3.0618127332536826E-002
   2.8621534453892730E-002   2.4253776906937824E-003   5.3744936838677386E-003   9.2826458928168508E-003   1.3871784407026697E-002   1.8807092773857965E-002   2.3770207162623049E-002   2.8516720482676672E-002   3.2895532740211390E-002   3.6837561890641482E-002
   3.1337402238589059E-002   2.8878463962994901E-003   6.3999833009837810E-003   1.1054724720158267E-002   1.6520319361771920E-002   2.2396514225553013E-002   2.8302570306584670E-002   3.3946605826208523E-002   3.9148857957464998E-002   4.3827926313374892E-002
   3.4310975906798831E-002   3.4061157975945077E-003   7.5497535562305072E-003   1.3042529174705508E-002   1.9492497257000283E-002   2.6425574677361313E-002   3.3390487311565527E-002   4.0041761497013439E-002   4.6167459085954841E-002   5.1672537008418569E-002
   3.7566708903115982E-002   3.9906230396005498E-003   8.8473292389106371E-003   1.5287487668972990E-002   2.2851473727247818E-002   3.0981500343009626E-002   3.9146062094859047E-002   4.6938757426605755E-002   5.4111165222873084E-002   6.0552839335767154E-002
   4.1131375034185735E-002   4.6647928669378618E-003   1.0345106937495161E-002   1.7881070373244969E-002   2.6735467272720203E-002   3.6253686018845759E-002   4.5811072541725555E-002   5.4930427099537750E-002   6.3320873353441803E-002   7.0853897468672669E-002
   4.5034288645458394E-002   5.4785221627944832E-003   1.2153987699142863E-002   2.1015344788183735E-002   3.1432136201827852E-002   4.2632724564809939E-002   5.3879707129431562E-002   6.4610156704312707E-002   7.4481625308057353E-002   8.3343370093674707E-002
   4.9307545690287481E-002   6.4950669659125009E-003   1.4414246076712987E-002   2.4932457131667422E-002   3.7302717165393608E-002   5.0607016334112222E-002   6.3967149843380575E-002   7.6713213264814631E-002   8.8438231032076833E-002   9.8963411249493469E-002
   5.3986287673825017E-002   7.7772562141847261E-003   1.7264893363631913E-002   2.9871537405416100E-002   4.4702484470249354E-002   6.0654770483259075E-002   7.6672837891321163E-002   9.1952145161590726E-002  0.10600444759557083       0.11861576643173535     
   5.9108990642279875E-002   9.3936198192074941E-003   2.0856634218419306E-002   3.6089686765571158E-002   5.4009825367155845E-002   7.3280097349795736E-002   9.2621452853637834E-002  0.11106003727413925       0.12800620069571061       0.14320353327164356     
   6.4717781594067936E-002   1.1312140671395920E-002   2.5119099481007937E-002   4.3466845083945799E-002   6.5049109179698500E-002   8.8250888626122515E-002  0.11152551723551563       0.13369531748367103       0.15404980541878893       0.17228447225141064     
   7.0858784914888756E-002   1.3375948901002948E-002   2.9710399451787599E-002   5.1427497482639882E-002   7.6990015220512881E-002  0.10448514770970824       0.13206838478430644       0.15833043003880024       0.18242436543948598       0.20399322068964723     
   7.7582501685667909E-002   1.5299497927545565E-002   3.4014195749686005E-002   5.8949315495871492E-002   8.8383572220122747E-002  0.12012914190119896       0.15203565725739993       0.18244507159788451       0.21036192479700103       0.23536888449212526     
   8.4944224982638025E-002   1.6873637161386436E-002   3.7591489607297891E-002   6.5335783042921258E-002   9.8296818213841258E-002  0.13405781123714033       0.17015994585560307       0.20468155104979807       0.23646322824543081       0.26500941655036792     
   9.3004494584813954E-002   1.8202674677526263E-002   4.0692436406975112E-002   7.1064751711462149E-002  0.10750968630594926       0.14739045727890748       0.18790928698388665       0.22685474464383132       0.26287821355322649       0.29537795060794036     
  0.10182959482819059        1.9875108671737848E-002   4.4608600500351619E-002   7.8331677080960976E-002  0.11920874755810500       0.16427368712162518       0.21030216434609547       0.25474968793148206       0.29604891242879972       0.33346897567326900     
  0.11149209970080924        2.2722735355347731E-002   5.1127155210817163E-002   9.0078916404835840E-002  0.13749846093818813       0.18984212365127734       0.24333419847619980       0.29505585693006059       0.34320774981160990       0.38693253155062363     
  0.12207146966133181        2.6874800512660023E-002   6.0503243674752329E-002  0.10665678971848258       0.16271862418753216       0.22433897625318999       0.28712356131089262       0.34776404301599823       0.40422628069702576       0.45553559016763395     
  0.13365470508911154        3.0930422197427622E-002   6.9779245288950617E-002  0.12326803257484667       0.18822404779922219       0.25954501812789516       0.33226600804875622       0.40265010604525681       0.46835508009284949       0.52822284021962695     
  0.14633706173946351        3.3161221304060177E-002   7.5436275464792479E-002  0.13448647177375217       0.20698371856587616       0.28738907198622771       0.37020091053704240       0.45108311762445041       0.52716997711224411       0.59693752334346661     
  0.16022283408774773        3.4738920389712297E-002   8.0045194302907519E-002  0.14460577179873091       0.22515510082417053       0.31583041691551017       0.41046119619651522       0.50388740640405261       0.59252132821940562       0.67433473930383980     
  0.17542621300415920        3.8808731018094254E-002   9.0035945659716510E-002  0.16347263174051846       0.25550144022666599       0.35971079561216518       0.46913191465465126       0.57775785788400114       0.68130978922177610       0.77729662164401303     
  0.19207222481239303        4.4608897584844633E-002  0.10371754085327432       0.18820179271967563       0.29396216700249933       0.41399956868863508       0.54052863927061467       0.66669456231479018       0.78750939091977756       0.89998360624276663     
  0.21029775945461360        4.7729253817781161E-002  0.11244978842108982       0.20633093388463683       0.32566049699553690       0.46300171668141993       0.60941931781690029       0.75672453105879234       0.89878197280419958        1.0317898210016672     
  0.23025269621793309        5.0456811276237953E-002  0.12094575873809540       0.22522327796700620       0.36030285359141556       0.51817977613653177       0.68844698826211803       0.86124388185609302        1.0290141985859951        1.1869551403991054     
  0.25210113627991265        5.6564618284481477E-002  0.13620594728361976       0.25435400950201092       0.40853529419011925       0.59029115608343441       0.78798180460556377       0.99018612785508497        1.1878747992495480        1.3751095663546673     
  0.27602275220902728        6.0643883807577542E-002  0.14827861897620503       0.28062446796386337       0.45637342529720948       0.66647594214515382       0.89750449835533030        1.1358496100213109        1.3704988124182205        1.5940313525267158     
  0.30221426551783803        6.4955549888946293E-002  0.16149278626291452       0.31016185687158754       0.51114677990344159       0.75479857993542476        1.0256406413935080        1.3074761884526536        1.5868965057510567        1.8546541279778832     
  0.33089106441964966        7.0750384888055226E-002  0.17793599894123363       0.34551846140354381       0.57571387602508006       0.85865552660151168        1.1767558769330624        1.5108083451163967        1.8444700937261311        2.1661944052360598     
  0.36228897509242902        7.5296373132886160E-002  0.19338973344675098       0.38250062571336335       0.64738745803580033       0.97774612854866383        1.3532795480083450        1.7510732407580114        2.1512062511498375        2.5393229380253208     
  0.39666620101612027        8.1204683775332451E-002  0.21201551696222515       0.42590376238779787       0.73123086800601966        1.1177896810189583        1.5623013064844211        2.0373797927467066        2.5186756573814892        2.9883218035758219     
  0.43430544633167090        8.6662539573718209E-002  0.23140685912372200       0.47409082930793900       0.82756903721995312        1.2818174375419420        1.8099940103008680        2.3793108377494021        2.9600292016567620        3.5299848117711594     
  0.47551624068340170        9.2675508487984185E-002  0.25316488640709850       0.52926092249008683       0.93979019210438008        1.4753479387817909        2.1048933477663643        2.7890584408481214        3.4915045280204562        4.1848032188728501     
  0.52063748466325777        9.8985160650884960E-002  0.27723060522993670       0.59235930153360850        1.0708939195285800        1.7044669582854042        2.4570126850723448        3.2811552040582157        4.1325217025680185        4.9772957306956336     
  0.57004023678963622       0.10554923360624778       0.30393175766495784       0.66489137912946794        1.2247322147833315        1.9766007061454194        2.8783565798265012        3.8728725368398482        4.9060433059257109        5.9363736594335990     
  0.62413076493974640       0.11252650472546287       0.33385101162471487       0.74877779821872292        1.4060056113234740        2.3006905107218540        3.3832304367977759        4.5846121833682867        5.8390138428328209        7.0958172278734715     
  0.68335388732923041       0.11993478420942449       0.36752200023439324       0.84623953745913150        1.6203035931499961        2.6873084264796820        3.9883634462942350        5.4399878152339491        6.9623735870145982        8.4942187968477665     
  0.74819663051388374       0.12783904232450718       0.40562627195256939       0.95997392542279436        1.8743025640740563        3.1488765953508318        4.7130976019353650        6.4659250449647097        8.3110324535937732        10.174821984946668     
  0.81919223449536838       0.13630470351785004       0.44897675280211025        1.0932126582400730        2.1758887481139224        3.6997793355663773        5.5793865609177793        7.6924636521032328        9.9234299894723215        12.184830038264105     
  0.89692453786727211       0.14541699456558158       0.49855374619347537        1.2498119637098177        2.5342833884517644        4.3564154752719100        6.6116434726584190        9.1523042579569331        11.840733200074380        14.574246256535586     
  0.98203277906312625       0.15527967946129753       0.55553187126861536        1.4343399427213723        2.9601291383327690        5.1371277853978530        7.8363569579934316        10.880013832086570        14.105593213935686        17.394179798717900     
   1.0752168531898927       0.16601506586946688       0.62131486966329053        1.6521630282710500        3.4655229119947109        6.0619834091600762        9.2814564888428617        12.910900078759049        16.760514800274006        20.694721429698134     
   1.1772430676769294       0.17776861148800066       0.69757624928796891        1.9095228322621949        4.0639718034427741        7.1523802489243069        10.975430921218905        15.279615509979708        19.845974221927190        24.522607001871478     
   1.2889504440725368       0.19071415179779777       0.78630130074280635        2.2135885885643565        4.7702426734569885        8.4304635410373994        12.946239109328534        18.018615004033332        23.398509826620494        28.919000567943911     
   1.4112576178114535       0.20505925982716680       0.88983075838147896        2.5724753499632360        5.6000942143573429        9.9183845215915554        15.220132253920857        21.156696550881946        27.449131611033643        33.917862540385286     
   1.5451703926941469       0.22105135780721782        1.0109050695190971        2.9952165327568872        6.5698930092331276        11.637471243126386        17.820561688776586        24.717904621715139        32.022425190085599        39.545370318733653     
   1.6917900122028373       0.23898467754511771        1.1527049381568466        3.4916765963016192        7.6961284374532912        13.607410934313908        20.767363407890755        28.721048957130243        37.136633781691877        45.820693574560273     
   1.8523222156741213       0.25920836690492516        1.3188841434185450        4.0723970280960584        8.9948705766427572        15.845575982348013        24.076400156702540        33.179999887166396        42.804810485930041        52.758127940547070     
   2.0280871538024625       0.28213587231611187        1.5135908996224725        4.7483793050549110        10.481242448458907        18.366627162176979        27.759762104876412        38.104734675433605        49.036837435725111        60.370184103130498     
   2.2205302450155360       0.30825522326876298        1.7414706981610448        5.5308134556044379        12.168980665988066        21.182465614525494        31.826459843819737        43.502849139724312        55.841780892850217        68.670839988493611     
   2.4312340619997870       0.33818217949661789        2.0077958693721119        6.4311007292819458        14.070687854431505        24.303261317426763        36.284319978839804        49.382189201305273        63.231183244749097        77.679475108959991     
   2.6619313461261318       0.37248943463048639        2.3177680976816970        7.4591574421824980        16.195464450441083        27.734771689092739        41.136867242195528        55.747162039709657        71.214814141767519        87.416065010988220     
   2.9145192568009906       0.41201416723823098        2.6774892254886589        8.6254215884382646        18.552728121536489        31.484044166998757        46.390413247676321        62.606891948600243        79.809707653600583        97.910788356068892     
   3.1910749729235515       0.45765972578998992        3.0931227993358537        9.9390912848514397        21.149836367071522        35.556124457181163        52.049509598821089        69.969513623601614        89.033350252630100        109.19582802022060     
   3.4938727747491285       0.51046261274985216        3.5709721527375797        11.408472072299586        23.993027802713353        39.955086019174367        58.117839209181817        77.843089281258386        98.904423669006690        121.30532469616203     
   3.8254027466328799       0.57160051663860212        4.1173524741523488        13.040979784869261        27.087555855652937        44.683764742661999        64.597661553651420        86.235016193933276        109.44171081883748        134.27306503979028     
   4.1883912544574775       0.64240913003174027        4.7385154315004998        14.843289942721405        30.437806063883478        49.743495577094286        71.489554447137110        95.151857964215367        120.66319208895882        148.13032441409177     
   4.5858233661428098       0.72437414770986674        5.4405104723686826        16.821314363424506        34.046965933541060        55.133421790148795        78.791891993989992        104.59870908307305        132.58429412176665        162.90321716895960     
   5.0209673996144657       0.81913046664723754        6.2291169974147094        18.980230136781234        37.916726296860098        60.850092485413533        86.500820353769768        114.57876983200715        145.21634803221301        178.61141680882841     
   5.4974018001037450       0.92845727434597058        7.1098075764309554        21.324447269571447        42.046942065808395        66.887234098976819        94.610420237904293        125.09269817615420        158.56540932441396        195.26877510875610     
   6.0190445678066622        1.0542764029541400        8.0877651514370061        23.857571182096759        46.435403977202505        73.235845649509159        103.11306208559876        136.13794495009802        172.63238722805809        212.88620298290448     
   6.5901854779032725        1.1986251195094166        9.1678223949620499        26.582134021452344        51.077398419519177        79.884134759529857        111.99920905669769        147.70773242093892        187.41424808873330        231.47470902611630     
   7.2155213579010242        1.3636377601083527        10.354445264816238        29.499397856705031        55.965511285872132        86.817839029090251        121.25724991950781        159.79105867156898        202.90678244440500        251.04732225669028     
   7.9001947124089602        1.5515278085583939        11.651711416107778        32.609171948050495        61.089561495491431        94.020710469285348        130.87318311321923        172.37395747776151        219.10713797820142        271.61780770250169     
   8.6498360129766851        1.7645769725267093        13.063298103955690        35.909700684314878        66.436723390455256        101.47514826796829        140.83048821852617        185.44195696442526        236.01452976287626        293.19583087991407     
   9.4706100007722398        2.0050900064029769        14.592309839015218        39.397311845394526        71.991365733050387        109.16225641455735        151.10986760531458        198.98181733165012        253.62735119728256        315.77883998234142     
   10.369266382873457        2.2753871521135758        16.241237616323566        43.066392723733557        77.735433230943315        117.06229148513465        161.69049697427366        212.98259306318855        271.93842041612317        339.34913562515567     
   11.353195339077612        2.5778145208901067        18.011971545148576        46.909521943702941        83.649087560900725        125.15508994326824        172.55225776807740        227.43469533341482        290.93027888170826        363.88630208012518     
   12.430488295695186        2.9146631104644625        19.905451264355630        50.916982503370832        89.710489069304515        133.41913870549928        183.67654001731773        242.32523145985419        310.57646545812372        389.38451351863881     
   13.610004466105526        3.2882203419824263        21.921840878242058        55.077294991036837        95.897064483941833        141.83253862390234        195.04800951525860        257.63470162891190        330.85708421221659        415.84949580836286     
   14.901443705277449        3.7007068819510547        24.060272887159890        59.376978582350816        102.18563849264844        150.37296519815649        206.65316965985784        273.33721621711027        351.76725844849233        443.26463501707593     
   16.315426277379739        4.1542382696104196        26.318720213601448        63.800586487091437        108.55285230875037        159.01855672708433        218.47741763854268        289.40958274888061        373.29840053102788        471.58220406765577     
   17.863580192457370        4.6508577813364429        28.694160973287794        68.331282848747819        114.97623601186119        167.74998159625014        230.50283980040473        305.84327504809585        395.41942803590877        500.76762852377919     
   19.558636830395095        5.1924850503041258        31.182454363603600        72.950881902100647        121.43431172709118        176.55132225634139        242.70717485408025        322.62959062088441        418.08581759707255        530.81162338631577     
   21.414535638539547        5.7808580116199595        33.778231785906875        77.639940313508646        127.90648461093984        185.40960999005543        255.07197710002580        339.74676700723023        441.28322570269091        561.65748886865583     
   23.446538763970572        6.4175279356966453        36.475014045736536        82.378175056572957        134.37329331145864        194.31395992533550        267.58703874370093        357.15296433962158        464.98361557529904        593.25854499491777     
   25.671356563109935        7.1038371028294192        39.265292050880269        87.144929421827797        140.81652121485928        203.25340345376685        280.25033011025732        374.84200662149573        489.14242491920334        625.56431810794788     
   28.107285020807289        7.8408301946663581        42.140404209670955        91.919032388170521        147.21887709654467        212.21340126090158        293.03906003072603        392.78020853178555        513.71142959047188        658.53710514035026     
   30.774356208980628        8.6293084378120444        45.090898932102384        96.680046438926027        153.56600563144531        221.18155193998129        305.93861174592001        410.96282694456983        538.68420000586650        692.07025506331172     
   33.694503022121602        9.4697164701569267        48.106373260386093        101.40736569504452        159.84493955368868        230.14700972986296        318.91751365869874        429.30118177922242        563.94955959935419        726.19030349116554     
   36.891739544382439        10.362161017608123        51.175727034676221        106.08223929184393        166.04859502622969        239.11332007948872        332.00034001489979        447.87599699068716        589.56409959543703        760.67943683829992     
   40.392358531509046        11.306344127231242        54.287226173054329        110.68546390683653        172.16828293594955        248.07051558351571        345.10804167473941        466.47909085564498        615.33271883529369        795.71725290739732     
   44.225147631630513        12.301624877571410        57.428687069045637        115.20279452431893        178.20617737872209        257.01799140287460        358.30747684520389        485.33837045437315        641.39474689952863        830.84512934876443     
   48.421626123015102        13.346929444950662        60.587733773295099        119.61592675797654        184.15108097045822        265.92308960735130        371.44926607320286        504.04932870878451        667.48314677654162        866.58188288108374     
   53.016304115627769        14.440760428919106        63.751381182492835        123.91872051246362        190.01331667604478        274.82381182693018        384.71867606249782        523.07925016326317        693.75232560687027        902.00518075594266     
   58.046966348054411        15.581221110189585        66.907396220257652        128.08979277275321        195.76417245807579        283.64130430598755        397.77823951225383        541.75023085478938        720.02260503196339        938.21466194063862     
   63.554982913623071        16.766021412165816        70.042272046185431        132.13886832981586        201.44703326992914        292.48853836765312        411.06885512334242        560.79809067959911        746.19993325631822        973.62386953452233     
   69.585649471004459        17.992452009545413        73.145047053631203        136.03041666204606        206.99218386877007        301.14585954836195        423.92970537925322        579.33014932832020        772.57088045466810        1010.0085031719181     
   76.188559737046049        19.257491644547969        76.201141561888832        139.80333219886614        212.52694760482291        309.93938399623971        437.16868886832037        598.17188157006410        798.33477104492817        1045.2187796101407     
   83.418013325063441        20.557703620447917        79.203341684970454        143.39057238546332        217.85581304399031        318.36317574986799        449.75638772125023        616.55545007617468        824.71955438797283        1081.3154605234820     
   91.333462282486295        21.889440813460546        82.133761307394309        146.87891111615025        223.26041741968891        327.07905809464881        462.79589348330552        634.89039273797357        849.84644661628602        1116.3266737929491     
   100.00000000000004        23.248569806502466        84.992999539630802        150.15491144430871        228.35172887710431        335.22815908678626        475.12626048791867        653.16939707111851        876.02673075816494        1151.5522479594888     
