   1.0000000000000002E-003   2.2852746468479882E-008   5.0637579785270913E-008   8.7449847217483140E-008   1.3070170812754524E-007   1.7729602460604367E-007   2.2429687166110942E-007   2.6943569310064774E-007   3.1132313029027870E-007   3.4918951347821013E-007
   1.0948889651276870E-003   3.2638923585325989E-008   7.2315591032472777E-008   1.2488195457848977E-007   1.8664495604747033E-007   2.5317897172760715E-007   3.2029448078840240E-007   3.8475028727258477E-007   4.4456266595235137E-007   4.9863388861816516E-007
   1.1987818459583783E-003   4.6595263841726043E-008   1.0322874754289347E-007   1.7825979280698380E-007   2.6641599762031300E-007   3.6138416168729093E-007   4.5718036616160867E-007   5.4918031407168072E-007   6.3455371284934465E-007   7.1173142739077544E-007
   1.3125330147352270E-003   6.6485912789375867E-008   1.4728294023408709E-007   2.5432529412207894E-007   3.8009468482756634E-007   5.1558017474005561E-007   6.5224796926260628E-007   7.8349948782222530E-007   9.0529514614008687E-007   1.0153996678285335E-006
   1.4370779141993756E-003   9.4811753259105744E-008   2.1001598139069435E-007   3.6264222792343236E-007   5.4196784494955802E-007   7.3514693089263026E-007   9.3001164381881614E-007   1.1171522189579381E-006   1.2908109099508382E-006   1.4477998195446227E-006
   1.5734407502856105E-003   1.3511802499394000E-007   2.9927810368117131E-007   5.1676098148821474E-007   7.7228839914352545E-007   1.0475559250881107E-006   1.3252225890536216E-006   1.5918827565773706E-006   1.8393312821303142E-006   2.0630257972589959E-006
   1.7227429147699432E-003   1.9241258355545616E-007   4.2615777431688686E-007   7.3582903733583437E-007   1.0996648217296414E-006   1.4916092147842003E-006   1.8869658257606948E-006   2.2666495671571258E-006   2.6189794159661247E-006   2.9374803638841125E-006
   1.8862122071335180E-003   2.7376856405860163E-007   6.0631606222244912E-007   1.0468725656977288E-006   1.5644977234241749E-006   2.1220966111296897E-006   2.6845513737407017E-006   3.2247056365801684E-006   3.7259396110359472E-006   4.1790466604199204E-006
   2.0651929314796274E-003   3.8914532520650075E-007   8.6180120178583150E-007   1.4879690893594935E-006   2.2236626405899449E-006   3.0161696350822783E-006   3.8155685147061039E-006   4.5832679875207760E-006   5.2956472334678446E-006   5.9396257548271869E-006
   2.2611569515367451E-003   5.5254211299209685E-007   1.2235999020485563E-006   2.1126098119712520E-006   3.1571022700328994E-006   4.2822433818045517E-006   5.4171599950413126E-006   6.5070636268056265E-006   7.5184226503382750E-006   8.4326626291683626E-006
   2.4757157946593421E-003   7.8356108283981439E-007   1.7351184891985686E-006   2.9956964386457648E-006   4.4767336607091440E-006   6.0721171870810471E-006   7.6813394901309957E-006   9.2267140648033374E-006   1.0660703176085537E-005   1.1956984682499839E-005
   2.7106339043648361E-003   1.1095820192462715E-006   2.4569530851520783E-006   4.2418577467361562E-006   6.3388817960143640E-006   8.5977814041590914E-006   1.0876249457591567E-005   1.3064287251071867E-005   1.5094576555339930E-005   1.6929845865320549E-005
   2.9678431503900389E-003   1.5687361525095151E-006   3.4734903194934513E-006   5.9967504618872625E-006   8.9612081826188940E-006   1.2154427649894837E-005   1.5375256246953294E-005   1.8468200170152507E-005   2.1338129069549327E-005   2.3932404813226967E-005
   3.2494587155918438E-003   2.2138755372978576E-006   4.9017308619118649E-006   8.4622718626872640E-006   1.2645330142304497E-005   1.7151086786028734E-005   2.1695694550265166E-005   2.6059789393526524E-005   3.0109153030376022E-005   3.3769473552711240E-005
   3.5577964903394962E-003   3.1179021873379622E-006   6.9029671056736599E-006   1.1916865829215984E-005   1.7807173820202414E-005   2.4151744435978217E-005   3.0550915921436206E-005   3.6695695516046164E-005   4.2397224237411978E-005   4.7551125972752987E-005
   3.8953921174427275E-003   4.3809929813248531E-006   9.6988832390924150E-006   1.6742997104306216E-005   2.5018194832417696E-005   3.3931339096976692E-005   4.2920868598887696E-005   5.1552989237644691E-005   5.9562272306174696E-005   6.6801694211145640E-005
   4.2650218442334201E-003   6.1400364930745573E-006   1.3592293447319742E-005   2.3463274625193424E-005   3.5058945356803522E-005   4.7548113111367399E-005   6.0143886122664899E-005   7.2238311051605515E-005   8.3459687678080728E-005   9.3602515908080853E-005
   4.6697253532797080E-003   8.5808759777989823E-006   1.8994337256932770E-005   3.2786916491013771E-005   4.8988738571418982E-005   6.6438272736893809E-005   8.4035896318689508E-005   1.0093282420694808E-004   1.1660958880739635E-004   1.3077821667099390E-004
   5.1128307594829414E-003   1.1954375913638152E-005   2.6459591848352359E-005   4.5670819852209283E-005   6.8236612883902485E-005   9.2539026710752943E-005   1.1704696738315068E-004   1.4057720584094885E-004   1.6240708623929098E-004   1.8213776388140824E-004
   5.5979819791232878E-003   1.6596707099571605E-005   3.6731501290007183E-005   6.3397007519151036E-005   9.4716782492452079E-005   1.2844495626109968E-004   1.6245662853610069E-004   1.9510971032197879E-004   2.2540138421169495E-004   2.5277861365737096E-004
   6.1291686959257363E-003   2.2955103188679552E-005   5.0798609895173329E-005   8.7670205823996822E-005   1.3097458058048851E-004   1.7760562843189087E-004   2.2462481496242370E-004   2.6976359575366874E-004   3.1163592402680840E-004   3.4947610613736922E-004
   6.7107591705751436E-003   3.1620194754063400E-005   6.9965444589498434E-005   1.2073941624672807E-004   1.8036670089133629E-004   2.4456966215073277E-004   3.0930167053687353E-004   3.7143982011135496E-004   4.2907750122756215E-004   4.8116180180422232E-004
   7.3475361634921530E-003   4.3364570447534878E-005   9.5938794985078868E-005   1.6554628586227120E-004   2.4728265704556941E-004   3.3528237992073393E-004   4.2399983483439393E-004   5.0915308093137926E-004   5.8813170603539647E-004   6.5949963075393598E-004
   8.0447362662841772E-003   5.9190197794973536E-005   1.3092989702742178E-004   2.2590032308922133E-004   3.3740627752290695E-004   4.5744120222410563E-004   5.7844180324302034E-004   6.9457035231900561E-004   8.0226792163137317E-004   8.9957777908336166E-004
   8.8080929653170624E-003   8.0382147460910118E-005   1.7777460180415253E-004   3.0668465949433555E-004   4.5801889311920628E-004   6.2090612678887753E-004   7.8508081061529967E-004   9.4262931306077961E-004   1.0887235352495604E-003   1.2207030719765478E-003
   9.6438837915444661E-003   1.0857022246342946E-004   2.4006448417730926E-004   4.1408268726562562E-004   6.1833812795887100E-004   8.3815223160158990E-004   1.0596708239662953E-003   1.2722111581729358E-003   1.4692696880559699E-003   1.6472774589526044E-003
   1.0558981944335792E-002   1.4579307060828768E-004   3.2229203113077202E-004   5.5582050156497472E-004   8.2987380682148480E-004   1.1247497446384821E-003   1.4218522463804581E-003   1.7068634908659816E-003   1.9710786249632407E-003   2.2097207398962034E-003
   1.1560912813835747E-002   1.9456209365389571E-004   4.2998297273938045E-004   7.4139786238128019E-004   1.1067709554763473E-003   1.4998216767098823E-003   1.8957531253171534E-003   2.2754935311586565E-003   2.6274618270289286E-003   2.9453098840126050E-003
   1.2657915866672035E-002   2.5791236744832861E-004   5.6981066380986777E-004   9.8227490964882739E-004   1.4660794967900218E-003   1.9863908769476367E-003   2.5104042727668247E-003   3.0128798925318804E-003   3.4784972441309048E-003   3.8988903252647083E-003
   1.3859012403933871E-002   3.3941923210045884E-004   7.4962040931376734E-004   1.2919099406513788E-003   1.9278039681058872E-003   2.6114814539266030E-003   3.2998214197175872E-003   3.9596931417571436E-003   4.5710226815791786E-003   5.1228701013951898E-003
   1.5174079748634946E-002   4.4315218634883598E-004   9.7832745821388001E-004   1.6855739711549066E-003   2.5146110620331290E-003   3.4056607947907046E-003   4.3024840797630552E-003   5.1619658166638695E-003   5.9580150436128292E-003   6.6764090326788244E-003
   1.6613932472747905E-002   5.7411189654786371E-004   1.2668712767705257E-003   2.1819952576002700E-003   3.2542852626920656E-003   4.4063381684350082E-003   5.5654442093035677E-003   6.6759269089125758E-003   7.7041422534751972E-003   8.6318048502529825E-003
   1.8190411331788243E-002   7.3566455647324435E-004   1.6225590167755620E-003   2.7935851482046728E-003   4.1651230347162678E-003   5.6380419266770640E-003   7.1194019989508084E-003   8.5381169808493099E-003   9.8512858124359427E-003   1.1035656709879103E-002
   1.9916480638308576E-002   9.3276238830233133E-004   2.0561450380400994E-003   3.5386457289756329E-003   5.2741405819613152E-003   7.1370546439923545E-003   9.0098594383716517E-003   1.0802694653687437E-002   1.2461530714292861E-002   1.3957294568662361E-002
   2.1806334875063296E-002   1.1684629788518864E-003   2.5741371327152513E-003   4.4281010928349336E-003   6.5972881022166880E-003   8.9245765803299612E-003   1.1263117910193209E-002   1.3500845530910755E-002   1.5570546067261335E-002   1.7436180531695895E-002
   2.3875515424585839E-002   1.4466902191750998E-003   3.1849253109240360E-003   5.4760820952638864E-003   8.1552644987745778E-003   1.1028208299995056E-002   1.3913566555574857E-002   1.6673395903455384E-002   1.9225100011518607E-002   2.1524391298929892E-002
   2.6141038375114913E-002   1.7688803117174594E-003   3.8913743794103889E-003   6.6871857793611546E-003   9.9545203846479312E-003   1.3456221814151108E-002   1.6971359187419349E-002   2.0332176176386624E-002   2.3438373601016922E-002   2.6236299033648113E-002
   2.8621534453892730E-002   2.1354417425697748E-003   4.6940770769922369E-003   8.0620048362495603E-003   1.1995594971581159E-002   1.6209056196445474E-002   2.0436764448979912E-002   2.4477171667483935E-002   2.8210167454575771E-002   3.1571910166736071E-002
   3.1337402238589059E-002   2.5479437499860156E-003   5.5961091199906825E-003   9.6055643486322416E-003   1.4285650854491591E-002   1.9296216957284864E-002   2.4321526565197465E-002   2.9122647144874874E-002   3.3557405274460071E-002   3.7550237363794224E-002
   3.4310975906798831E-002   3.0124459470436127E-003   6.6103936012766960E-003   1.1339642360943907E-002   1.6856930967877014E-002   2.2761286701122544E-002   2.8681122167936099E-002   3.4335327388733010E-002   3.9557101802856057E-002   4.4258221748756869E-002
   3.7566708903115982E-002   3.5401730007956094E-003   7.7612725485484112E-003   1.3305727896840399E-002   1.9771103545058979E-002   2.6687824567782282E-002   3.3621320961928922E-002   4.0243091972652099E-002   4.6358175027847635E-002   5.1863352441520107E-002
   4.1131375034185735E-002   4.1588429979470144E-003   9.1089882559154921E-003   1.5606909962288917E-002   2.3181396691149259E-002   3.1283367224825283E-002   3.9404708726543905E-002   4.7161464975643670E-002   5.4325591123582630E-002   6.0776069562224311E-002
   4.5034288645458394E-002   4.9227970336253920E-003   1.0771983559816829E-002   1.8445560421987046E-002   2.7388576384403111E-002   3.6954433269102679E-002   4.6544704750398111E-002   5.5706822064554684E-002   6.4171627749762844E-002   7.1795886519860630E-002
   4.9307545690287481E-002   5.9004799274825709E-003   1.2899061928303928E-002   2.2076128673528015E-002   3.2770376779794781E-002   4.4211787134406953E-002   5.5686507050944183E-002   6.6653896751386540E-002   7.6791628337361736E-002   8.5927216746970084E-002
   5.3986287673825017E-002   7.1614739841660358E-003   1.5641091438815990E-002   2.6756034002011549E-002   3.9709551047646167E-002   5.3573331539123727E-002   6.7485446597444959E-002   8.0791027176299671E-002   9.3098157793498185E-002  0.10419586906900560     
   5.9108990642279875E-002   8.7776756682675441E-003   1.9153792615173439E-002   3.2751077398609350E-002   4.8601680336073996E-002   6.5576005083194847E-002   8.2622690146287051E-002   9.8939585795713478E-002  0.11404425978697591       0.12767492661830362     
   6.4717781594067936E-002   1.0711865329166100E-002   2.3354889498968492E-002   3.9922239302992414E-002   5.9244604680868243E-002   7.9954622307631423E-002  0.10077466060670706       0.12072491621668788       0.13921195457961058       0.15591047863758192     
   7.0858784914888756E-002   1.2798396153057390E-002   2.7884158497853365E-002   4.7657867858622284E-002   7.0741156598975424E-002   9.5514059328020540E-002  0.12045551055629074       0.14439040265477929       0.16660017035945657       0.18668526913277092     
   7.7582501685667909E-002   1.4712602439711330E-002   3.2038232783321206E-002   5.4766149315244241E-002   8.1340745286601610E-002  0.10991903949863595       0.13875567655640383       0.16648775111216493       0.19227118502924134       0.21562829778110446     
   8.4944224982638025E-002   1.6244559795054611E-002   3.5366414348943755E-002   6.0491062710906027E-002   8.9944370469708615E-002  0.12171862729476465       0.15388507742156365       0.18491527565431284       0.21384431533718232       0.24011243266150917     
   9.3004494584813954E-002   1.7593115437819135E-002   3.8307103612931173E-002   6.5592805232825166E-002   9.7701666488478611E-002  0.13249274150908241       0.16786756370817704       0.20212897739846938       0.23418073580710419       0.26336862709152364     
  0.10182959482819059        1.9483929549371629E-002   4.2441277798861497E-002   7.2780028386653844E-002  0.10864486749919942       0.14770071140098298       0.18760114922562057       0.22640478927953275       0.26282802501152419       0.29608673720322598     
  0.11149209970080924        2.2859958629891083E-002   4.9818603031223249E-002   8.5560532147168245E-002  0.12799480392704693       0.17440611781813156       0.22200036164909878       0.26842121838991212       0.31208586273673783       0.35201581002583876     
  0.12207146966133181        2.7775075962803635E-002   6.0563779662059135E-002  0.10417530270009466       0.15615713880287724       0.21321397873232656       0.27187838270600406       0.32918920350094383       0.38314492052705212       0.43250714865937323     
  0.13365470508911154        3.2311423137863900E-002   7.0540530219369568E-002  0.12163387194880571       0.18287181299827687       0.25041646198470219       0.32010801710794973       0.38834508070361851       0.45267762350724178       0.51158490604003026     
  0.14633706173946351        3.4627563815709139E-002   7.5792131977138341E-002  0.13126484095111207       0.19836957883009457       0.27297953604450309       0.35042894511070222       0.42658781870687096       0.49861288499217887       0.56472954935260822     
  0.16022283408774773        3.6674694214484382E-002   8.0571481672942799E-002  0.14036508429662509       0.21350982738431593       0.29557388501149273       0.38131211050756236       0.46600565998598648       0.54638636481839986       0.62040221698579301     
  0.17542621300415920        4.2441016230926012E-002   9.3553498145013181E-002  0.16377684321732483       0.25031636934935159       0.34784415618004755       0.44996803129982221       0.55098751869080154       0.64698816334989984       0.73551457332308545     
  0.19207222481239303        4.9952035494007820E-002  0.11052131500319377       0.19443168846666881       0.29845147967953667       0.41599176469167776       0.53920082992938556       0.66119235268058085       0.77728988726764736       0.88455131480244109     
  0.21029775945461360        5.3459602759928025E-002  0.11909095058653206       0.21134575805099234       0.32701243345124126       0.45867962042292892       0.59747525586631123       0.73564744520280312       0.86787171113402151       0.99068922185205677     
  0.23025269621793309        5.7831374589276417E-002  0.12987549776160323       0.23269328020076108       0.36296127385533067       0.51226990154463281       0.67064325222109789       0.82934338397357055       0.98221462434830520        1.1250816074452350     
  0.25210113627991265        6.7010018304460073E-002  0.15154109491061613       0.27338996666310639       0.42849440786110682       0.60680968746699793       0.79673732200235459       0.98802390548883334        1.1732149577681363        1.3472894686420003     
  0.27602275220902728        7.2311455789191056E-002  0.16532399477318585       0.30153490406616340       0.47669173623630390       0.67990089759227679       0.89848896463146977        1.1210557074787240        1.3378491491506137        1.5428776792185661     
  0.30221426551783803        7.9815295073857345E-002  0.18454825568476230       0.34002237747354969       0.54175888685527351       0.77808763587286189        1.0352095348476666        1.2985687323199524        1.5577184904571755        1.8042516982402765     
  0.33089106441964966        8.8807779754162056E-002  0.20779181036949379       0.38663934683976969       0.62100084673132994       0.89866808352519467        1.2037769249976062        1.5194513715796727        1.8321792788875491        2.1313724015265780     
  0.36228897509242902        9.6785940757352043E-002  0.22969885937501808       0.43253753035091896       0.70214103727702959        1.0264136574314562        1.3868506222416204        1.7636714346897768        2.1398363754098164        2.5020121204014227     
  0.39666620101612027       0.10711172966471273       0.25778072315036543       0.49107618914520340       0.80615689713666783        1.1900755439885082        1.6219968016503401        2.0773424241802436        2.5349925109160765        2.9781376289084291     
  0.43430544633167090       0.11748948150254965       0.28718066745244808       0.55464125177080403       0.92247051359025756        1.3779069665893855        1.8959588482985132        2.4468203111379099        3.0043118120513954        3.5472363053028930     
  0.47551624068340170       0.12894022996941198       0.32040631743253922       0.62847587416622253        1.0606327365663728        1.6038206149468999        2.2282618407075732        2.8976405760453812        3.5794736569269139        4.2471005459210716     
  0.52063748466325777       0.14185080658635935       0.35870676343323932       0.71593336558162579        1.2270561758780258        1.8785711328537575        2.6348832246598883        3.4515971502106022        4.2884043138257226        5.1118408712450485     
  0.57004023678963622       0.15568690222745504       0.40145179056951824       0.81709000461648762        1.4239540079025534        2.2077172131809681        3.1258334998034214        4.1239166779423675        5.1520498599728670        6.1684478086819672     
  0.62413076493974640       0.17088914110817641       0.45036105563254697       0.93654977577413501        1.6602312114315791        2.6062024545574518        3.7232001270077135        4.9445458802714510        6.2085935401836965        7.4634149850115064     
  0.68335388732923041       0.18767294519542740       0.50688453636564612        1.0784913626235588        1.9448487493287014        3.0894720488264702        4.4501161353085408        5.9450247379083914        7.4984024449553370        9.0461716042688032     
  0.74819663051388374       0.20623157888163707       0.57246483762433076        1.2476722293154556        2.2880578661077733        3.6750794151360755        5.3326326919367748        7.1606214878779140        9.0663893769994992        10.971493146444638     
  0.81919223449536838       0.22683218484211279       0.64906412184482210        1.4498629664715734        2.7020358964215432        4.3834439501439846        6.4005044744804787        8.6310383427632900        10.962597660915359        13.300035310729475     
  0.89692453786727211       0.24984891077898014       0.73900202123894043        1.6920881149849634        3.2011517324579200        5.2380263800657607        7.6871872247271114        10.400174888464823        13.241698887246308        16.097545482782206     
  0.98203277906312625       0.27579453095187412       0.84514346043679334        1.9827357473451910        3.8020591265171970        6.2652311114137804        9.2294019685660764        12.515317453424853        15.961817184174706        19.433326968718866     
   1.0752168531898927       0.30520372949821906       0.97093334311764168        2.3316253053063272        4.5235785198957199        7.4939467098131125        11.066274479940898        15.025819069064013        19.182767513493605        23.378143281205638     
   1.1772430676769294       0.33882930657520788        1.1204737079668914        2.7500527535191903        5.3865287454732638        8.9550142022201324        13.238335311957400        17.981686802198752        22.964303475411189        28.002111178436596     
   1.2889504440725368       0.37750128862792559        1.2986075332432707        3.2508223017724758        6.4134925874973927        10.680510447524481        15.786378625077763        21.432126562603901        27.364440017616108        33.372942385845228     
   1.4112576178114535       0.42222501898869347        1.5110256143666632        3.8482548649665635        7.6284635714691014        12.703069104520393        18.750495659770813        25.424421917802558        32.438386056494160        39.555021011136198     
   1.5451703926941469       0.47423429795122213        1.7643812153713221        4.5581469810148976        9.0564704918848644        15.055114690847976        22.169187935280661        30.003209702122248        38.238094270037898        46.609254869181250     
   1.6917900122028373       0.53499379369707267        2.0662581377717144        5.3974259421613269        10.722776707923385        17.767806710166379        26.078373816965737        35.209790746970633        44.812098599085914        54.593667043140314     
   1.8523222156741213       0.60626177157571137        2.4252348461064925        6.3839810419418352        12.652404673312905        20.870557351620818        30.511258368949669        41.082745081907099        52.206979157613453        63.565440976466384     
   2.0280871538024625       0.69012266193721605        2.8508552632312765        7.5362529009501129        14.869516981676053        24.390590824144599        35.498518908797678        47.658879870055614        60.469009436967006        73.583298020959887     
   2.2205302450155360       0.78902792625269147        3.3535479048442962        8.8728738900688811        17.396925274179271        28.352807022490037        41.068942968217250        54.974684276033280        69.646149830960113        84.709636187452247     
   2.4312340619997870       0.90584816778759047        3.9445476141611504        10.412283200528098        20.255876555470742        32.780212085526479        47.250626131146312        63.068090590559592        79.789894925663162        97.012064379500629     
   2.6619313461261318        1.0439044981401395        4.6357242384845430        12.172415214360921        23.465827535462850        37.694294650070695        54.072070079243389        71.979678281433962        90.955867434689935        110.56321495989246     
   2.9145192568009906        1.2069965922852401        5.4394093344549477        14.170311278129329        27.044545364542387        43.115802946515046        61.563373799381736        81.753372186648406        103.20354550836907        125.43965346529022     
   3.1910749729235515        1.3994137392477517        6.3681502502505136        16.421938202973024        31.008213362855063        49.065606026604890        69.756826991840640        92.435960994296750        116.59482734116436        141.72006262628713     
   3.4938727747491285        1.6259514149068575        7.4345703640091836        18.942053930400974        35.371855839507681        55.565450217137929        78.687297952557955        104.07618891217653        131.19273959911814        159.48523913991474     
   3.8254027466328799        1.8918987068153861        8.6511013483150627        21.744129682532982        40.149721034790097        62.638598185935031        88.391519202340973        116.72334699426347        147.06118152950359        178.81918539680902     
   4.1883912544574775        2.2029934637821760        10.029849877364137        24.840335442552465        45.355818239337800        70.310168529482965        98.907096791271968        130.42648031047221        164.26608991962820        199.81199345073315     
   4.5858233661428098        2.5654032465150340        11.582441931523936        28.241599885676361        51.004452995410944        78.606876729084178        110.27141694427397        145.23529568767492        182.87787989150414        222.56130635261502     
   5.0209673996144657        2.9856321506159342        13.319837078111801        31.957671557535800        57.110668012492120        87.556308071237723        122.52111374284354        161.20174887671914        202.97246811905458        247.17118408702709     
   5.4974018001037450        3.4704702825897482        15.252248466221774        35.997249570729856        63.690692751070287        97.185932757599460        135.69287218450040        178.38190588123294        224.63056832656258        273.74832993563479     
   6.0190445678066622        4.0269132603629103        17.389106784977745        40.368343017281852        70.762096352977565        107.52240214263639        149.82521196930196        196.83609816693641        247.93456193889770        302.39574743514413     
   6.5901854779032725        4.6620746345602209        19.738935046678286        45.078447512378048        78.343485128106849        118.59149869486940        164.95978076540001        216.62670605543070        272.96295623728150        333.20601708019626     
   7.2155213579010242        5.3830970276400638        22.309289642140953        50.134900769590516        86.453927799816867        130.41911760692105        181.14117460184005        237.81432614018931        299.78542712829250        366.26445532311806     
   7.9001947124089602        6.1970692308614321        25.106730307761445        55.545355961483850        95.111903070691369        143.03286209995463        198.41534005107570        260.45299233580488        328.46587358214828        401.66479697145985     
   8.6498360129766851        7.1109574252894232        28.136789330494999        61.318168310070902        104.33504815662948        156.46319678463058        216.82613379992898        284.58925726240392        359.07526060582410        439.51412762491316     
   9.4706100007722398        8.1315280682624671        31.403983924560343        67.462669128402126        114.14003059363303        170.74265823471492        236.41173103315342        310.27165053664129        391.69491737370686        479.91421661414239     
   10.369266382873457        9.2652570235061749        34.911753771231872        73.989189343183071        124.54358980716071        185.90396415004801        257.20475069965698        337.55894392569365        426.40098261564600        522.94403886903092     
   11.353195339077612        10.518333689142638        38.662725915775965        80.909035586190299        135.56434021083692        201.97723093452575        279.24061533735050        366.51233568425619        463.25216720540431        568.68102341204326     
   12.430488295695186        11.896481652251898        42.658537019336499        88.233472107830565        147.22300991616453        218.98669891039677        302.56230349987061        397.17919977096528        502.30641618620524        617.22405603910431     
   13.610004466105526        13.405043181418835        46.900318999134193        95.973496975939497        159.54231087853657        236.95391944595164        327.21312011311909        429.59625481467998        543.63730944001145        668.65552373474009     
   14.901443705277449        15.048814961760394        51.388738130078110        104.13901166836604        172.54490673052339        255.90492249410130        353.22554246078710        463.81364570032974        587.30434315567118        723.03990375298235     
   16.315426277379739        16.832022843310369        56.124334385309659        112.73916271499057        186.25087881172766        275.87136017101204        380.62708284326084        499.88593074281937        633.35855752918178        780.47043020614842     
   17.863580192457370        18.758379869923822        61.108130218466407        121.78368917421233        200.67536202796364        296.88227894966224        409.45441254092185        537.84808934263197        681.86884547743375        841.01149586607903     
   19.558636830395095        20.830970324717001        66.341850575181255        131.28385580108937        215.83049034765858        318.95815364752059        439.74138170942371        577.74048618988286        732.87769619577693        904.72976155520598     
   21.414535638539547        23.052212679829626        71.828223533002728        141.25326752177716        231.73373822626468        342.11851316061922        471.51421606488503        619.60448141127927        786.43791955365350        971.69627254633542     
   23.446538763970572        25.423860454636998        77.571283641152391        151.70767130739023        248.41001190802993        366.38783972980536        504.81085256200913        663.48085383928867        842.60772478815068        1041.9884539629352     
   25.671356563109935        27.946965389932831        83.576217344427249        162.66248642387077        265.87877812815873        391.78656625645323        539.65580747152069        709.42009915521635        901.44779356084507        1115.6708711424901     
   28.107285020807289        30.621747700175426        89.849023928836544        174.12948525104258        284.14682098921355        418.33857876103127        576.06140025152911        757.43930480761640        962.99223784055562        1192.7855186818801     
   30.774356208980628        33.447723862998885        96.395617135575250        186.11784566796553        303.22811188716759        446.07351898011706        614.06633890739954        807.55465253723878        1027.2470193690710        1273.3588573679392     
   33.694503022121602        36.423560953602887        103.22111883072557        198.63748071340103        323.15247836126974        474.99339375992247        653.72569912865902        859.84207120285907        1094.3156076421928        1357.5780391746339     
   36.891739544382439        39.547087480511507        110.33040996709502        211.70072237531556        343.93181455760242        505.10552236413724        695.04883679238526        914.38910008484527        1164.3325209699703        1445.4730138700313     
   40.392358531509046        42.815374416012048        117.72879826428284        225.32047433586669        365.55952054769159        536.47026582563319        737.98307265365293        971.09326039932648        1237.1187348561059        1536.8046139538617     
   44.225147631630513        46.225049850119326        125.42135806408601        239.51088405000547        388.06265531915966        569.13018805954823        782.65044414056820        1029.9632069806951        1312.7301238578691        1632.0472908024831     
   48.421626123015102        49.772699769730430        133.41379588584866        254.28588339624230        411.48858095989954        603.00521997264002        829.18565917446062        1091.3671279842251        1391.6729158791288        1731.3544139352755     
   53.016304115627769        53.454883655928818        141.71550256606608        269.64887029802310        435.82741343943832        638.12364101334038        877.34702514816195        1155.0762045471392        1473.4685196572630        1833.9252341673975     
   58.046966348054411        57.268159304221136        150.33900929956130        285.58868472598488        461.01158322976977        674.69996647506321        927.17739356719460        1220.7810968437636        1557.9426929392805        1940.6802904511537     
   63.554982913623071        61.208463987122713        159.29417388860861        302.12127269528577        487.15516759020949        712.58667498906357        979.19006244222771        1289.3759253284529        1646.3192418762596        2052.0972616021677     
   69.585649471004459        65.270877889758495        168.58275820556926        319.29838948536053        514.32971812016604        751.55780212125705        1032.8675439608803        1360.4502533369409        1737.5242425786751        2166.2599027547863     
   76.188559737046049        69.451327154894230        178.21319886356289        337.09270150999384        542.31601854500275        792.16913558791703        1088.0176405238856        1433.2645287812240        1831.2493290147688        2285.2337856622544     
   83.418013325063441        73.747770725537549        188.20270983874980        355.44365529264024        571.20645151005544        834.23144946856235        1145.7534846316678        1509.3724716273152        1929.6067813408085        2409.3291999585540     
   91.333462282486295        78.160314078180505        198.53680406778096        374.52294039520530        601.36662826901170        877.21844494995116        1205.0965881229542        1588.1182201854979        2030.4398473347351        2535.2770379066219     
   100.00000000000004        82.690475359493291        209.20643059902090        394.28816966724310        632.33488893267156        922.02294606016358        1265.8103419878810        1668.2228992373266        2133.9216231634255        2667.5629877514998     
